0 0.39140625 0.4953125 0.0265625 0.1046875
0 0.52734375 0.66953125 0.084375 0.5890625
0 0.69609375 0.57890625 0.1015625 0.35
0 0.45390625 0.61640625 0.06875 0.4296875
0 0.2234375 0.4796875 0.021875 0.1015625
0 0.27421875 0.46953125 0.015625 0.1
0 0.2515625 0.47109375 0.015625 0.0953125
0 0.20390625 0.4609375 0.021875 0.096875
0 0.3578125 0.5015625 0.0328125 0.1734375
0 0.9609375 0.546875 0.078125 0.3453125
0 0.58671875 0.4640625 0.03125 0.10625
0 0.40703125 0.4515625 0.0125 0.065625
0 0.3203125 0.4515625 0.0109375 0.0546875
0 0.32890625 0.45 0.009375 0.05625
0 0.265625 0.465625 0.0125 0.0765625
0 0.31171875 0.45390625 0.0109375 0.0578125
0 0.2984375 0.45546875 0.009375 0.0578125
0 0.2921875 0.45 0.0125 0.059375
0 0.3125 0.42109375 0.0109375 0.040625
0 0.31796875 0.41796875 0.009375 0.0390625