0 0.5 0.49765625 0.0515625 0.1015625
0 0.38984375 0.49296875 0.0296875 0.10625
0 0.61484375 0.65546875 0.1109375 0.5625
0 0.53984375 0.628125 0.0671875 0.4765625
0 0.44765625 0.471875 0.028125 0.0703125
0 0.428125 0.46796875 0.0296875 0.05625
0 0.25390625 0.4703125 0.0203125 0.1015625
0 0.225 0.48046875 0.0234375 0.0953125
0 0.31171875 0.54296875 0.0703125 0.3359375
0 0.19375 0.54609375 0.053125 0.2890625
0 0.1390625 0.58203125 0.1125 0.3421875
0 0.0484375 0.57421875 0.096875 0.340625
0 0.375 0.45078125 0.0125 0.0640625
0 0.35 0.46015625 0.0140625 0.0671875
0 0.36484375 0.459375 0.009375 0.065625
0 0.26328125 0.46171875 0.0125 0.0765625