0 0.5 0.49765625 0.0515625 0.1015625
0 0.36484375 0.546875 0.053125 0.284375
0 0.5578125 0.496875 0.0203125 0.1015625
0 0.57578125 0.5 0.01875 0.10625
0 0.66328125 0.45859375 0.0203125 0.0921875
0 0.5328125 0.4578125 0.0203125 0.096875
0 0.5796875 0.45546875 0.0203125 0.1
0 0.4953125 0.45546875 0.0234375 0.10625
0 0.3171875 0.57578125 0.0625 0.3328125
0 0.41328125 0.5296875 0.04375 0.2203125
0 0.44765625 0.471875 0.028125 0.0703125
0 0.27265625 0.47578125 0.01875 0.0859375
0 0.26640625 0.46953125 0.015625 0.096875
0 0.2453125 0.4796875 0.021875 0.0953125
0 0.2046875 0.46015625 0.021875 0.096875
0 0.23359375 0.46171875 0.01875 0.078125
0 0.3078125 0.409375 0.0109375 0.040625