0 0.55703125 0.49921875 0.0203125 0.096875
0 0.575 0.49921875 0.0203125 0.1046875
0 0.365625 0.50390625 0.025 0.1
0 0.459375 0.646875 0.1375 0.54375
0 0.60859375 0.56953125 0.059375 0.3203125
0 0.2328125 0.48046875 0.025 0.1015625
0 0.27578125 0.46875 0.0171875 0.1015625
0 0.25703125 0.47109375 0.015625 0.0953125
0 0.225 0.48125 0.025 0.09375
0 0.20390625 0.4609375 0.021875 0.096875
0 0.33203125 0.49921875 0.028125 0.1671875
0 0.6265625 0.5390625 0.05625 0.2859375
0 0.559375 0.46875 0.0234375 0.115625
0 0.3484375 0.4609375 0.0140625 0.0671875
0 0.3640625 0.45859375 0.0109375 0.0640625
0 0.3140625 0.45390625 0.0109375 0.0578125
0 0.3 0.45546875 0.0109375 0.0578125
0 0.29140625 0.45078125 0.0125 0.0609375
0 0.31015625 0.41640625 0.009375 0.040625
0 0.31640625 0.41328125 0.009375 0.0390625