0 0.5 0.49765625 0.0515625 0.1015625
0 0.96796875 0.58671875 0.0640625 0.4609375
0 0.34765625 0.5359375 0.046875 0.25
0 0.5578125 0.496875 0.0203125 0.1015625
0 0.57578125 0.5 0.0171875 0.10625
0 0.66484375 0.459375 0.0171875 0.09375
0 0.534375 0.4609375 0.0203125 0.1078125
0 0.58125 0.45625 0.0203125 0.1
0 0.49375 0.4546875 0.0234375 0.10625
0 0.27890625 0.55390625 0.059375 0.2984375
0 0.36875 0.51953125 0.0390625 0.19375
0 0.7921875 0.45703125 0.028125 0.11875
0 0.44765625 0.471875 0.028125 0.0703125
0 0.428125 0.46796875 0.0296875 0.05625
0 0.20546875 0.46015625 0.021875 0.096875
0 0.228125 0.46328125 0.0203125 0.078125
0 0.31328125 0.48203125 0.0203125 0.125
0 0.5171875 0.4484375 0.0109375 0.05
0 0.30546875 0.41171875 0.0109375 0.0390625
0 0.3140625 0.41015625 0.009375 0.0390625