0 0.5 0.49765625 0.0515625 0.1015625
0 0.353125 0.54375 0.0515625 0.275
0 0.5578125 0.496875 0.0203125 0.1015625
0 0.57578125 0.5 0.01875 0.10625
0 0.66484375 0.459375 0.0171875 0.09375
0 0.5328125 0.45859375 0.0203125 0.1015625
0 0.5796875 0.45546875 0.0203125 0.1
0 0.49375 0.4546875 0.0234375 0.10625
0 0.3140625 0.56796875 0.0578125 0.31875
0 0.40078125 0.52421875 0.0453125 0.209375
0 0.44765625 0.471875 0.028125 0.0703125
0 0.428125 0.46796875 0.0296875 0.05625
0 0.265625 0.46953125 0.015625 0.096875
0 0.25 0.47734375 0.021875 0.09375
0 0.2046875 0.46015625 0.021875 0.096875
0 0.23125 0.4609375 0.01875 0.0765625
0 0.56015625 0.45546875 0.0171875 0.071875
0 0.5171875 0.4484375 0.0109375 0.05
0 0.30703125 0.4109375 0.009375 0.0390625