0 0.0578125 0.56875 0.06875 0.2421875
0 0.88984375 0.67421875 0.159375 0.6515625
0 0.75625 0.68828125 0.1296875 0.603125
0 0.44765625 0.471875 0.028125 0.0703125
0 0.21171875 0.48046875 0.025 0.1046875
0 0.2265625 0.47890625 0.0234375 0.09375
0 0.20390625 0.4609375 0.021875 0.096875
0 0.48046875 0.515625 0.0484375 0.2765625
0 0.56953125 0.5171875 0.0515625 0.2234375
0 0.51171875 0.540625 0.071875 0.2609375
0 0.41015625 0.5234375 0.05625 0.246875
0 0.975 0.6046875 0.05 0.490625
0 0.36953125 0.47109375 0.021875 0.11875
0 0.621875 0.453125 0.01875 0.0796875
0 0.59453125 0.4625 0.0203125 0.0859375
0 0.3421875 0.4625 0.015625 0.084375
0 0.35390625 0.46015625 0.0140625 0.0671875
0 0.30546875 0.459375 0.015625 0.0734375
0 0.28828125 0.4609375 0.0140625 0.0703125
0 0.24375 0.45859375 0.0140625 0.06875
0 0.2953125 0.428125 0.0078125 0.0296875