0 0.5 0.49765625 0.0515625 0.1015625
0 0.384375 0.55390625 0.0515625 0.3
0 0.55703125 0.496875 0.0203125 0.1015625
0 0.575 0.49921875 0.01875 0.1046875
0 0.64453125 0.4578125 0.0203125 0.0921875
0 0.53203125 0.45703125 0.01875 0.0921875
0 0.578125 0.4546875 0.0203125 0.1
0 0.50546875 0.45546875 0.021875 0.10625
0 0.33515625 0.590625 0.0734375 0.3796875
0 0.440625 0.5359375 0.046875 0.2421875
0 0.26328125 0.48046875 0.01875 0.096875
0 0.22890625 0.47890625 0.03125 0.0953125
0 0.20390625 0.46015625 0.021875 0.096875
0 0.24375 0.4609375 0.01875 0.0765625
0 0.45390625 0.509375 0.0390625 0.21875
0 0.5859375 0.45859375 0.0171875 0.0796875
0 0.29765625 0.45390625 0.0125 0.06875
0 0.28203125 0.453125 0.015625 0.0640625