0 0.365625 0.50390625 0.0234375 0.1
0 0.571875 0.65859375 0.090625 0.5796875
0 0.9 0.6140625 0.0828125 0.4453125
0 0.50078125 0.63125 0.0734375 0.4859375
0 0.44765625 0.471875 0.028125 0.0703125
0 0.209375 0.48046875 0.021875 0.103125
0 0.271875 0.4703125 0.01875 0.1
0 0.2359375 0.47109375 0.015625 0.1
0 0.22421875 0.48046875 0.025 0.0953125
0 0.20390625 0.4609375 0.021875 0.096875
0 0.03046875 0.58046875 0.0609375 0.4234375
0 0.421875 0.50625 0.0375 0.1953125
0 0.8671875 0.565625 0.0765625 0.375
0 0.7265625 0.521875 0.05625 0.259375
0 0.62421875 0.46015625 0.0234375 0.0984375
0 0.44609375 0.446875 0.0125 0.065625
0 0.33203125 0.45078125 0.009375 0.05625
0 0.3484375 0.46015625 0.0140625 0.0671875
0 0.3640625 0.459375 0.0109375 0.065625
0 0.30703125 0.45234375 0.0125 0.0546875
0 0.296875 0.453125 0.0125 0.0546875
0 0.315625 0.4484375 0.0125 0.0515625
0 0.284375 0.45078125 0.0109375 0.05625
0 0.31484375 0.42734375 0.009375 0.040625