0 0.5 0.49765625 0.0515625 0.1015625
0 0.61015625 0.65390625 0.1015625 0.559375
0 0.54609375 0.628125 0.0671875 0.4765625
0 0.44765625 0.471875 0.028125 0.0703125
0 0.428125 0.46796875 0.0296875 0.05625
0 0.21015625 0.48046875 0.028125 0.1046875
0 0.20390625 0.4609375 0.021875 0.096875
0 0.3734375 0.5328125 0.0796875 0.3109375
0 0.29765625 0.540625 0.078125 0.271875
0 0.246875 0.5609375 0.05625 0.303125
0 0.153125 0.56171875 0.0765625 0.3203125
0 0.471875 0.48671875 0.0328125 0.1640625
0 0.50078125 0.45078125 0.0140625 0.071875