0 0.47890625 0.5765625 0.0765625 0.3546875
0 0.40234375 0.64609375 0.08125 0.528125
0 0.565625 0.55703125 0.075 0.29375
0 0.24140625 0.48046875 0.0203125 0.1
0 0.275 0.4703125 0.015625 0.0984375
0 0.259375 0.471875 0.015625 0.0953125
0 0.22421875 0.48046875 0.025 0.096875
0 0.20390625 0.46015625 0.021875 0.096875
0 0.31953125 0.49609375 0.0296875 0.15625
0 0.6296875 0.459375 0.0171875 0.090625
0 0.34921875 0.46171875 0.0140625 0.0671875
0 0.30078125 0.45625 0.0109375 0.059375
0 0.290625 0.45078125 0.0125 0.0640625
0 0.31015625 0.4125 0.009375 0.040625
0 0.31484375 0.41015625 0.009375 0.0390625