0 0.5 0.49765625 0.0515625 0.1015625
0 0.3890625 0.49296875 0.0296875 0.1078125
0 0.61640625 0.65546875 0.1140625 0.5625
0 0.53984375 0.628125 0.0671875 0.4765625
0 0.44765625 0.471875 0.028125 0.0703125
0 0.428125 0.46796875 0.0296875 0.05625
0 0.253125 0.46953125 0.01875 0.1015625
0 0.31875 0.54375 0.075 0.3328125
0 0.215625 0.54609375 0.0609375 0.28125
0 0.15625 0.5796875 0.0828125 0.3359375
0 0.053125 0.57265625 0.10625 0.3421875
0 0.50859375 0.49140625 0.0359375 0.178125
0 0.375 0.45078125 0.0125 0.0625
0 0.36484375 0.459375 0.009375 0.065625
0 0.27265625 0.45546875 0.0125 0.0625
0 0.26328125 0.4609375 0.0125 0.0765625