0 0.01484375 0.55625 0.0296875 0.146875
0 0.91328125 0.67109375 0.1625 0.65625
0 0.78671875 0.6875 0.1109375 0.6015625
0 0.2109375 0.48046875 0.0265625 0.1046875
0 0.22734375 0.47890625 0.0234375 0.09375
0 0.20390625 0.4609375 0.021875 0.096875
0 0.48984375 0.515625 0.0421875 0.2765625
0 0.58515625 0.5140625 0.0515625 0.2234375
0 0.53828125 0.53984375 0.0546875 0.2578125
0 0.43671875 0.51953125 0.046875 0.2421875
0 0.36171875 0.47109375 0.021875 0.1109375
0 0.621875 0.453125 0.0171875 0.0796875
0 0.3453125 0.4625 0.015625 0.0859375
0 0.38203125 0.4578125 0.015625 0.084375
0 0.30625 0.459375 0.015625 0.075
0 0.2890625 0.46171875 0.0140625 0.0703125
0 0.24296875 0.459375 0.0140625 0.06875
0 0.29453125 0.425 0.0078125 0.0296875
0 0.3015625 0.42421875 0.0078125 0.0296875