0 0.53515625 0.671875 0.0859375 0.5921875
0 0.7125 0.58125 0.075 0.3625
0 0.459375 0.6234375 0.0671875 0.4453125
0 0.428125 0.46796875 0.0296875 0.05625
0 0.22109375 0.4796875 0.0234375 0.1015625
0 0.27421875 0.46953125 0.015625 0.1
0 0.25078125 0.47109375 0.015625 0.0953125
0 0.20390625 0.4609375 0.021875 0.096875
0 0.3625 0.503125 0.034375 0.175
0 0.93828125 0.5484375 0.1203125 0.3390625
0 0.5890625 0.4625 0.028125 0.1046875
0 0.409375 0.4515625 0.0125 0.0671875
0 0.32109375 0.4515625 0.0109375 0.0546875
0 0.33125 0.45 0.0109375 0.05625
0 0.265625 0.465625 0.0125 0.075
0 0.3109375 0.45390625 0.0109375 0.0578125
0 0.2984375 0.45546875 0.009375 0.0578125
0 0.29296875 0.45 0.0125 0.059375
0 0.31328125 0.42109375 0.0109375 0.040625
0 0.31796875 0.41875 0.009375 0.0390625