0 0.496875 0.58359375 0.06875 0.375
0 0.42578125 0.64375 0.1015625 0.5421875
0 0.5828125 0.56328125 0.075 0.3046875
0 0.2375 0.48046875 0.021875 0.1
0 0.27578125 0.46953125 0.0171875 0.1015625
0 0.2578125 0.471875 0.0171875 0.0953125
0 0.225 0.48125 0.0234375 0.0953125
0 0.20390625 0.4609375 0.021875 0.096875
0 0.32578125 0.49921875 0.028125 0.1578125
0 0.60859375 0.5359375 0.0703125 0.275
0 0.63984375 0.4609375 0.0234375 0.0921875
0 0.3484375 0.46171875 0.0140625 0.0671875
0 0.3640625 0.45703125 0.0109375 0.0640625
0 0.30078125 0.45546875 0.0109375 0.0578125
0 0.290625 0.45078125 0.0125 0.0609375
0 0.31015625 0.4140625 0.009375 0.040625
0 0.315625 0.4109375 0.009375 0.0390625