0 0.39140625 0.4953125 0.0265625 0.1046875
0 0.5234375 0.66875 0.084375 0.5859375
0 0.69140625 0.57734375 0.1046875 0.3453125
0 0.45234375 0.61328125 0.0703125 0.425
0 0.22421875 0.4796875 0.0203125 0.1015625
0 0.275 0.46875 0.015625 0.1015625
0 0.25234375 0.47109375 0.015625 0.0953125
0 0.20390625 0.4609375 0.021875 0.096875
0 0.35625 0.5015625 0.03125 0.1734375
0 0.96953125 0.546875 0.0609375 0.346875
0 0.58515625 0.4640625 0.03125 0.10625
0 0.40546875 0.45078125 0.0125 0.065625
0 0.31953125 0.45078125 0.0109375 0.0546875
0 0.328125 0.45 0.009375 0.05625
0 0.265625 0.465625 0.0125 0.0765625
0 0.31171875 0.45390625 0.0109375 0.0578125
0 0.2984375 0.45546875 0.009375 0.0578125
0 0.2921875 0.45 0.0125 0.059375
0 0.3125 0.41953125 0.0109375 0.0390625
0 0.31796875 0.41640625 0.009375 0.0390625