0 0.934375 0.6703125 0.128125 0.659375
0 0.815625 0.684375 0.1140625 0.6015625
0 0.2109375 0.48046875 0.0265625 0.1046875
0 0.22734375 0.47890625 0.0234375 0.09375
0 0.20390625 0.4609375 0.021875 0.096875
0 0.5046875 0.51640625 0.0515625 0.2734375
0 0.59296875 0.51328125 0.046875 0.2234375
0 0.55703125 0.54140625 0.0640625 0.2546875
0 0.45078125 0.5203125 0.06875 0.2375
0 0.35625 0.47109375 0.021875 0.109375
0 0.62265625 0.45234375 0.0171875 0.08125
0 0.34609375 0.46328125 0.015625 0.0875
0 0.38046875 0.4578125 0.015625 0.084375
0 0.37421875 0.46875 0.0125 0.0515625
0 0.30703125 0.45859375 0.0171875 0.075
0 0.28984375 0.4609375 0.0140625 0.0703125
0 0.2421875 0.4609375 0.0140625 0.06875
0 0.2953125 0.425 0.0078125 0.0296875
0 0.3015625 0.4234375 0.0078125 0.0296875
0 0.39140625 0.44453125 0.0140625 0.05625