0 0.5 0.49765625 0.0515625 0.1015625
0 0.37734375 0.55234375 0.0515625 0.29375
0 0.55703125 0.496875 0.0203125 0.1015625
0 0.575 0.49921875 0.01875 0.1046875
0 0.65546875 0.4578125 0.0203125 0.0921875
0 0.5328125 0.45625 0.0203125 0.09375
0 0.57890625 0.4546875 0.0203125 0.1
0 0.49765625 0.45546875 0.021875 0.10625
0 0.325 0.58359375 0.06875 0.3484375
0 0.42578125 0.5328125 0.046875 0.2265625
0 0.44765625 0.471875 0.028125 0.0703125
0 0.26796875 0.48046875 0.0171875 0.0953125
0 0.23828125 0.4796875 0.021875 0.0953125
0 0.2046875 0.46015625 0.021875 0.096875
0 0.28359375 0.45390625 0.0140625 0.065625