0 0.53828125 0.58671875 0.090625 0.3953125
0 0.390625 0.4953125 0.0265625 0.1046875
0 0.59140625 0.46171875 0.0203125 0.0921875
0 0.5125 0.66484375 0.0859375 0.578125
0 0.678125 0.57421875 0.090625 0.3390625
0 0.446875 0.60703125 0.0734375 0.4125
0 0.22578125 0.48046875 0.01875 0.103125
0 0.275 0.46875 0.015625 0.1015625
0 0.253125 0.47109375 0.015625 0.0953125
0 0.20390625 0.4609375 0.021875 0.096875
0 0.2328125 0.46328125 0.015625 0.075
0 0.3515625 0.5 0.0328125 0.171875
0 0.9828125 0.553125 0.034375 0.34375
0 0.5796875 0.4640625 0.0265625 0.10625
0 0.32578125 0.45 0.009375 0.05625
0 0.26640625 0.465625 0.0125 0.0765625
0 0.3125 0.45390625 0.0109375 0.0578125
0 0.29921875 0.45546875 0.009375 0.0578125
0 0.2921875 0.45078125 0.0125 0.0609375
0 0.31171875 0.41875 0.0109375 0.0390625
0 0.3171875 0.415625 0.009375 0.0390625