0 0.5 0.49765625 0.0515625 0.1015625
0 0.38984375 0.49296875 0.0296875 0.10625
0 0.6140625 0.65546875 0.109375 0.5625
0 0.53828125 0.628125 0.06875 0.4765625
0 0.44765625 0.471875 0.028125 0.0703125
0 0.428125 0.46796875 0.0296875 0.05625
0 0.25390625 0.4703125 0.0203125 0.1015625
0 0.225 0.48046875 0.0234375 0.0953125
0 0.30859375 0.54296875 0.06875 0.3375
0 0.18984375 0.546875 0.059375 0.2890625
0 0.13828125 0.58203125 0.1125 0.34375
0 0.04296875 0.57421875 0.0859375 0.34375
0 0.37421875 0.45078125 0.0125 0.0625
0 0.35 0.46015625 0.0140625 0.0671875
0 0.36484375 0.459375 0.009375 0.065625
0 0.26328125 0.46171875 0.0125 0.0765625