0 0.046875 0.56796875 0.0703125 0.2453125
0 0.8921875 0.67421875 0.1609375 0.6515625
0 0.75859375 0.68671875 0.13125 0.6
0 0.44765625 0.471875 0.028125 0.0703125
0 0.21171875 0.48046875 0.025 0.1046875
0 0.2265625 0.47890625 0.0234375 0.09375
0 0.20390625 0.4609375 0.021875 0.096875
0 0.48046875 0.515625 0.0484375 0.2765625
0 0.57109375 0.51640625 0.0515625 0.2234375
0 0.5140625 0.540625 0.0703125 0.2609375
0 0.41171875 0.5234375 0.053125 0.246875
0 0.36796875 0.47109375 0.0203125 0.11875
0 0.621875 0.453125 0.0171875 0.0796875
0 0.59609375 0.4625 0.0203125 0.0859375
0 0.34296875 0.46171875 0.015625 0.0859375
0 0.3828125 0.45703125 0.015625 0.084375
0 0.35390625 0.46015625 0.0140625 0.0671875
0 0.30546875 0.459375 0.015625 0.0734375
0 0.28828125 0.4609375 0.0140625 0.06875
0 0.24375 0.45859375 0.0140625 0.06875
0 0.2953125 0.428125 0.0078125 0.0296875