0 0.42734375 0.56796875 0.0609375 0.328125
0 0.55703125 0.496875 0.0203125 0.1015625
0 0.57578125 0.49921875 0.01875 0.1046875
0 0.61953125 0.459375 0.0203125 0.090625
0 0.52890625 0.45703125 0.01875 0.0921875
0 0.57890625 0.45390625 0.0203125 0.1015625
0 0.33828125 0.61171875 0.115625 0.4453125
0 0.48515625 0.546875 0.0640625 0.271875
0 0.25234375 0.4796875 0.0171875 0.1
0 0.27265625 0.47109375 0.01875 0.096875
0 0.22578125 0.48046875 0.028125 0.0953125
0 0.20390625 0.46015625 0.021875 0.096875
0 0.51171875 0.521875 0.040625 0.24375
0 0.60546875 0.46171875 0.0171875 0.0828125