0 0.49921875 0.584375 0.0671875 0.3765625
0 0.55703125 0.49921875 0.0203125 0.096875
0 0.365625 0.50390625 0.025 0.1
0 0.43203125 0.64375 0.1078125 0.54375
0 0.5890625 0.56328125 0.065625 0.30625
0 0.23671875 0.48046875 0.0234375 0.1
0 0.27578125 0.46875 0.0171875 0.1015625
0 0.2578125 0.471875 0.0171875 0.0953125
0 0.225 0.48125 0.0234375 0.0953125
0 0.20390625 0.4609375 0.021875 0.096875
0 0.32734375 0.49921875 0.028125 0.159375
0 0.6109375 0.53828125 0.0703125 0.278125
0 0.6421875 0.4609375 0.0234375 0.09375
0 0.553125 0.471875 0.0203125 0.121875
0 0.3484375 0.4609375 0.0140625 0.0671875
0 0.3640625 0.4578125 0.0109375 0.0625
0 0.31484375 0.45390625 0.0125 0.0578125
0 0.30078125 0.45546875 0.0109375 0.0578125
0 0.29140625 0.45078125 0.0125 0.0609375
0 0.31015625 0.4140625 0.009375 0.040625
0 0.315625 0.4109375 0.009375 0.0390625