0 0.5390625 0.671875 0.0859375 0.5921875
0 0.753125 0.5859375 0.09375 0.371875
0 0.46171875 0.625 0.0703125 0.4546875
0 0.428125 0.46796875 0.0296875 0.05625
0 0.215625 0.48046875 0.0203125 0.1046875
0 0.27421875 0.46953125 0.015625 0.1
0 0.24765625 0.47109375 0.015625 0.096875
0 0.22421875 0.48125 0.025 0.09375
0 0.20390625 0.4609375 0.021875 0.096875
0 0.371875 0.50234375 0.03125 0.18125
0 0.89609375 0.53828125 0.078125 0.3125
0 0.41640625 0.4515625 0.0125 0.065625
0 0.32265625 0.45078125 0.009375 0.0546875
0 0.3359375 0.45078125 0.0140625 0.05625
0 0.3484375 0.46015625 0.0140625 0.0671875
0 0.26640625 0.465625 0.0125 0.075
0 0.31015625 0.45390625 0.0109375 0.0578125
0 0.29765625 0.45546875 0.0109375 0.0578125
0 0.29296875 0.45 0.0109375 0.059375
0 0.28203125 0.44921875 0.0125 0.0546875
0 0.3140625 0.42265625 0.009375 0.040625
0 0.31953125 0.41953125 0.009375 0.0390625