0 0.365625 0.50390625 0.0234375 0.1
0 0.3921875 0.4953125 0.0296875 0.1046875
0 0.59453125 0.6515625 0.10625 0.5640625
0 0.95234375 0.6296875 0.0953125 0.48125
0 0.50390625 0.63203125 0.075 0.4859375
0 0.428125 0.46796875 0.0296875 0.05625
0 0.209375 0.4796875 0.0234375 0.1015625
0 0.26796875 0.4703125 0.0234375 0.1
0 0.23359375 0.47109375 0.015625 0.1
0 0.22421875 0.48046875 0.025 0.0953125
0 0.20390625 0.4609375 0.021875 0.096875
0 0.0671875 0.58125 0.125 0.41875
0 0.44140625 0.5078125 0.0375 0.2015625
0 0.9140625 0.57890625 0.1046875 0.40625
0 0.67734375 0.515625 0.04375 0.2453125
0 0.75234375 0.45703125 0.025 0.1015625
0 0.334375 0.453125 0.0109375 0.0578125
0 0.34921875 0.46015625 0.0140625 0.0671875
0 0.36484375 0.459375 0.009375 0.065625
0 0.30703125 0.4515625 0.0109375 0.0546875
0 0.2953125 0.4515625 0.009375 0.0546875
0 0.31640625 0.4484375 0.0125 0.05
0 0.2859375 0.45078125 0.0109375 0.05625