0 0.546875 0.66953125 0.0828125 0.590625
0 0.77578125 0.5953125 0.1015625 0.3859375
0 0.4671875 0.62421875 0.075 0.45625
0 0.428125 0.46796875 0.0296875 0.05625
0 0.21328125 0.48125 0.0203125 0.1046875
0 0.27421875 0.4703125 0.015625 0.1
0 0.24453125 0.47109375 0.015625 0.096875
0 0.22421875 0.48125 0.025 0.09375
0 0.20390625 0.4609375 0.021875 0.096875
0 0.3859375 0.5015625 0.040625 0.1796875
0 0.85234375 0.5375 0.071875 0.30625
0 0.6984375 0.459375 0.0234375 0.096875
0 0.41640625 0.4484375 0.0140625 0.0703125
0 0.32578125 0.4515625 0.009375 0.0546875
0 0.33984375 0.45078125 0.0125 0.05625
0 0.3484375 0.46015625 0.0140625 0.0671875
0 0.2671875 0.465625 0.0125 0.075
0 0.309375 0.45390625 0.0109375 0.0578125
0 0.29765625 0.45390625 0.0125 0.05625
0 0.29375 0.44921875 0.0109375 0.059375
0 0.315625 0.44921875 0.0125 0.053125
0 0.2828125 0.44921875 0.0109375 0.0546875
0 0.31484375 0.4234375 0.009375 0.040625