0 0.415625 0.5609375 0.0578125 0.31875
0 0.55703125 0.496875 0.0203125 0.1015625
0 0.57578125 0.49921875 0.01875 0.1046875
0 0.6265625 0.459375 0.0203125 0.090625
0 0.5296875 0.45703125 0.01875 0.0921875
0 0.578125 0.45390625 0.0203125 0.1015625
0 0.32265625 0.60703125 0.0875 0.434375
0 0.4640625 0.54453125 0.0484375 0.265625
0 0.35703125 0.57578125 0.0625 0.3265625
0 0.253125 0.48046875 0.015625 0.1015625
0 0.2703125 0.46953125 0.01875 0.0984375
0 0.2234375 0.48046875 0.0328125 0.0953125
0 0.20390625 0.46015625 0.021875 0.096875
0 0.4984375 0.5234375 0.0421875 0.234375
0 0.59921875 0.4609375 0.0171875 0.0828125