0 0.55 0.66875 0.0796875 0.590625
0 0.7890625 0.59375 0.0875 0.3890625
0 0.46953125 0.62421875 0.078125 0.45625
0 0.428125 0.46796875 0.0296875 0.05625
0 0.2125 0.48125 0.0203125 0.1046875
0 0.27421875 0.4703125 0.015625 0.1
0 0.24296875 0.47109375 0.015625 0.096875
0 0.22421875 0.48125 0.025 0.09375
0 0.20390625 0.4609375 0.021875 0.096875
0 0.39296875 0.503125 0.046875 0.1796875
0 0.8390625 0.5390625 0.0859375 0.3
0 0.70234375 0.459375 0.0234375 0.096875
0 0.3265625 0.4515625 0.009375 0.0546875
0 0.34140625 0.45078125 0.0125 0.05625
0 0.3484375 0.46015625 0.0140625 0.0671875
0 0.3640625 0.459375 0.0109375 0.065625
0 0.2671875 0.465625 0.0125 0.075
0 0.30859375 0.45390625 0.0109375 0.0578125
0 0.29765625 0.45390625 0.0140625 0.05625
0 0.315625 0.44921875 0.0125 0.0515625
0 0.2828125 0.44921875 0.0109375 0.0546875
0 0.31484375 0.4234375 0.009375 0.040625