0 0.5 0.49765625 0.0515625 0.1015625
0 0.38203125 0.55390625 0.0515625 0.3015625
0 0.55703125 0.496875 0.0203125 0.1015625
0 0.575 0.49921875 0.01875 0.1046875
0 0.6484375 0.4578125 0.0203125 0.0921875
0 0.53203125 0.45703125 0.01875 0.0921875
0 0.578125 0.4546875 0.0203125 0.1
0 0.50390625 0.45625 0.0234375 0.10625
0 0.33359375 0.58515625 0.0703125 0.36875
0 0.4359375 0.5359375 0.0484375 0.2359375
0 0.265625 0.47890625 0.0171875 0.096875
0 0.23203125 0.47890625 0.028125 0.096875
0 0.20390625 0.46015625 0.021875 0.096875
0 0.29765625 0.45390625 0.0125 0.06875
0 0.2828125 0.453125 0.015625 0.0640625