0 0.5 0.49765625 0.0515625 0.1015625
0 0.378125 0.55390625 0.0515625 0.2984375
0 0.55703125 0.496875 0.0203125 0.1015625
0 0.575 0.49921875 0.01875 0.1046875
0 0.65390625 0.4578125 0.0203125 0.0921875
0 0.5328125 0.45703125 0.01875 0.0921875
0 0.57890625 0.4546875 0.0203125 0.1
0 0.49921875 0.45625 0.021875 0.10625
0 0.3265625 0.5859375 0.06875 0.353125
0 0.43046875 0.5328125 0.0515625 0.2265625
0 0.26796875 0.48046875 0.0171875 0.096875
0 0.2375 0.4796875 0.0234375 0.0953125
0 0.2046875 0.46015625 0.021875 0.096875
0 0.28359375 0.453125 0.015625 0.0640625