0 0.5 0.49765625 0.0515625 0.1015625
0 0.3515625 0.50390625 0.028125 0.090625
0 0.390625 0.49375 0.0296875 0.10625
0 0.61328125 0.65546875 0.1109375 0.5625
0 0.53359375 0.628125 0.071875 0.4765625
0 0.44765625 0.471875 0.028125 0.0703125
0 0.428125 0.46796875 0.0296875 0.05625
0 0.2546875 0.4703125 0.01875 0.1015625
0 0.225 0.48046875 0.0234375 0.0953125
0 0.29453125 0.5421875 0.06875 0.3390625
0 0.17578125 0.553125 0.084375 0.2953125
0 0.12890625 0.584375 0.096875 0.3515625
0 0.02109375 0.57578125 0.0421875 0.35
0 0.82578125 0.45390625 0.025 0.1015625
0 0.33359375 0.45546875 0.015625 0.065625
0 0.3734375 0.45078125 0.0125 0.0625
0 0.35 0.46015625 0.0140625 0.0671875
0 0.36484375 0.459375 0.009375 0.065625