0 0.1875 0.534375 0.04375 0.1171875
0 0.5390625 0.6625 0.2 0.675
0 0.64609375 0.68046875 0.121875 0.6203125
0 0.209375 0.48046875 0.0265625 0.10625
0 0.2328125 0.471875 0.01875 0.1015625
0 0.22578125 0.4796875 0.0234375 0.0953125
0 0.43359375 0.51796875 0.0453125 0.28125
0 0.40546875 0.52890625 0.06875 0.246875
0 0.33828125 0.5484375 0.05625 0.2859375
0 0.27109375 0.540625 0.05625 0.28125
0 0.7140625 0.546875 0.0890625 0.30625
0 0.365625 0.459375 0.009375 0.065625
0 0.31015625 0.446875 0.009375 0.0453125