0 0.5 0.49765625 0.0515625 0.1015625
0 0.575 0.49765625 0.0234375 0.1046875
0 0.21796875 0.66875 0.2 0.6625
0 0.559375 0.45625 0.0203125 0.1015625
0 0.5265625 0.4578125 0.01875 0.0921875
0 0.6921875 0.684375 0.1453125 0.6234375
0 0.6203125 0.646875 0.08125 0.5140625
0 0.45390625 0.515625 0.04375 0.2796875
0 0.38515625 0.54296875 0.059375 0.271875
0 0.3171875 0.53046875 0.065625 0.2578125
0 0.775 0.56328125 0.0828125 0.3390625
0 0.41640625 0.47421875 0.028125 0.1328125
0 0.5453125 0.45703125 0.015625 0.0765625
0 0.35078125 0.46015625 0.0140625 0.0671875