0 0.5 0.49765625 0.0515625 0.1015625
0 0.58828125 0.47421875 0.0203125 0.1453125
0 0.575 0.49453125 0.021875 0.1109375
0 0.22578125 0.52890625 0.0390625 0.1203125
0 0.26640625 0.51640625 0.0453125 0.1625
0 0.10625 0.678125 0.2125 0.64375
0 0.55546875 0.45703125 0.0203125 0.1015625
0 0.5265625 0.45859375 0.01875 0.090625
0 0.7234375 0.68203125 0.0859375 0.6296875
0 0.6328125 0.66171875 0.0765625 0.54375
0 0.45703125 0.51640625 0.0453125 0.2796875
0 0.41015625 0.53984375 0.0484375 0.2765625
0 0.334375 0.528125 0.040625 0.25625
0 0.8015625 0.559375 0.0546875 0.35625
0 0.54140625 0.45390625 0.015625 0.078125
0 0.365625 0.459375 0.009375 0.065625
0 0.37734375 0.46875 0.0109375 0.0515625
0 0.30078125 0.45390625 0.015625 0.0703125
0 0.3109375 0.4484375 0.009375 0.0453125