0 0.5 0.49765625 0.0515625 0.1015625
0 0.40078125 0.5546875 0.0671875 0.3078125
0 0.55703125 0.496875 0.0203125 0.1015625
0 0.575 0.49921875 0.01875 0.1046875
0 0.63671875 0.4578125 0.0203125 0.0921875
0 0.53046875 0.45703125 0.01875 0.0921875
0 0.578125 0.4546875 0.0203125 0.1
0 0.5078125 0.45546875 0.01875 0.1046875
0 0.3296875 0.6078125 0.0765625 0.409375
0 0.4515625 0.54140625 0.0453125 0.2546875
0 0.25859375 0.48046875 0.021875 0.1
0 0.26875 0.46875 0.01875 0.096875
0 0.22421875 0.47890625 0.0328125 0.0953125
0 0.20390625 0.46015625 0.021875 0.096875
0 0.25078125 0.46015625 0.015625 0.0765625
0 0.4734375 0.51484375 0.04375 0.221875
0 0.59296875 0.46015625 0.01875 0.084375
0 0.2796875 0.453125 0.015625 0.0640625