0 0.5 0.49765625 0.0515625 0.1015625
0 0.39140625 0.55390625 0.059375 0.3046875
0 0.55703125 0.496875 0.0203125 0.1015625
0 0.575 0.49921875 0.01875 0.1046875
0 0.64140625 0.4578125 0.0203125 0.0921875
0 0.53125 0.45703125 0.01875 0.0921875
0 0.578125 0.4546875 0.0203125 0.1
0 0.50703125 0.45546875 0.01875 0.1046875
0 0.3359375 0.59921875 0.0765625 0.3921875
0 0.44609375 0.5359375 0.0453125 0.25
0 0.26171875 0.48203125 0.0203125 0.0953125
0 0.26796875 0.46953125 0.0171875 0.096875
0 0.2265625 0.478125 0.03125 0.0953125
0 0.20390625 0.46015625 0.021875 0.096875
0 0.24765625 0.459375 0.015625 0.0765625
0 0.46875 0.515625 0.046875 0.21875
0 0.5890625 0.459375 0.01875 0.0828125
0 0.296875 0.45390625 0.0125 0.06875
0 0.28203125 0.453125 0.015625 0.0640625