0 0.5 0.49765625 0.0515625 0.1015625
0 0.3453125 0.54296875 0.0515625 0.2703125
0 0.5578125 0.496875 0.0203125 0.1015625
0 0.57578125 0.5 0.01875 0.10625
0 0.66484375 0.459375 0.0171875 0.09375
0 0.5328125 0.459375 0.0203125 0.103125
0 0.58046875 0.45546875 0.0203125 0.1
0 0.49296875 0.4546875 0.0234375 0.10625
0 0.30859375 0.5609375 0.05625 0.3046875
0 0.39453125 0.52421875 0.0515625 0.2015625
0 0.44765625 0.471875 0.028125 0.0703125
0 0.428125 0.46796875 0.0296875 0.05625
0 0.265625 0.46953125 0.015625 0.096875
0 0.25234375 0.47734375 0.0171875 0.09375
0 0.2046875 0.46015625 0.021875 0.096875
0 0.228125 0.46328125 0.0203125 0.078125
0 0.55390625 0.45546875 0.015625 0.071875
0 0.5171875 0.4484375 0.0109375 0.05
0 0.30703125 0.4109375 0.009375 0.0390625
0 0.3140625 0.41015625 0.009375 0.0390625