0 0.365625 0.50390625 0.0234375 0.1
0 0.55703125 0.66875 0.0796875 0.590625
0 0.8265625 0.59453125 0.1015625 0.39375
0 0.48359375 0.6234375 0.0890625 0.4546875
0 0.428125 0.46796875 0.0296875 0.05625
0 0.2109375 0.48125 0.021875 0.103125
0 0.2734375 0.4703125 0.0171875 0.1
0 0.240625 0.47109375 0.015625 0.096875
0 0.22421875 0.48125 0.025 0.09375
0 0.20390625 0.4609375 0.021875 0.096875
0 0.3984375 0.5015625 0.0421875 0.184375
0 0.71328125 0.4578125 0.0234375 0.1
0 0.61015625 0.46328125 0.025 0.1
0 0.32890625 0.45234375 0.0109375 0.0546875
0 0.34375 0.45 0.0125 0.05625
0 0.3484375 0.46015625 0.0140625 0.0671875
0 0.3640625 0.459375 0.0109375 0.065625
0 0.3078125 0.453125 0.0125 0.05625
0 0.29765625 0.45390625 0.015625 0.05625
0 0.315625 0.44921875 0.0125 0.0515625
0 0.2828125 0.44921875 0.0109375 0.0546875
0 0.31484375 0.42578125 0.009375 0.040625