0 0.50234375 0.58515625 0.065625 0.378125
0 0.55703125 0.49921875 0.0203125 0.096875
0 0.365625 0.50390625 0.025 0.1
0 0.43984375 0.64453125 0.1171875 0.54375
0 0.5953125 0.5640625 0.05625 0.309375
0 0.23515625 0.48046875 0.0234375 0.1
0 0.27578125 0.46875 0.0171875 0.1015625
0 0.2578125 0.47109375 0.0171875 0.0953125
0 0.22578125 0.48203125 0.0234375 0.09375
0 0.20390625 0.4609375 0.021875 0.096875
0 0.328125 0.49921875 0.028125 0.1609375
0 0.61484375 0.53828125 0.0640625 0.2796875
0 0.64375 0.4609375 0.0234375 0.09375
0 0.55546875 0.46875 0.0234375 0.115625
0 0.3484375 0.4609375 0.0140625 0.0671875
0 0.3640625 0.4578125 0.0109375 0.0625
0 0.3140625 0.45390625 0.0125 0.0578125
0 0.30078125 0.45546875 0.0109375 0.0578125
0 0.29140625 0.45078125 0.0125 0.0609375
0 0.31015625 0.415625 0.009375 0.0390625
0 0.315625 0.41171875 0.009375 0.0390625