0 0.36171875 0.50390625 0.028125 0.0984375
0 0.3921875 0.49453125 0.0296875 0.1046875
0 0.609375 0.65546875 0.1046875 0.5625
0 0.51484375 0.63125 0.075 0.48125
0 0.44765625 0.471875 0.028125 0.0703125
0 0.428125 0.46796875 0.0296875 0.05625
0 0.2421875 0.5578125 0.0796875 0.365625
0 0.1046875 0.5578125 0.0921875 0.3046875
0 0.04609375 0.603125 0.0921875 0.378125
0 0.80625 0.45546875 0.0234375 0.1015625
0 0.4625 0.446875 0.0140625 0.0703125
0 0.334375 0.45546875 0.0140625 0.0625
0 0.35 0.46015625 0.0140625 0.0671875
0 0.36484375 0.459375 0.009375 0.065625
0 0.3078125 0.45078125 0.0109375 0.0546875
0 0.296875 0.45078125 0.009375 0.0546875
0 0.315625 0.44609375 0.0109375 0.0484375
0 0.28828125 0.44921875 0.0109375 0.0546875