0 0.58828125 0.471875 0.0203125 0.1453125
0 0.575 0.4859375 0.0203125 0.13125
0 0.18828125 0.53828125 0.05625 0.1953125
0 0.546875 0.45859375 0.0203125 0.1
0 0.78671875 0.68046875 0.1484375 0.6390625
0 0.67890625 0.6609375 0.1015625 0.540625
0 0.2109375 0.48046875 0.0265625 0.10625
0 0.2265625 0.4796875 0.0234375 0.0953125
0 0.51015625 0.5125 0.05625 0.23125
0 0.45390625 0.5390625 0.06875 0.265625
0 0.36796875 0.52421875 0.0609375 0.2484375
0 0.87578125 0.57421875 0.0765625 0.4
0 0.62421875 0.4546875 0.01875 0.0765625
0 0.5671875 0.45703125 0.01875 0.0875
0 0.3359375 0.459375 0.0171875 0.0796875
0 0.30390625 0.45625 0.015625 0.0734375
0 0.28515625 0.45859375 0.0140625 0.06875
0 0.246875 0.46015625 0.0140625 0.0703125
0 0.3109375 0.4484375 0.009375 0.0453125
0 0.29609375 0.43203125 0.0078125 0.0296875