0 0.3125 0.50703125 0.03125 0.096875
0 0.61484375 0.65390625 0.1109375 0.559375
0 0.54375 0.628125 0.0671875 0.4765625
0 0.44765625 0.471875 0.028125 0.0703125
0 0.428125 0.46796875 0.0296875 0.05625
0 0.36640625 0.53515625 0.0703125 0.315625
0 0.27421875 0.53828125 0.0546875 0.2734375
0 0.21796875 0.56953125 0.0703125 0.3109375
0 0.125 0.571875 0.109375 0.3296875
0 0.4828125 0.48671875 0.0296875 0.1640625
0 0.33046875 0.4546875 0.015625 0.0671875
0 0.30859375 0.44765625 0.0109375 0.046875
0 0.31484375 0.44609375 0.009375 0.05