0 0.3625 0.50390625 0.028125 0.0984375
0 0.3921875 0.49453125 0.0296875 0.1046875
0 0.6078125 0.65625 0.1015625 0.5640625
0 0.5125 0.63203125 0.0765625 0.4875
0 0.44765625 0.471875 0.028125 0.0703125
0 0.428125 0.46796875 0.0296875 0.05625
0 0.26015625 0.4703125 0.015625 0.1015625
0 0.22109375 0.55859375 0.0625 0.371875
0 0.09140625 0.5609375 0.096875 0.309375
0 0.02265625 0.60390625 0.0453125 0.378125
0 0.80078125 0.45546875 0.021875 0.1015625
0 0.46015625 0.446875 0.0140625 0.0703125
0 0.33515625 0.4546875 0.0140625 0.0609375
0 0.35 0.46015625 0.0140625 0.0671875
0 0.36484375 0.459375 0.009375 0.065625
0 0.27578125 0.453125 0.0125 0.059375
0 0.26875 0.46171875 0.0140625 0.0765625
0 0.3078125 0.45078125 0.0109375 0.0546875
0 0.296875 0.45078125 0.009375 0.0546875
0 0.315625 0.44609375 0.0109375 0.0484375
0 0.28828125 0.44921875 0.0109375 0.0546875