0 0.5 0.49765625 0.0515625 0.1015625
0 0.40859375 0.56015625 0.0609375 0.315625
0 0.55703125 0.496875 0.0203125 0.1015625
0 0.57578125 0.49921875 0.01875 0.1046875
0 0.63046875 0.45859375 0.0203125 0.0921875
0 0.53046875 0.45703125 0.01875 0.0921875
0 0.578125 0.4546875 0.0203125 0.1
0 0.32265625 0.609375 0.08125 0.428125
0 0.45859375 0.54453125 0.04375 0.2609375
0 0.35078125 0.57421875 0.0625 0.3203125
0 0.25390625 0.4796875 0.01875 0.1
0 0.2703125 0.46875 0.01875 0.096875
0 0.2609375 0.47109375 0.015625 0.0953125
0 0.22265625 0.48046875 0.0328125 0.0953125
0 0.20390625 0.46015625 0.021875 0.096875
0 0.48828125 0.51796875 0.0359375 0.2296875
0 0.596875 0.46171875 0.0171875 0.084375