0 0.5 0.49765625 0.0515625 0.1015625
0 0.58828125 0.4734375 0.0203125 0.1453125
0 0.575 0.49375 0.021875 0.1140625
0 0.2203125 0.52890625 0.0390625 0.1203125
0 0.2578125 0.51796875 0.0453125 0.165625
0 0.09296875 0.68359375 0.1859375 0.6328125
0 0.55390625 0.45703125 0.0203125 0.1015625
0 0.52578125 0.45859375 0.01875 0.090625
0 0.734375 0.6828125 0.096875 0.634375
0 0.63671875 0.6609375 0.08125 0.54375
0 0.2109375 0.48046875 0.0265625 0.10625
0 0.20390625 0.4609375 0.021875 0.096875
0 0.45703125 0.5171875 0.0453125 0.2796875
0 0.4125 0.53984375 0.05 0.2765625
0 0.3390625 0.528125 0.0390625 0.25625
0 0.81015625 0.5609375 0.0625 0.359375
0 0.54375 0.4546875 0.015625 0.078125
0 0.38671875 0.45546875 0.015625 0.075
0 0.365625 0.459375 0.009375 0.065625
0 0.3765625 0.46875 0.0125 0.0515625
0 0.30078125 0.45390625 0.0171875 0.0703125
0 0.28125 0.4578125 0.0140625 0.065625
0 0.3109375 0.4484375 0.009375 0.0453125