0 0.53984375 0.671875 0.0859375 0.5921875
0 0.7578125 0.58671875 0.0984375 0.371875
0 0.4625 0.62578125 0.0703125 0.4546875
0 0.428125 0.46796875 0.0296875 0.05625
0 0.21484375 0.48125 0.0203125 0.1046875
0 0.27421875 0.4703125 0.015625 0.1
0 0.246875 0.47109375 0.015625 0.096875
0 0.22421875 0.48125 0.025 0.09375
0 0.20390625 0.4609375 0.021875 0.096875
0 0.37421875 0.503125 0.03125 0.18125
0 0.8875 0.53671875 0.06875 0.3125
0 0.69453125 0.459375 0.0234375 0.096875
0 0.4171875 0.4515625 0.0140625 0.065625
0 0.3234375 0.45078125 0.0109375 0.0546875
0 0.33671875 0.4515625 0.0140625 0.05625
0 0.3484375 0.46015625 0.0140625 0.0671875
0 0.2671875 0.465625 0.0125 0.075
0 0.31015625 0.45390625 0.0109375 0.0578125
0 0.29765625 0.4546875 0.0109375 0.0578125
0 0.29296875 0.45 0.0109375 0.059375
0 0.2828125 0.44921875 0.0125 0.0546875
0 0.3140625 0.42265625 0.009375 0.040625