0 0.365625 0.50390625 0.0234375 0.1
0 0.55859375 0.66875 0.0796875 0.590625
0 0.83671875 0.59765625 0.1171875 0.4
0 0.4859375 0.62421875 0.0890625 0.4546875
0 0.428125 0.46796875 0.0296875 0.05625
0 0.21015625 0.48125 0.021875 0.103125
0 0.2734375 0.4703125 0.0171875 0.1
0 0.23984375 0.47109375 0.015625 0.096875
0 0.22421875 0.48046875 0.025 0.0953125
0 0.20390625 0.4609375 0.021875 0.096875
0 0.4 0.50078125 0.0390625 0.1859375
0 0.715625 0.4578125 0.025 0.1
0 0.6109375 0.46328125 0.025 0.1
0 0.32890625 0.45234375 0.0109375 0.0546875
0 0.34375 0.45 0.0125 0.05625
0 0.3484375 0.46015625 0.0140625 0.0671875
0 0.3640625 0.459375 0.0109375 0.065625
0 0.3078125 0.453125 0.0109375 0.05625
0 0.296875 0.45390625 0.0171875 0.05625
0 0.315625 0.44921875 0.0125 0.0515625
0 0.2828125 0.44921875 0.0109375 0.0546875
0 0.31484375 0.42578125 0.009375 0.040625