0 0.575 0.49921875 0.0203125 0.1046875
0 0.390625 0.4953125 0.025 0.1046875
0 0.59140625 0.46171875 0.0203125 0.0921875
0 0.503125 0.65859375 0.09375 0.565625
0 0.66015625 0.57265625 0.0609375 0.3359375
0 0.44296875 0.60703125 0.075 0.4109375
0 0.2265625 0.48046875 0.01875 0.103125
0 0.275 0.46875 0.015625 0.1015625
0 0.25390625 0.47109375 0.0171875 0.0953125
0 0.20390625 0.4609375 0.021875 0.096875
0 0.23671875 0.46328125 0.015625 0.075
0 0.3484375 0.50078125 0.0390625 0.1703125
0 0.5765625 0.4640625 0.0234375 0.10625
0 0.32421875 0.45 0.009375 0.05625
0 0.26640625 0.465625 0.0125 0.0765625
0 0.3125 0.45390625 0.0109375 0.0578125
0 0.29921875 0.45546875 0.009375 0.0578125
0 0.2921875 0.45078125 0.0125 0.0609375
0 0.31171875 0.41875 0.0109375 0.0390625
0 0.3171875 0.415625 0.009375 0.0390625