0 0.39140625 0.4953125 0.0265625 0.1046875
0 0.5328125 0.67109375 0.0859375 0.590625
0 0.70390625 0.58046875 0.090625 0.3578125
0 0.45703125 0.62109375 0.06875 0.440625
0 0.428125 0.46796875 0.0296875 0.05625
0 0.22265625 0.4796875 0.021875 0.1015625
0 0.27421875 0.46953125 0.015625 0.1
0 0.25078125 0.47109375 0.015625 0.0953125
0 0.20390625 0.4609375 0.021875 0.096875
0 0.36015625 0.50234375 0.034375 0.1734375
0 0.94765625 0.546875 0.1046875 0.340625
0 0.58828125 0.46328125 0.03125 0.10625
0 0.40859375 0.45234375 0.0125 0.06875
0 0.32109375 0.4515625 0.0109375 0.0546875
0 0.33046875 0.45 0.009375 0.05625
0 0.265625 0.465625 0.0125 0.0765625
0 0.31171875 0.45390625 0.0109375 0.0578125
0 0.2984375 0.45546875 0.009375 0.0578125
0 0.29296875 0.45 0.0125 0.059375
0 0.30546875 0.44921875 0.0125 0.059375
0 0.31328125 0.42109375 0.0109375 0.040625
0 0.31796875 0.41796875 0.009375 0.0390625