0 0.91328125 0.65234375 0.1140625 0.559375
0 0.97578125 0.67734375 0.0484375 0.6453125
0 0.85625 0.6875 0.10625 0.625
0 0.44765625 0.471875 0.028125 0.0703125
0 0.428125 0.46796875 0.0296875 0.05625
0 0.2109375 0.48046875 0.025 0.1046875
0 0.22734375 0.47890625 0.0234375 0.09375
0 0.20390625 0.4609375 0.021875 0.096875
0 0.51953125 0.515625 0.05625 0.271875
0 0.60390625 0.5140625 0.0390625 0.2234375
0 0.58515625 0.5390625 0.05 0.259375
0 0.47578125 0.515625 0.0390625 0.234375
0 0.34921875 0.46953125 0.01875 0.1078125
0 0.628125 0.45625 0.0234375 0.1
0 0.38046875 0.459375 0.0171875 0.090625
0 0.365625 0.459375 0.009375 0.065625
0 0.3109375 0.45859375 0.0171875 0.075
0 0.29140625 0.4609375 0.0140625 0.071875
0 0.24140625 0.4609375 0.0140625 0.06875
0 0.26796875 0.4484375 0.0125 0.0515625
0 0.28671875 0.45625 0.009375 0.0640625
0 0.296875 0.425 0.0078125 0.0296875
0 0.39765625 0.44375 0.0140625 0.0546875
0 0.553125 0.45859375 0.0171875 0.0796875