0 0.55703125 0.4984375 0.0203125 0.096875
0 0.575 0.49921875 0.0203125 0.1046875
0 0.365625 0.50390625 0.025 0.1
0 0.46953125 0.64765625 0.14375 0.5421875
0 0.61953125 0.57109375 0.071875 0.3234375
0 0.23125 0.48046875 0.025 0.1015625
0 0.27578125 0.46875 0.0171875 0.1015625
0 0.25625 0.47109375 0.0171875 0.0953125
0 0.20390625 0.4609375 0.021875 0.096875
0 0.334375 0.4984375 0.028125 0.16875
0 0.56171875 0.4703125 0.0203125 0.11875
0 0.3484375 0.4609375 0.0140625 0.0671875
0 0.3640625 0.459375 0.0109375 0.065625
0 0.31328125 0.45390625 0.0109375 0.0578125
0 0.3 0.45546875 0.0109375 0.0578125
0 0.2921875 0.45078125 0.0125 0.0609375
0 0.3109375 0.41640625 0.009375 0.040625
0 0.31640625 0.41328125 0.009375 0.0390625