0 0.365625 0.50390625 0.0234375 0.1
0 0.56484375 0.66171875 0.0796875 0.5859375
0 0.88046875 0.6109375 0.0875 0.4359375
0 0.5 0.62734375 0.075 0.4765625
0 0.44765625 0.471875 0.028125 0.0703125
0 0.209375 0.48046875 0.021875 0.103125
0 0.27265625 0.4703125 0.015625 0.1
0 0.23671875 0.471875 0.015625 0.1
0 0.22421875 0.48046875 0.025 0.0953125
0 0.20390625 0.4609375 0.021875 0.096875
0 0.41796875 0.50546875 0.0375 0.19375
0 0.84921875 0.56328125 0.084375 0.371875
0 0.73984375 0.51875 0.0515625 0.265625
0 0.62109375 0.4609375 0.025 0.0984375
0 0.44375 0.446875 0.0125 0.065625
0 0.33125 0.4515625 0.0109375 0.0546875
0 0.3484375 0.46015625 0.0140625 0.0671875
0 0.3640625 0.459375 0.0109375 0.065625
0 0.30703125 0.453125 0.0125 0.05625
0 0.29765625 0.453125 0.0140625 0.0546875
0 0.315625 0.4484375 0.0125 0.0515625
0 0.284375 0.45078125 0.0109375 0.05625
0 0.31484375 0.42734375 0.009375 0.040625