0 0.46796875 0.5734375 0.08125 0.3484375
0 0.60078125 0.46171875 0.0203125 0.0921875
0 0.3890625 0.64140625 0.0890625 0.5
0 0.53671875 0.55625 0.0515625 0.29375
0 0.24609375 0.48046875 0.0203125 0.1
0 0.2734375 0.46953125 0.0171875 0.1
0 0.26015625 0.471875 0.015625 0.0953125
0 0.2234375 0.48046875 0.0265625 0.0984375
0 0.20390625 0.46015625 0.021875 0.096875
0 0.31484375 0.49453125 0.0359375 0.153125
0 0.56796875 0.53359375 0.0515625 0.259375
0 0.62578125 0.459375 0.015625 0.090625
0 0.290625 0.45078125 0.0125 0.0640625
0 0.31015625 0.41171875 0.009375 0.0390625
0 0.31484375 0.41015625 0.009375 0.0390625