0 0.5 0.49765625 0.0515625 0.1015625
0 0.3828125 0.55390625 0.0515625 0.3
0 0.55703125 0.496875 0.0203125 0.1015625
0 0.575 0.49921875 0.01875 0.1046875
0 0.646875 0.4578125 0.0203125 0.0921875
0 0.53203125 0.45703125 0.01875 0.0921875
0 0.578125 0.4546875 0.0203125 0.1
0 0.5046875 0.45546875 0.0234375 0.10625
0 0.334375 0.5859375 0.0703125 0.371875
0 0.43828125 0.5359375 0.046875 0.2390625
0 0.26484375 0.47890625 0.01875 0.096875
0 0.23125 0.47890625 0.0296875 0.0953125
0 0.20390625 0.46015625 0.021875 0.096875
0 0.24140625 0.4609375 0.01875 0.078125
0 0.29765625 0.45390625 0.0125 0.06875
0 0.28203125 0.453125 0.015625 0.0640625