0 0.58828125 0.471875 0.01875 0.1453125
0 0.57578125 0.48515625 0.021875 0.134375
0 0.17578125 0.54140625 0.0578125 0.1984375
0 0.54609375 0.459375 0.0203125 0.1
0 0.79453125 0.678125 0.1421875 0.64375
0 0.68359375 0.6609375 0.1109375 0.5421875
0 0.21171875 0.48046875 0.025 0.10625
0 0.2265625 0.47890625 0.0234375 0.09375
0 0.52109375 0.51171875 0.0515625 0.23125
0 0.45703125 0.5390625 0.0703125 0.265625
0 0.36953125 0.52421875 0.0609375 0.246875
0 0.8859375 0.578125 0.075 0.409375
0 0.62265625 0.4546875 0.01875 0.0765625
0 0.5609375 0.45546875 0.01875 0.0890625
0 0.3375 0.46015625 0.015625 0.0796875
0 0.30390625 0.45625 0.015625 0.0734375
0 0.2859375 0.459375 0.0140625 0.06875
0 0.24609375 0.46015625 0.0140625 0.0703125
0 0.3109375 0.4484375 0.009375 0.0453125
0 0.29609375 0.43125 0.0078125 0.0296875