0 0.3640625 0.50390625 0.0265625 0.1
0 0.3921875 0.49453125 0.0296875 0.1046875
0 0.603125 0.65625 0.0984375 0.5640625
0 0.50859375 0.63359375 0.0765625 0.490625
0 0.44765625 0.471875 0.028125 0.0703125
0 0.428125 0.46796875 0.0296875 0.05625
0 0.2609375 0.4703125 0.015625 0.1046875
0 0.184375 0.56640625 0.1078125 0.3796875
0 0.0390625 0.565625 0.078125 0.31875
0 0.78671875 0.45703125 0.028125 0.103125
0 0.45234375 0.446875 0.0140625 0.0703125
0 0.33515625 0.45390625 0.0125 0.0625
0 0.34921875 0.46015625 0.0140625 0.0671875
0 0.36484375 0.459375 0.009375 0.065625
0 0.26875 0.46171875 0.0140625 0.075
0 0.28046875 0.4484375 0.0078125 0.046875
0 0.30703125 0.45078125 0.009375 0.0546875
0 0.29609375 0.45078125 0.009375 0.0546875
0 0.31640625 0.446875 0.0125 0.0484375
0 0.2875 0.44921875 0.009375 0.0546875