0 0.5890625 0.471875 0.0203125 0.1453125
0 0.5765625 0.4828125 0.028125 0.1328125
0 0.15078125 0.5484375 0.0625 0.209375
0 0.81875 0.67265625 0.125 0.6546875
0 0.69296875 0.66171875 0.1140625 0.54375
0 0.428125 0.46796875 0.0296875 0.05625
0 0.21171875 0.48046875 0.025 0.10625
0 0.2265625 0.47890625 0.0234375 0.09375
0 0.20390625 0.4609375 0.021875 0.096875
0 0.53125 0.51328125 0.0578125 0.2265625
0 0.47265625 0.53984375 0.0703125 0.265625
0 0.37890625 0.52421875 0.05 0.2484375
0 0.91484375 0.59140625 0.1015625 0.428125
0 0.621875 0.4546875 0.01875 0.0765625
0 0.3390625 0.46171875 0.015625 0.0828125
0 0.353125 0.46015625 0.0140625 0.0671875
0 0.30390625 0.45703125 0.015625 0.0734375
0 0.2859375 0.459375 0.0140625 0.06875
0 0.2453125 0.459375 0.0140625 0.0703125
0 0.29609375 0.43046875 0.0078125 0.0296875