0 0.365625 0.50390625 0.0234375 0.1
0 0.3921875 0.4953125 0.0296875 0.1046875
0 0.59296875 0.6515625 0.109375 0.5640625
0 0.93984375 0.62734375 0.1203125 0.48125
0 0.50234375 0.63203125 0.071875 0.4859375
0 0.209375 0.48046875 0.0234375 0.103125
0 0.26796875 0.4703125 0.0234375 0.1
0 0.23359375 0.47109375 0.015625 0.1
0 0.22421875 0.48046875 0.025 0.0953125
0 0.20390625 0.4609375 0.021875 0.096875
0 0.0515625 0.58046875 0.103125 0.4203125
0 0.43828125 0.5078125 0.0359375 0.2015625
0 0.68203125 0.51640625 0.0453125 0.246875
0 0.7484375 0.4578125 0.0265625 0.1015625
0 0.33359375 0.4515625 0.009375 0.0578125
0 0.34921875 0.46015625 0.0140625 0.0671875
0 0.3640625 0.459375 0.0109375 0.065625
0 0.30703125 0.4515625 0.0109375 0.0546875
0 0.2953125 0.4515625 0.009375 0.0546875
0 0.31640625 0.4484375 0.0125 0.05
0 0.2859375 0.45078125 0.0109375 0.05625
0 0.31484375 0.42890625 0.009375 0.040625