0 0.58828125 0.4734375 0.0203125 0.1453125
0 0.575 0.48984375 0.0203125 0.121875
0 0.2171875 0.53046875 0.0515625 0.1828125
0 0.54921875 0.45859375 0.0203125 0.1
0 0.52265625 0.45859375 0.01875 0.090625
0 0.77890625 0.68046875 0.1421875 0.6390625
0 0.6609375 0.6609375 0.0859375 0.540625
0 0.46015625 0.51640625 0.0421875 0.278125
0 0.490625 0.5140625 0.065625 0.23125
0 0.43671875 0.540625 0.046875 0.2703125
0 0.35703125 0.52421875 0.0484375 0.25
0 0.85625 0.57578125 0.1078125 0.3796875
0 0.3984375 0.47421875 0.021875 0.1265625
0 0.56015625 0.45859375 0.01875 0.0859375
0 0.3328125 0.459375 0.0171875 0.0796875
0 0.3859375 0.45625 0.015625 0.0796875
0 0.30234375 0.45546875 0.0171875 0.071875
0 0.284375 0.459375 0.0140625 0.0671875
0 0.246875 0.46015625 0.0140625 0.0703125
0 0.3109375 0.4484375 0.009375 0.0453125
0 0.53515625 0.45078125 0.015625 0.0671875