0 0.48203125 0.5765625 0.075 0.35625
0 0.40625 0.646875 0.0828125 0.5328125
0 0.57421875 0.559375 0.084375 0.2953125
0 0.240625 0.48046875 0.0203125 0.1
0 0.275 0.47109375 0.015625 0.0984375
0 0.259375 0.471875 0.015625 0.0953125
0 0.22421875 0.48125 0.025 0.0953125
0 0.20390625 0.4609375 0.021875 0.096875
0 0.32109375 0.496875 0.028125 0.15625
0 0.63125 0.459375 0.01875 0.090625
0 0.34921875 0.46171875 0.0140625 0.0671875
0 0.30078125 0.45546875 0.0109375 0.0578125
0 0.290625 0.45078125 0.0125 0.0609375
0 0.31015625 0.4125 0.009375 0.040625
0 0.31484375 0.41015625 0.009375 0.0390625