0 0.5 0.49765625 0.0515625 0.1015625
0 0.38984375 0.49296875 0.0296875 0.1078125
0 0.615625 0.65546875 0.1125 0.5625
0 0.53984375 0.628125 0.0671875 0.4765625
0 0.44765625 0.471875 0.028125 0.0703125
0 0.428125 0.46796875 0.0296875 0.05625
0 0.25390625 0.46953125 0.01875 0.1015625
0 0.225 0.48046875 0.0234375 0.0953125
0 0.31640625 0.54375 0.071875 0.334375
0 0.203125 0.54453125 0.0515625 0.284375
0 0.14765625 0.58046875 0.0953125 0.3390625
0 0.05078125 0.5734375 0.1015625 0.3421875
0 0.5109375 0.49375 0.0390625 0.1796875
0 0.375 0.45078125 0.0125 0.0625
0 0.36484375 0.459375 0.009375 0.065625
0 0.27265625 0.45546875 0.0125 0.0625
0 0.26328125 0.4609375 0.0125 0.0765625