0 0.5 0.49765625 0.0515625 0.1015625
0 0.37890625 0.5546875 0.0515625 0.3
0 0.55703125 0.496875 0.0203125 0.1015625
0 0.575 0.49921875 0.01875 0.1046875
0 0.65234375 0.4578125 0.0203125 0.0921875
0 0.5328125 0.45703125 0.01875 0.0921875
0 0.57890625 0.4546875 0.0203125 0.1
0 0.5 0.45625 0.021875 0.10625
0 0.328125 0.5859375 0.0703125 0.35625
0 0.43203125 0.53359375 0.05 0.2296875
0 0.2671875 0.4796875 0.0171875 0.096875
0 0.2359375 0.4796875 0.025 0.096875
0 0.2046875 0.46015625 0.021875 0.096875
0 0.28359375 0.453125 0.015625 0.0640625