0 0.365625 0.50390625 0.0234375 0.1
0 0.39296875 0.4953125 0.0296875 0.1046875
0 0.59921875 0.65234375 0.0984375 0.5640625
0 0.50390625 0.63203125 0.075 0.4875
0 0.428125 0.46796875 0.0296875 0.05625
0 0.20859375 0.4796875 0.0234375 0.1015625
0 0.265625 0.4703125 0.0234375 0.1
0 0.22421875 0.48046875 0.025 0.0953125
0 0.20390625 0.4609375 0.021875 0.096875
0 0.09375 0.578125 0.14375 0.40625
0 0.45546875 0.50546875 0.04375 0.2
0 0.953125 0.57734375 0.0859375 0.4203125
0 0.66015625 0.515625 0.0578125 0.2359375
0 0.765625 0.45625 0.028125 0.1015625
0 0.33515625 0.45390625 0.0125 0.059375
0 0.34921875 0.46015625 0.0140625 0.0671875
0 0.36484375 0.459375 0.009375 0.065625
0 0.30703125 0.45078125 0.009375 0.0546875
0 0.29609375 0.4515625 0.009375 0.0546875
0 0.31640625 0.44765625 0.0125 0.05
0 0.2859375 0.44921875 0.0109375 0.0546875