0 0.5 0.49765625 0.0515625 0.1015625
0 0.575 0.49609375 0.021875 0.1078125
0 0.27734375 0.5140625 0.04375 0.159375
0 0.15859375 0.6703125 0.2140625 0.659375
0 0.55703125 0.45625 0.0203125 0.1015625
0 0.5265625 0.4578125 0.01875 0.0921875
0 0.7078125 0.68359375 0.1140625 0.6265625
0 0.628125 0.65390625 0.0796875 0.5296875
0 0.45625 0.51640625 0.046875 0.278125
0 0.3984375 0.54140625 0.0484375 0.275
0 0.32421875 0.52890625 0.0515625 0.25625
0 0.7859375 0.56171875 0.0734375 0.3515625
0 0.5484375 0.4578125 0.015625 0.0796875
0 0.5375 0.45234375 0.0125 0.0765625
0 0.3515625 0.46015625 0.0140625 0.0671875
0 0.365625 0.459375 0.009375 0.065625