0 0.5 0.49765625 0.0515625 0.1015625
0 0.4921875 0.4484375 0.0140625 0.065625
0 0.6046875 0.653125 0.0984375 0.5625
0 0.5484375 0.62890625 0.0671875 0.478125
0 0.44765625 0.471875 0.028125 0.0703125
0 0.428125 0.46796875 0.0296875 0.05625
0 0.21015625 0.48125 0.028125 0.1046875
0 0.38203125 0.528125 0.0703125 0.30625
0 0.3140625 0.5328125 0.0546875 0.2640625
0 0.26875 0.559375 0.08125 0.303125
0 0.178125 0.55390625 0.0625 0.3140625
0 0.46796875 0.48359375 0.03125 0.1609375
0 0.5046875 0.45078125 0.0140625 0.071875