0 0.93125 0.6515625 0.115625 0.5625
0 0.871875 0.68671875 0.125 0.625
0 0.44765625 0.471875 0.028125 0.0703125
0 0.428125 0.46796875 0.0296875 0.05625
0 0.2109375 0.48046875 0.025 0.1046875
0 0.22734375 0.47890625 0.0234375 0.09375
0 0.20390625 0.4609375 0.021875 0.096875
0 0.53671875 0.515625 0.040625 0.2703125
0 0.59453125 0.5390625 0.0578125 0.259375
0 0.48984375 0.51640625 0.0515625 0.234375
0 0.34765625 0.47109375 0.0203125 0.1046875
0 0.6328125 0.45625 0.021875 0.1015625
0 0.38203125 0.459375 0.01875 0.090625
0 0.365625 0.459375 0.009375 0.065625
0 0.37421875 0.46875 0.0109375 0.053125
0 0.31171875 0.459375 0.01875 0.075
0 0.2921875 0.4609375 0.0140625 0.075
0 0.240625 0.46015625 0.0125 0.0671875
0 0.27109375 0.44921875 0.0125 0.0515625
0 0.29765625 0.42421875 0.00625 0.0296875
0 0.30234375 0.42109375 0.0078125 0.0296875
0 0.40078125 0.44375 0.0140625 0.0546875
0 0.553125 0.45859375 0.0171875 0.0796875