0 0.3875 0.49140625 0.0296875 0.109375
0 0.61796875 0.65390625 0.1171875 0.5609375
0 0.54140625 0.628125 0.0671875 0.4765625
0 0.44765625 0.471875 0.028125 0.0703125
0 0.428125 0.46796875 0.0296875 0.05625
0 0.33203125 0.53828125 0.0640625 0.325
0 0.2390625 0.54375 0.090625 0.278125
0 0.19296875 0.5765625 0.0734375 0.321875
0 0.08203125 0.5703125 0.0890625 0.334375
0 0.496875 0.4890625 0.03125 0.1703125
0 0.37578125 0.45 0.0140625 0.0640625
0 0.2828125 0.453125 0.0140625 0.0625
0 0.29921875 0.45078125 0.009375 0.053125
0 0.29140625 0.4484375 0.009375 0.0515625