0 0.365625 0.50390625 0.0234375 0.1
0 0.39296875 0.4953125 0.0296875 0.1046875
0 0.59765625 0.6515625 0.1 0.5640625
0 0.9734375 0.63125 0.053125 0.478125
0 0.503125 0.63203125 0.075 0.4859375
0 0.428125 0.46796875 0.0296875 0.05625
0 0.209375 0.4796875 0.0234375 0.1015625
0 0.26640625 0.4703125 0.0234375 0.1
0 0.23203125 0.47109375 0.015625 0.1
0 0.22421875 0.48046875 0.025 0.0953125
0 0.20390625 0.4609375 0.021875 0.096875
0 0.0859375 0.58046875 0.1453125 0.4140625
0 0.4484375 0.5078125 0.040625 0.2015625
0 0.934375 0.5765625 0.0859375 0.415625
0 0.6640625 0.51328125 0.0578125 0.2359375
0 0.759375 0.45625 0.025 0.1015625
0 0.33515625 0.45390625 0.0125 0.059375
0 0.34921875 0.46015625 0.0140625 0.0671875
0 0.36484375 0.459375 0.009375 0.065625
0 0.30703125 0.4515625 0.009375 0.0546875
0 0.2953125 0.4515625 0.009375 0.0546875
0 0.31640625 0.4484375 0.0125 0.05
0 0.2859375 0.45078125 0.0109375 0.05625