0 0.94375 0.67109375 0.1125 0.6546875
0 0.81796875 0.684375 0.1140625 0.6015625
0 0.2109375 0.48046875 0.0265625 0.1046875
0 0.22734375 0.47890625 0.0234375 0.09375
0 0.20390625 0.4609375 0.021875 0.096875
0 0.50859375 0.51640625 0.0578125 0.2734375
0 0.59453125 0.51328125 0.04375 0.2234375
0 0.559375 0.540625 0.0625 0.25625
0 0.45234375 0.51875 0.065625 0.2359375
0 0.3546875 0.47109375 0.021875 0.109375
0 0.62265625 0.45234375 0.0171875 0.08125
0 0.61328125 0.46171875 0.0203125 0.090625
0 0.34609375 0.46328125 0.015625 0.0890625
0 0.38046875 0.4578125 0.015625 0.0859375
0 0.365625 0.459375 0.009375 0.065625
0 0.37421875 0.46875 0.0109375 0.0515625
0 0.3078125 0.45859375 0.01875 0.075
0 0.28984375 0.4609375 0.0140625 0.0703125
0 0.2421875 0.4609375 0.0140625 0.06875
0 0.2953125 0.425 0.0078125 0.0296875
0 0.3015625 0.4234375 0.0078125 0.0296875
0 0.39296875 0.44453125 0.0140625 0.05625