0 0.5 0.49765625 0.0515625 0.1015625
0 0.44765625 0.471875 0.028125 0.0703125
0 0.428125 0.46796875 0.0296875 0.05625
0 0.21015625 0.48046875 0.025 0.1046875
0 0.22734375 0.4796875 0.021875 0.09375
0 0.20390625 0.4609375 0.021875 0.096875
0 0.59609375 0.5140625 0.0546875 0.2625
0 0.6375 0.5125 0.0390625 0.2265625
0 0.66875 0.534375 0.04375 0.253125
0 0.54453125 0.5109375 0.04375 0.2203125
0 0.3359375 0.46640625 0.0171875 0.0953125
0 0.35546875 0.46796875 0.0203125 0.096875
0 0.38671875 0.46171875 0.0234375 0.0953125
0 0.365625 0.459375 0.009375 0.065625
0 0.37421875 0.46875 0.0078125 0.053125
0 0.3140625 0.4625 0.0171875 0.08125
0 0.296875 0.4640625 0.0140625 0.0765625
0 0.28984375 0.459375 0.0140625 0.06875
0 0.29765625 0.42109375 0.00625 0.028125
0 0.303125 0.415625 0.0078125 0.0296875
0 0.415625 0.44296875 0.0140625 0.05