0 0.5 0.49765625 0.0515625 0.1015625
0 0.82265625 0.56953125 0.125 0.3796875
0 0.3296875 0.534375 0.046875 0.2484375
0 0.86640625 0.56953125 0.1015625 0.3390625
0 0.55859375 0.496875 0.01875 0.1015625
0 0.57578125 0.5 0.0171875 0.10625
0 0.3875 0.48515625 0.0234375 0.0703125
0 0.38828125 0.45703125 0.0140625 0.0703125
0 0.6625 0.459375 0.0171875 0.09375
0 0.53828125 0.45859375 0.0203125 0.1078125
0 0.58203125 0.45625 0.0203125 0.1
0 0.49609375 0.4546875 0.021875 0.10625
0 0.26640625 0.54453125 0.065625 0.26875
0 0.353125 0.515625 0.0359375 0.1796875
0 0.75078125 0.459375 0.03125 0.1203125
0 0.44765625 0.471875 0.028125 0.0703125
0 0.428125 0.46796875 0.0296875 0.05625
0 0.20546875 0.46015625 0.021875 0.096875
0 0.22734375 0.46328125 0.021875 0.078125
0 0.30546875 0.415625 0.0109375 0.0390625
0 0.3140625 0.41328125 0.009375 0.0390625