0 0.5 0.49765625 0.0515625 0.1015625
0 0.809375 0.5640625 0.10625 0.3734375
0 0.328125 0.534375 0.046875 0.2484375
0 0.85625 0.56328125 0.1 0.3359375
0 0.55859375 0.496875 0.01875 0.1015625
0 0.57578125 0.5 0.0171875 0.10625
0 0.38828125 0.484375 0.021875 0.06875
0 0.3890625 0.45703125 0.0140625 0.0703125
0 0.6625 0.459375 0.0171875 0.09375
0 0.53828125 0.45625 0.0203125 0.1078125
0 0.58203125 0.45625 0.0203125 0.1
0 0.49609375 0.4546875 0.0234375 0.10625
0 0.2640625 0.54296875 0.0640625 0.265625
0 0.3515625 0.51328125 0.034375 0.1765625
0 0.7453125 0.46171875 0.028125 0.11875
0 0.44765625 0.471875 0.028125 0.0703125
0 0.428125 0.46796875 0.0296875 0.05625
0 0.20546875 0.46015625 0.021875 0.096875
0 0.22734375 0.46328125 0.021875 0.078125
0 0.52265625 0.45546875 0.015625 0.071875
0 0.30546875 0.41640625 0.0109375 0.040625
0 0.3140625 0.41328125 0.009375 0.0390625