0 0.5 0.49765625 0.0515625 0.1015625
0 0.403125 0.5578125 0.0625 0.3109375
0 0.55703125 0.496875 0.0203125 0.1015625
0 0.575 0.49921875 0.01875 0.1046875
0 0.634375 0.45859375 0.0203125 0.0921875
0 0.53046875 0.45703125 0.01875 0.0921875
0 0.578125 0.4546875 0.0203125 0.1
0 0.50859375 0.45625 0.01875 0.1046875
0 0.32578125 0.6140625 0.0765625 0.4203125
0 0.45546875 0.54609375 0.0453125 0.25625
0 0.25625 0.48125 0.0203125 0.103125
0 0.26953125 0.46875 0.01875 0.096875
0 0.2234375 0.4796875 0.0328125 0.0953125
0 0.20390625 0.46015625 0.021875 0.096875
0 0.47734375 0.5140625 0.040625 0.225
0 0.59453125 0.4609375 0.01875 0.084375
0 0.27890625 0.453125 0.015625 0.0640625