0 0.9203125 0.66875 0.159375 0.6625
0 0.8 0.6875 0.1 0.6015625
0 0.2109375 0.48046875 0.0265625 0.1046875
0 0.22734375 0.47890625 0.0234375 0.09375
0 0.20390625 0.4609375 0.021875 0.096875
0 0.4953125 0.51640625 0.0421875 0.275
0 0.5890625 0.51328125 0.0515625 0.2234375
0 0.54609375 0.540625 0.059375 0.25625
0 0.4453125 0.51953125 0.0640625 0.240625
0 0.359375 0.47109375 0.0234375 0.109375
0 0.62265625 0.453125 0.0171875 0.0796875
0 0.3453125 0.46328125 0.015625 0.0875
0 0.38125 0.4578125 0.015625 0.084375
0 0.30625 0.459375 0.0171875 0.075
0 0.28984375 0.46171875 0.0140625 0.0703125
0 0.24296875 0.459375 0.0140625 0.06875
0 0.29453125 0.425 0.0078125 0.0296875
0 0.3015625 0.42421875 0.0078125 0.0296875