0 0.53671875 0.671875 0.0859375 0.5921875
0 0.7265625 0.58359375 0.0671875 0.371875
0 0.4609375 0.62578125 0.0671875 0.45
0 0.428125 0.46796875 0.0296875 0.05625
0 0.21875 0.48046875 0.021875 0.103125
0 0.27421875 0.46953125 0.015625 0.1
0 0.24921875 0.47109375 0.015625 0.096875
0 0.20390625 0.4609375 0.021875 0.096875
0 0.365625 0.50234375 0.0328125 0.175
0 0.92421875 0.54453125 0.10625 0.3265625
0 0.6859375 0.46171875 0.0203125 0.0953125
0 0.590625 0.4609375 0.0265625 0.1015625
0 0.41171875 0.4515625 0.0109375 0.0671875
0 0.321875 0.4515625 0.009375 0.0546875
0 0.3328125 0.45 0.0125 0.05625
0 0.3484375 0.46015625 0.0140625 0.0671875
0 0.265625 0.465625 0.0125 0.075
0 0.3109375 0.45390625 0.0109375 0.0578125
0 0.29765625 0.45546875 0.0109375 0.0578125
0 0.29296875 0.45 0.0109375 0.059375
0 0.31328125 0.421875 0.0109375 0.040625
0 0.31875 0.41875 0.009375 0.0390625