0 0.5 0.49765625 0.0515625 0.1015625
0 0.37578125 0.55078125 0.0515625 0.2890625
0 0.55703125 0.496875 0.0203125 0.1015625
0 0.575 0.49921875 0.01875 0.1046875
0 0.65625 0.4578125 0.0203125 0.0921875
0 0.5328125 0.45703125 0.0203125 0.09375
0 0.57890625 0.4546875 0.0203125 0.1
0 0.49765625 0.45546875 0.021875 0.10625
0 0.32421875 0.5796875 0.06875 0.3453125
0 0.421875 0.5328125 0.04375 0.2265625
0 0.44765625 0.471875 0.028125 0.0703125
0 0.26875 0.48046875 0.0171875 0.09375
0 0.23984375 0.4796875 0.021875 0.0953125
0 0.2046875 0.46015625 0.021875 0.096875
0 0.28359375 0.45390625 0.015625 0.065625