0 0.365625 0.50390625 0.0234375 0.1
0 0.3921875 0.4953125 0.0296875 0.1046875
0 0.58984375 0.6515625 0.115625 0.5640625
0 0.9375 0.63046875 0.125 0.4703125
0 0.5 0.63203125 0.06875 0.4875
0 0.44765625 0.471875 0.028125 0.0703125
0 0.209375 0.48046875 0.0234375 0.103125
0 0.26875 0.4703125 0.0234375 0.1
0 0.234375 0.47109375 0.015625 0.1
0 0.22421875 0.48046875 0.025 0.0953125
0 0.20390625 0.4609375 0.021875 0.096875
0 0.0328125 0.5796875 0.065625 0.421875
0 0.4328125 0.5078125 0.034375 0.2015625
0 0.9 0.57890625 0.1171875 0.39375
0 0.69609375 0.51875 0.065625 0.2484375
0 0.74453125 0.45859375 0.028125 0.1
0 0.33359375 0.45078125 0.009375 0.05625
0 0.3484375 0.46015625 0.0140625 0.0671875
0 0.3640625 0.459375 0.0109375 0.065625
0 0.30703125 0.4515625 0.0109375 0.0546875
0 0.2953125 0.4515625 0.009375 0.0546875
0 0.315625 0.4484375 0.0125 0.05
0 0.28515625 0.45078125 0.0109375 0.05625
0 0.31484375 0.42890625 0.009375 0.040625