0 0.58828125 0.4734375 0.0203125 0.1453125
0 0.575 0.48828125 0.0203125 0.128125
0 0.20078125 0.534375 0.0546875 0.1890625
0 0.5484375 0.45859375 0.0203125 0.1
0 0.78359375 0.68046875 0.1453125 0.6390625
0 0.67109375 0.6609375 0.090625 0.540625
0 0.2265625 0.4796875 0.0234375 0.0953125
0 0.49921875 0.51328125 0.0609375 0.23125
0 0.446875 0.540625 0.0609375 0.26875
0 0.36640625 0.5234375 0.059375 0.25
0 0.8671875 0.57578125 0.0921875 0.390625
0 0.39609375 0.4734375 0.0234375 0.121875
0 0.625 0.45546875 0.01875 0.0765625
0 0.56328125 0.45703125 0.01875 0.0875
0 0.334375 0.459375 0.0171875 0.0796875
0 0.303125 0.45546875 0.015625 0.071875
0 0.284375 0.45859375 0.0140625 0.06875
0 0.246875 0.46015625 0.0140625 0.0703125
0 0.3109375 0.4484375 0.009375 0.0453125
0 0.5359375 0.45078125 0.0140625 0.065625