0 0.5 0.49765625 0.0515625 0.1015625
0 0.34609375 0.54296875 0.0484375 0.26875
0 0.5578125 0.496875 0.0203125 0.1015625
0 0.575 0.5 0.0171875 0.10625
0 0.66484375 0.459375 0.0171875 0.09375
0 0.5328125 0.46015625 0.0203125 0.10625
0 0.58046875 0.45546875 0.0203125 0.1
0 0.49375 0.4546875 0.0234375 0.10625
0 0.29765625 0.559375 0.06875 0.296875
0 0.38203125 0.52109375 0.0390625 0.2015625
0 0.81796875 0.4546875 0.0265625 0.1171875
0 0.44765625 0.471875 0.028125 0.0703125
0 0.428125 0.46796875 0.0296875 0.05625
0 0.25546875 0.47734375 0.015625 0.0921875
0 0.2046875 0.46015625 0.021875 0.096875
0 0.228125 0.46328125 0.0203125 0.078125
0 0.55078125 0.45546875 0.0171875 0.071875
0 0.5171875 0.4484375 0.0109375 0.05
0 0.30703125 0.41171875 0.009375 0.0390625
0 0.3140625 0.41015625 0.009375 0.0390625