0 0.584375 0.484375 0.028125 0.1296875
0 0.08671875 0.565625 0.0671875 0.2328125
0 0.88203125 0.67265625 0.1578125 0.6546875
0 0.74375 0.68203125 0.1109375 0.590625
0 0.44765625 0.471875 0.028125 0.0703125
0 0.21171875 0.48046875 0.025 0.1046875
0 0.2265625 0.47890625 0.0234375 0.09375
0 0.20390625 0.4609375 0.021875 0.096875
0 0.47890625 0.515625 0.0484375 0.2765625
0 0.559375 0.5140625 0.0421875 0.225
0 0.5078125 0.54140625 0.0765625 0.2625
0 0.40390625 0.52421875 0.0578125 0.25
0 0.9625 0.60078125 0.075 0.478125
0 0.37265625 0.471875 0.021875 0.1203125
0 0.621875 0.45390625 0.01875 0.078125
0 0.340625 0.46328125 0.015625 0.0828125
0 0.35390625 0.46015625 0.0140625 0.0671875
0 0.30546875 0.45859375 0.015625 0.0734375
0 0.2875 0.46015625 0.0140625 0.06875
0 0.24375 0.459375 0.0140625 0.06875
0 0.2953125 0.42890625 0.0078125 0.0296875