0 0.0328125 0.5671875 0.065625 0.25
0 0.896875 0.67578125 0.1625 0.6484375
0 0.76328125 0.68671875 0.1296875 0.6
0 0.44765625 0.471875 0.028125 0.0703125
0 0.2109375 0.48046875 0.0265625 0.1046875
0 0.22734375 0.47890625 0.0234375 0.09375
0 0.20390625 0.4609375 0.021875 0.096875
0 0.48046875 0.515625 0.0484375 0.2765625
0 0.5734375 0.5140625 0.0515625 0.2234375
0 0.51953125 0.53984375 0.0640625 0.259375
0 0.4171875 0.51953125 0.0453125 0.24375
0 0.365625 0.47109375 0.021875 0.1171875
0 0.621875 0.453125 0.0171875 0.0796875
0 0.5984375 0.46328125 0.01875 0.0875
0 0.34453125 0.4625 0.015625 0.0859375
0 0.3828125 0.4578125 0.015625 0.084375
0 0.30625 0.459375 0.015625 0.0734375
0 0.2890625 0.4609375 0.0140625 0.06875
0 0.24375 0.45859375 0.0140625 0.06875
0 0.2953125 0.4265625 0.0078125 0.0296875