0 0.5 0.49765625 0.0515625 0.1015625
0 0.58828125 0.4734375 0.0203125 0.1453125
0 0.575 0.49296875 0.0203125 0.115625
0 0.2453125 0.52109375 0.046875 0.1703125
0 0.078125 0.6796875 0.15625 0.640625
0 0.55234375 0.45703125 0.0203125 0.1
0 0.525 0.45859375 0.01875 0.090625
0 0.75078125 0.68203125 0.1140625 0.6359375
0 0.64375 0.6609375 0.0859375 0.5421875
0 0.2109375 0.48046875 0.0265625 0.10625
0 0.4578125 0.5171875 0.04375 0.2796875
0 0.4765625 0.51328125 0.0515625 0.2359375
0 0.415625 0.53984375 0.0515625 0.2765625
0 0.3453125 0.52734375 0.040625 0.2546875
0 0.82421875 0.56328125 0.078125 0.3640625
0 0.38671875 0.45546875 0.015625 0.0765625
0 0.365625 0.459375 0.009375 0.065625
0 0.3765625 0.46875 0.0140625 0.0515625
0 0.3015625 0.45390625 0.015625 0.071875
0 0.28203125 0.4578125 0.0140625 0.065625
0 0.3109375 0.4484375 0.009375 0.0453125