0 0.5 0.49765625 0.0515625 0.1015625
0 0.9359375 0.68671875 0.128125 0.6265625
0 0.44765625 0.471875 0.028125 0.0703125
0 0.428125 0.46796875 0.0296875 0.05625
0 0.2109375 0.48046875 0.025 0.1046875
0 0.22734375 0.4796875 0.021875 0.09375
0 0.20390625 0.4609375 0.021875 0.096875
0 0.57734375 0.51328125 0.05 0.2640625
0 0.64140625 0.53359375 0.065625 0.2546875
0 0.5296875 0.51171875 0.0546875 0.225
0 0.3390625 0.46796875 0.0171875 0.1
0 0.3546875 0.46640625 0.0203125 0.0953125
0 0.3859375 0.46171875 0.021875 0.0953125
0 0.365625 0.459375 0.009375 0.065625
0 0.37421875 0.46875 0.0078125 0.053125
0 0.3140625 0.4609375 0.0171875 0.078125
0 0.29609375 0.46328125 0.0140625 0.075
0 0.2890625 0.459375 0.0140625 0.06875
0 0.296875 0.42109375 0.00625 0.028125
0 0.303125 0.41796875 0.0078125 0.0296875
0 0.41171875 0.44296875 0.0140625 0.0515625