0 0.5 0.49765625 0.0515625 0.1015625
0 0.9140625 0.584375 0.128125 0.4359375
0 0.3390625 0.534375 0.0453125 0.2515625
0 0.5578125 0.496875 0.0203125 0.1015625
0 0.57578125 0.5 0.0171875 0.10625
0 0.3828125 0.49140625 0.0234375 0.08125
0 0.6640625 0.459375 0.0171875 0.09375
0 0.53671875 0.4609375 0.0203125 0.1078125
0 0.58125 0.45625 0.0203125 0.1
0 0.49375 0.4546875 0.0234375 0.10625
0 0.27734375 0.5484375 0.059375 0.2765625
0 0.36015625 0.5171875 0.0359375 0.1828125
0 0.7734375 0.45703125 0.0328125 0.1203125
0 0.825 0.46015625 0.028125 0.1140625
0 0.44765625 0.471875 0.028125 0.0703125
0 0.428125 0.46796875 0.0296875 0.05625
0 0.20546875 0.46015625 0.021875 0.096875
0 0.228125 0.46328125 0.0203125 0.078125
0 0.31171875 0.4828125 0.0203125 0.125
0 0.5171875 0.4484375 0.0109375 0.05
0 0.30546875 0.41328125 0.0109375 0.040625
0 0.3140625 0.4109375 0.009375 0.0390625