0 0.58828125 0.471875 0.01875 0.1453125
0 0.57578125 0.48359375 0.025 0.1328125
0 0.16328125 0.5453125 0.059375 0.2046875
0 0.80703125 0.67578125 0.134375 0.6484375
0 0.6875 0.6609375 0.1140625 0.5421875
0 0.428125 0.46796875 0.0296875 0.05625
0 0.21171875 0.48046875 0.025 0.10625
0 0.2265625 0.47890625 0.0234375 0.09375
0 0.20390625 0.4609375 0.021875 0.096875
0 0.52734375 0.51171875 0.053125 0.2296875
0 0.4625 0.53984375 0.0703125 0.265625
0 0.37109375 0.525 0.0609375 0.246875
0 0.89609375 0.584375 0.0796875 0.41875
0 0.62265625 0.45546875 0.01875 0.075
0 0.5640625 0.45625 0.01875 0.090625
0 0.33828125 0.4609375 0.015625 0.08125
0 0.30390625 0.45703125 0.015625 0.0734375
0 0.2859375 0.459375 0.0140625 0.06875
0 0.2453125 0.46015625 0.0140625 0.0703125
0 0.3109375 0.4484375 0.009375 0.0453125
0 0.29609375 0.43125 0.0078125 0.0296875