0 0.58828125 0.4734375 0.0203125 0.1453125
0 0.575 0.4890625 0.0203125 0.125
0 0.2125 0.53125 0.053125 0.184375
0 0.54921875 0.45859375 0.0203125 0.1
0 0.52265625 0.45859375 0.01875 0.090625
0 0.7796875 0.68046875 0.14375 0.6390625
0 0.66328125 0.6609375 0.0859375 0.540625
0 0.4609375 0.51640625 0.0421875 0.278125
0 0.49140625 0.5140625 0.065625 0.23125
0 0.4390625 0.540625 0.0515625 0.2703125
0 0.359375 0.52421875 0.0515625 0.25
0 0.859375 0.57890625 0.10625 0.3828125
0 0.39765625 0.4734375 0.0234375 0.125
0 0.5609375 0.45859375 0.01875 0.0875
0 0.3328125 0.459375 0.0171875 0.0796875
0 0.30234375 0.45546875 0.015625 0.071875
0 0.284375 0.45859375 0.0140625 0.06875
0 0.246875 0.46015625 0.0140625 0.0703125
0 0.3109375 0.4484375 0.009375 0.0453125
0 0.5359375 0.4515625 0.0140625 0.065625