0 0.43828125 0.56953125 0.05625 0.3359375
0 0.575 0.49921875 0.0203125 0.1046875
0 0.609375 0.4609375 0.0203125 0.0921875
0 0.58046875 0.45390625 0.0203125 0.1015625
0 0.3609375 0.62421875 0.09375 0.46875
0 0.50546875 0.553125 0.046875 0.2859375
0 0.24921875 0.4796875 0.0203125 0.1
0 0.27265625 0.4703125 0.01875 0.0984375
0 0.26171875 0.471875 0.015625 0.0953125
0 0.22421875 0.48125 0.0265625 0.096875
0 0.20390625 0.46015625 0.021875 0.096875
0 0.31015625 0.4921875 0.028125 0.14375
0 0.5375 0.52421875 0.05 0.25
0 0.290625 0.4515625 0.0140625 0.0671875
0 0.309375 0.4109375 0.0109375 0.0390625