0 0.54296875 0.6703125 0.084375 0.590625
0 0.7671875 0.5921875 0.1046875 0.3796875
0 0.46484375 0.625 0.0734375 0.45625
0 0.428125 0.46796875 0.0296875 0.05625
0 0.2140625 0.48125 0.0203125 0.1046875
0 0.27421875 0.4703125 0.015625 0.1
0 0.24609375 0.47109375 0.015625 0.096875
0 0.22421875 0.48125 0.025 0.09375
0 0.20390625 0.4609375 0.021875 0.096875
0 0.3796875 0.50234375 0.0359375 0.18125
0 0.86484375 0.534375 0.05625 0.3140625
0 0.69609375 0.459375 0.0234375 0.096875
0 0.32421875 0.45078125 0.0109375 0.0546875
0 0.3375 0.45078125 0.0140625 0.05625
0 0.3484375 0.46015625 0.0140625 0.0671875
0 0.2671875 0.465625 0.0125 0.075
0 0.309375 0.45390625 0.0109375 0.0578125
0 0.29765625 0.4546875 0.0125 0.0578125
0 0.29296875 0.44921875 0.0109375 0.059375
0 0.315625 0.44921875 0.0125 0.053125
0 0.2828125 0.44921875 0.0109375 0.0546875
0 0.3140625 0.42265625 0.009375 0.040625