0 0.5 0.49765625 0.0515625 0.1015625
0 0.575 0.496875 0.0234375 0.10625
0 0.18828125 0.66953125 0.20625 0.6609375
0 0.55859375 0.45625 0.0203125 0.1015625
0 0.5265625 0.4578125 0.01875 0.0921875
0 0.7 0.68359375 0.1296875 0.625
0 0.62578125 0.65078125 0.0828125 0.521875
0 0.45546875 0.515625 0.0453125 0.2796875
0 0.39140625 0.5421875 0.0515625 0.2734375
0 0.31875 0.52890625 0.0625 0.25625
0 0.7796875 0.5625 0.0796875 0.3453125
0 0.41484375 0.47421875 0.0265625 0.1328125
0 0.546875 0.45703125 0.015625 0.078125
0 0.35078125 0.46015625 0.0140625 0.0671875
0 0.365625 0.459375 0.009375 0.065625