0 0.365625 0.50390625 0.0234375 0.1
0 0.56171875 0.665625 0.078125 0.5890625
0 0.8546875 0.60625 0.1296875 0.415625
0 0.490625 0.62578125 0.0875 0.4625
0 0.44765625 0.471875 0.028125 0.0703125
0 0.209375 0.48046875 0.021875 0.103125
0 0.27265625 0.4703125 0.015625 0.1
0 0.23828125 0.47109375 0.015625 0.0984375
0 0.22421875 0.48046875 0.025 0.0953125
0 0.20390625 0.4609375 0.021875 0.096875
0 0.40859375 0.503125 0.034375 0.1890625
0 0.7671875 0.5234375 0.0828125 0.26875
0 0.721875 0.459375 0.0296875 0.096875
0 0.61484375 0.46328125 0.025 0.1
0 0.4375 0.4484375 0.0125 0.065625
0 0.33046875 0.4515625 0.009375 0.0546875
0 0.3484375 0.46015625 0.0140625 0.0671875
0 0.3640625 0.459375 0.0109375 0.065625
0 0.30703125 0.453125 0.0109375 0.05625
0 0.29765625 0.453125 0.015625 0.0546875
0 0.315625 0.4484375 0.0125 0.0515625
0 0.2828125 0.44921875 0.0109375 0.0546875
0 0.31484375 0.4265625 0.009375 0.040625