0 0.38671875 0.49140625 0.0296875 0.1109375
0 0.6171875 0.65390625 0.115625 0.5609375
0 0.5421875 0.628125 0.0671875 0.4765625
0 0.44765625 0.471875 0.028125 0.0703125
0 0.428125 0.46796875 0.0296875 0.05625
0 0.34140625 0.53515625 0.0625 0.31875
0 0.24765625 0.540625 0.0765625 0.275
0 0.20703125 0.5765625 0.0890625 0.315625
0 0.09609375 0.57109375 0.096875 0.3328125
0 0.4921875 0.48828125 0.03125 0.16875
0 0.284375 0.453125 0.0140625 0.0640625
0 0.30859375 0.4484375 0.0109375 0.0484375
0 0.29921875 0.45 0.009375 0.0515625
0 0.29140625 0.4484375 0.009375 0.0515625