0 0.5390625 0.58671875 0.090625 0.3953125
0 0.39140625 0.49609375 0.0265625 0.1046875
0 0.59140625 0.46171875 0.0203125 0.0921875
0 0.51640625 0.6671875 0.08125 0.5828125
0 0.68515625 0.575 0.1015625 0.340625
0 0.4484375 0.60703125 0.071875 0.4140625
0 0.22578125 0.48046875 0.01875 0.103125
0 0.275 0.46875 0.015625 0.1015625
0 0.253125 0.47109375 0.015625 0.0953125
0 0.20390625 0.4609375 0.021875 0.096875
0 0.35234375 0.50078125 0.03125 0.1734375
0 0.98046875 0.5515625 0.0390625 0.34375
0 0.58046875 0.4640625 0.028125 0.10625
0 0.31875 0.45078125 0.009375 0.0546875
0 0.3265625 0.45 0.009375 0.05625
0 0.26640625 0.465625 0.0125 0.0765625
0 0.3125 0.45390625 0.0109375 0.0578125
0 0.29921875 0.45546875 0.009375 0.0578125
0 0.2921875 0.45078125 0.0125 0.0609375
0 0.31171875 0.41953125 0.0109375 0.0390625
0 0.31796875 0.41640625 0.009375 0.0390625