0 0.55703125 0.49609375 0.0203125 0.0984375
0 0.3625 0.50390625 0.0265625 0.0984375
0 0.3921875 0.49453125 0.0296875 0.1046875
0 0.60703125 0.65625 0.0984375 0.5640625
0 0.51015625 0.63359375 0.075 0.490625
0 0.44765625 0.471875 0.028125 0.0703125
0 0.428125 0.46796875 0.0296875 0.05625
0 0.26015625 0.4703125 0.015625 0.1046875
0 0.20625 0.56015625 0.075 0.375
0 0.0765625 0.5625 0.0828125 0.3125
0 0.79609375 0.45546875 0.0203125 0.1015625
0 0.4578125 0.446875 0.0140625 0.0703125
0 0.33515625 0.45390625 0.0125 0.0625
0 0.34921875 0.46015625 0.0140625 0.0671875
0 0.36484375 0.459375 0.009375 0.065625
0 0.275 0.453125 0.0125 0.059375
0 0.26875 0.46171875 0.0140625 0.075
0 0.30703125 0.45078125 0.009375 0.0546875
0 0.296875 0.45078125 0.009375 0.0546875
0 0.315625 0.44609375 0.0109375 0.0484375
0 0.2875 0.44921875 0.009375 0.0546875