0 0.5 0.49765625 0.0515625 0.1015625
0 0.36875 0.5484375 0.0515625 0.284375
0 0.5578125 0.496875 0.0203125 0.1015625
0 0.57578125 0.5 0.01875 0.10625
0 0.66015625 0.45859375 0.0203125 0.0921875
0 0.5328125 0.4578125 0.0203125 0.0953125
0 0.5796875 0.45546875 0.0203125 0.1
0 0.49609375 0.45546875 0.021875 0.10625
0 0.3203125 0.57421875 0.0671875 0.3359375
0 0.41640625 0.53203125 0.0421875 0.225
0 0.44765625 0.471875 0.028125 0.0703125
0 0.271875 0.4765625 0.0171875 0.0890625
0 0.26640625 0.46953125 0.015625 0.096875
0 0.24296875 0.47890625 0.021875 0.096875
0 0.2046875 0.46015625 0.021875 0.096875
0 0.23515625 0.46171875 0.01875 0.0765625