0 0.5 0.49765625 0.0515625 0.1015625
0 0.40625 0.559375 0.0609375 0.3125
0 0.55703125 0.496875 0.0203125 0.1015625
0 0.57578125 0.49921875 0.01875 0.1046875
0 0.63125 0.45859375 0.0203125 0.0921875
0 0.53046875 0.45703125 0.01875 0.0921875
0 0.578125 0.4546875 0.0203125 0.1
0 0.509375 0.45703125 0.01875 0.1046875
0 0.3234375 0.6109375 0.078125 0.425
0 0.4578125 0.5453125 0.0453125 0.259375
0 0.2546875 0.4796875 0.01875 0.1
0 0.26953125 0.46875 0.01875 0.096875
0 0.2609375 0.47109375 0.015625 0.0953125
0 0.22265625 0.48046875 0.0328125 0.0953125
0 0.20390625 0.46015625 0.021875 0.096875
0 0.484375 0.51640625 0.0359375 0.2296875
0 0.59609375 0.46328125 0.01875 0.0828125