0 0.49140625 0.57734375 0.06875 0.359375
0 0.52421875 0.45625 0.01875 0.090625
0 0.41640625 0.6453125 0.0921875 0.5375
0 0.5765625 0.5640625 0.0875 0.303125
0 0.2390625 0.48046875 0.021875 0.1
0 0.27578125 0.4703125 0.0171875 0.1
0 0.25859375 0.471875 0.015625 0.0953125
0 0.22421875 0.48125 0.025 0.0953125
0 0.20390625 0.4609375 0.021875 0.096875
0 0.3234375 0.496875 0.028125 0.1578125
0 0.6359375 0.46015625 0.0203125 0.090625
0 0.3484375 0.46171875 0.0140625 0.0671875
0 0.3640625 0.45703125 0.0109375 0.0640625
0 0.30078125 0.45546875 0.0109375 0.0578125
0 0.290625 0.45078125 0.0125 0.0609375
0 0.31015625 0.41328125 0.009375 0.040625
0 0.31484375 0.41015625 0.009375 0.0390625