0 0.5 0.49765625 0.0515625 0.1015625
0 0.3703125 0.54921875 0.0515625 0.2859375
0 0.55703125 0.496875 0.0203125 0.1015625
0 0.57578125 0.5 0.01875 0.10625
0 0.659375 0.45859375 0.0203125 0.0921875
0 0.5328125 0.45703125 0.0203125 0.0953125
0 0.57890625 0.4546875 0.0203125 0.1
0 0.496875 0.45546875 0.0234375 0.10625
0 0.32109375 0.5734375 0.0671875 0.3359375
0 0.4171875 0.53203125 0.0421875 0.2265625
0 0.44765625 0.471875 0.028125 0.0703125
0 0.27109375 0.47734375 0.0171875 0.090625
0 0.26640625 0.46953125 0.015625 0.096875
0 0.2421875 0.47890625 0.021875 0.096875
0 0.2046875 0.46015625 0.021875 0.096875
0 0.2359375 0.46171875 0.01875 0.0765625