0 0.5 0.49765625 0.0515625 0.1015625
0 0.93359375 0.68671875 0.1328125 0.6265625
0 0.44765625 0.471875 0.028125 0.0703125
0 0.428125 0.46796875 0.0296875 0.05625
0 0.2109375 0.48046875 0.025 0.1046875
0 0.22734375 0.4796875 0.0234375 0.09375
0 0.20390625 0.4609375 0.021875 0.096875
0 0.5671875 0.5140625 0.059375 0.265625
0 0.6359375 0.534375 0.065625 0.2546875
0 0.52734375 0.51171875 0.0546875 0.2265625
0 0.34140625 0.46875 0.0171875 0.1
0 0.35390625 0.465625 0.0203125 0.0953125
0 0.38515625 0.46171875 0.021875 0.0953125
0 0.365625 0.459375 0.009375 0.065625
0 0.37421875 0.46875 0.0109375 0.053125
0 0.31328125 0.4609375 0.01875 0.0765625
0 0.2953125 0.4625 0.0140625 0.075
0 0.28359375 0.44765625 0.009375 0.053125
0 0.2890625 0.459375 0.0140625 0.06875
0 0.296875 0.42109375 0.00625 0.028125
0 0.303125 0.41875 0.0078125 0.0296875
0 0.41015625 0.44296875 0.0140625 0.053125