0 0.5 0.49765625 0.0515625 0.1015625
0 0.85234375 0.56953125 0.1015625 0.39375
0 0.3328125 0.534375 0.046875 0.25
0 0.9078125 0.56328125 0.1015625 0.353125
0 0.55859375 0.496875 0.01875 0.1015625
0 0.57578125 0.5 0.0171875 0.10625
0 0.38671875 0.48984375 0.025 0.071875
0 0.3875 0.45859375 0.0140625 0.0703125
0 0.66328125 0.459375 0.0171875 0.09375
0 0.5375 0.46015625 0.0203125 0.1078125
0 0.58203125 0.45625 0.0203125 0.1
0 0.4953125 0.4546875 0.0234375 0.10625
0 0.27265625 0.54375 0.0609375 0.26875
0 0.35625 0.51640625 0.0359375 0.1796875
0 0.76015625 0.45625 0.0359375 0.1203125
0 0.44765625 0.471875 0.028125 0.0703125
0 0.428125 0.46796875 0.0296875 0.05625
0 0.20546875 0.46015625 0.021875 0.096875
0 0.228125 0.46328125 0.0203125 0.078125
0 0.5171875 0.4484375 0.0109375 0.05
0 0.30546875 0.4140625 0.0109375 0.040625
0 0.3140625 0.41171875 0.009375 0.0390625