0 0.5 0.49765625 0.0515625 0.1015625
0 0.346875 0.54375 0.046875 0.2640625
0 0.5578125 0.496875 0.0203125 0.1015625
0 0.575 0.5 0.0171875 0.10625
0 0.66484375 0.459375 0.0171875 0.09375
0 0.5328125 0.4609375 0.0203125 0.10625
0 0.58046875 0.45546875 0.0203125 0.1
0 0.49375 0.4546875 0.021875 0.10625
0 0.2890625 0.55546875 0.06875 0.296875
0 0.378125 0.52265625 0.0390625 0.203125
0 0.81015625 0.45546875 0.028125 0.1171875
0 0.44765625 0.471875 0.028125 0.0703125
0 0.428125 0.46796875 0.0296875 0.05625
0 0.2578125 0.4765625 0.015625 0.090625
0 0.2046875 0.46015625 0.021875 0.096875
0 0.228125 0.46328125 0.0203125 0.078125
0 0.54765625 0.45546875 0.015625 0.071875
0 0.5171875 0.4484375 0.0109375 0.05
0 0.30625 0.41171875 0.009375 0.0390625