0 0.94296875 0.65078125 0.1140625 0.565625
0 0.88125 0.68671875 0.134375 0.6265625
0 0.44765625 0.471875 0.028125 0.0703125
0 0.428125 0.46796875 0.0296875 0.05625
0 0.2109375 0.48046875 0.025 0.1046875
0 0.22734375 0.47890625 0.0234375 0.09375
0 0.20390625 0.4609375 0.021875 0.096875
0 0.5453125 0.5140625 0.0515625 0.2671875
0 0.59765625 0.53984375 0.059375 0.259375
0 0.49140625 0.51484375 0.0515625 0.23125
0 0.34609375 0.46953125 0.0203125 0.1015625
0 0.63828125 0.45859375 0.0234375 0.1
0 0.353125 0.46484375 0.0234375 0.090625
0 0.38203125 0.459375 0.01875 0.090625
0 0.365625 0.459375 0.009375 0.065625
0 0.37421875 0.46875 0.0109375 0.053125
0 0.31171875 0.459375 0.01875 0.075
0 0.29296875 0.4609375 0.0140625 0.075
0 0.240625 0.46015625 0.0125 0.0671875
0 0.2734375 0.4484375 0.0140625 0.053125
0 0.28828125 0.4578125 0.0125 0.065625
0 0.29765625 0.4234375 0.00625 0.0296875
0 0.30234375 0.4203125 0.0078125 0.0296875
0 0.40234375 0.44375 0.0140625 0.0546875