0 0.3625 0.50390625 0.0265625 0.0984375
0 0.3921875 0.49453125 0.0296875 0.1046875
0 0.60703125 0.65625 0.0984375 0.565625
0 0.5109375 0.63359375 0.0765625 0.490625
0 0.44765625 0.471875 0.028125 0.0703125
0 0.428125 0.46796875 0.0296875 0.05625
0 0.26015625 0.47109375 0.015625 0.103125
0 0.2109375 0.559375 0.0671875 0.375
0 0.08125 0.56171875 0.0875 0.3109375
0 0.796875 0.45546875 0.01875 0.1015625
0 0.45859375 0.446875 0.0140625 0.0703125
0 0.3359375 0.4546875 0.0140625 0.0609375
0 0.34921875 0.46015625 0.0140625 0.0671875
0 0.36484375 0.459375 0.009375 0.065625
0 0.275 0.453125 0.0125 0.059375
0 0.26875 0.4625 0.0140625 0.075
0 0.3078125 0.45078125 0.0109375 0.0546875
0 0.296875 0.45078125 0.009375 0.0546875
0 0.315625 0.44609375 0.0109375 0.0484375
0 0.28828125 0.44921875 0.0109375 0.0546875