0 0.365625 0.50390625 0.0234375 0.1
0 0.57421875 0.6578125 0.09375 0.5765625
0 0.90625 0.61640625 0.08125 0.45
0 0.50078125 0.6328125 0.0734375 0.4890625
0 0.44765625 0.471875 0.028125 0.0703125
0 0.209375 0.48046875 0.021875 0.103125
0 0.27109375 0.4703125 0.0203125 0.1
0 0.2359375 0.47109375 0.015625 0.1
0 0.22421875 0.48046875 0.025 0.0953125
0 0.20390625 0.4609375 0.021875 0.096875
0 0.03046875 0.58046875 0.0609375 0.4234375
0 0.42265625 0.50703125 0.0375 0.1953125
0 0.8734375 0.5671875 0.075 0.3765625
0 0.721875 0.5234375 0.059375 0.2578125
0 0.625 0.459375 0.025 0.096875
0 0.44609375 0.446875 0.0125 0.065625
0 0.33203125 0.45078125 0.0109375 0.05625
0 0.3484375 0.46015625 0.0140625 0.0671875
0 0.3640625 0.459375 0.0109375 0.065625
0 0.30703125 0.45234375 0.0125 0.0546875
0 0.296875 0.453125 0.0125 0.0546875
0 0.315625 0.4484375 0.0125 0.0515625
0 0.284375 0.45078125 0.0109375 0.05625
0 0.31484375 0.428125 0.009375 0.040625