0 0.55703125 0.4984375 0.0203125 0.096875
0 0.575 0.49921875 0.0203125 0.1046875
0 0.59140625 0.46171875 0.0203125 0.0921875
0 0.47890625 0.64765625 0.125 0.5421875
0 0.63203125 0.57421875 0.0734375 0.3359375
0 0.43203125 0.60546875 0.0765625 0.4046875
0 0.22890625 0.48046875 0.0203125 0.1015625
0 0.27578125 0.46875 0.015625 0.1015625
0 0.25546875 0.47109375 0.0171875 0.0953125
0 0.20390625 0.4609375 0.021875 0.096875
0 0.24765625 0.46328125 0.015625 0.075
0 0.34140625 0.49921875 0.0359375 0.16875
0 0.5671875 0.46484375 0.0203125 0.1078125
0 0.3640625 0.459375 0.0109375 0.065625
0 0.31328125 0.45390625 0.0109375 0.0578125
0 0.3 0.45546875 0.0109375 0.0578125
0 0.2921875 0.45078125 0.0125 0.0609375
0 0.3109375 0.4171875 0.009375 0.040625
0 0.31640625 0.4140625 0.009375 0.0390625