0 0.38828125 0.4921875 0.0296875 0.109375
0 0.6171875 0.6546875 0.1171875 0.5609375
0 0.540625 0.628125 0.0671875 0.4765625
0 0.44765625 0.471875 0.028125 0.0703125
0 0.428125 0.46796875 0.0296875 0.05625
0 0.3234375 0.54375 0.075 0.3296875
0 0.22890625 0.54609375 0.0796875 0.28125
0 0.16953125 0.578125 0.0609375 0.3296875
0 0.06015625 0.571875 0.0984375 0.3390625
0 0.50390625 0.4890625 0.0328125 0.175
0 0.375 0.45078125 0.0140625 0.0625
0 0.36484375 0.459375 0.009375 0.065625
0 0.28203125 0.453125 0.0140625 0.0609375
0 0.2734375 0.45546875 0.0125 0.0625