0 0.5 0.49765625 0.0515625 0.1015625
0 0.39609375 0.55390625 0.0625 0.3046875
0 0.55703125 0.496875 0.0203125 0.1015625
0 0.575 0.49921875 0.01875 0.1046875
0 0.63984375 0.4578125 0.0203125 0.0921875
0 0.53125 0.45703125 0.01875 0.0921875
0 0.578125 0.4546875 0.0203125 0.1
0 0.50703125 0.45546875 0.01875 0.1046875
0 0.33359375 0.60234375 0.0765625 0.396875
0 0.44765625 0.5375 0.0453125 0.2515625
0 0.26015625 0.48125 0.021875 0.096875
0 0.26796875 0.46875 0.0171875 0.096875
0 0.22578125 0.478125 0.03125 0.0953125
0 0.20390625 0.46015625 0.021875 0.096875
0 0.24921875 0.459375 0.015625 0.0765625
0 0.4703125 0.51484375 0.046875 0.21875
0 0.590625 0.459375 0.01875 0.0828125
0 0.29609375 0.45390625 0.0125 0.06875
0 0.28046875 0.453125 0.015625 0.0640625