0 0.46171875 0.56953125 0.078125 0.34375
0 0.60234375 0.4609375 0.0203125 0.0921875
0 0.38203125 0.63828125 0.0890625 0.4921875
0 0.528125 0.55703125 0.0578125 0.2953125
0 0.24765625 0.48046875 0.01875 0.1
0 0.2734375 0.46953125 0.0171875 0.1
0 0.26015625 0.471875 0.015625 0.0953125
0 0.2234375 0.48046875 0.0265625 0.0984375
0 0.20390625 0.46015625 0.021875 0.096875
0 0.31171875 0.49375 0.03125 0.15
0 0.56171875 0.53046875 0.0515625 0.25625
0 0.62265625 0.459375 0.01875 0.0890625
0 0.290625 0.45078125 0.0140625 0.0640625
0 0.309375 0.4109375 0.0109375 0.0390625
0 0.31484375 0.41015625 0.009375 0.0390625