0 0.5 0.49765625 0.0515625 0.1015625
0 0.378125 0.55390625 0.0515625 0.3
0 0.55703125 0.496875 0.0203125 0.1015625
0 0.575 0.49921875 0.01875 0.1046875
0 0.653125 0.4578125 0.0203125 0.0921875
0 0.5328125 0.45703125 0.01875 0.0921875
0 0.57890625 0.4546875 0.0203125 0.1
0 0.49921875 0.45625 0.021875 0.10625
0 0.32734375 0.5859375 0.06875 0.3546875
0 0.43125 0.53359375 0.0515625 0.228125
0 0.2671875 0.4796875 0.0171875 0.096875
0 0.23671875 0.48046875 0.025 0.0953125
0 0.2046875 0.46015625 0.021875 0.096875
0 0.28359375 0.453125 0.015625 0.0640625