0 0.5 0.49765625 0.0515625 0.1015625
0 0.6109375 0.65390625 0.103125 0.559375
0 0.5453125 0.628125 0.0671875 0.4765625
0 0.44765625 0.471875 0.028125 0.0703125
0 0.428125 0.46796875 0.0296875 0.05625
0 0.21015625 0.48046875 0.028125 0.1046875
0 0.20390625 0.4609375 0.021875 0.096875
0 0.37265625 0.53359375 0.0796875 0.309375
0 0.296875 0.540625 0.078125 0.271875
0 0.24140625 0.5609375 0.0546875 0.3015625
0 0.14921875 0.56328125 0.0828125 0.321875
0 0.4734375 0.4859375 0.03125 0.1640625
0 0.50078125 0.45078125 0.0140625 0.071875