0 0.58828125 0.471875 0.01875 0.1453125
0 0.57578125 0.484375 0.0234375 0.1328125
0 0.171875 0.54296875 0.059375 0.2
0 0.7984375 0.67734375 0.140625 0.6453125
0 0.68515625 0.6609375 0.1125 0.5421875
0 0.428125 0.46796875 0.0296875 0.05625
0 0.21171875 0.48046875 0.025 0.10625
0 0.2265625 0.47890625 0.0234375 0.09375
0 0.525 0.51171875 0.05 0.23125
0 0.4578125 0.5390625 0.0703125 0.265625
0 0.3703125 0.52421875 0.0609375 0.246875
0 0.8890625 0.58046875 0.0765625 0.4125
0 0.62265625 0.4546875 0.01875 0.0765625
0 0.56171875 0.45546875 0.01875 0.0890625
0 0.3375 0.46015625 0.015625 0.0796875
0 0.30390625 0.45625 0.015625 0.0734375
0 0.2859375 0.459375 0.0140625 0.06875
0 0.24609375 0.46015625 0.0140625 0.0703125
0 0.3109375 0.4484375 0.009375 0.0453125
0 0.29609375 0.43125 0.0078125 0.0296875