0 0.5 0.49765625 0.0515625 0.1015625
0 0.78046875 0.559375 0.0671875 0.365625
0 0.32734375 0.53359375 0.0453125 0.246875
0 0.834375 0.5578125 0.0671875 0.325
0 0.55859375 0.496875 0.01875 0.1015625
0 0.57578125 0.5 0.0171875 0.10625
0 0.3890625 0.45703125 0.0140625 0.0703125
0 0.6625 0.459375 0.0171875 0.09375
0 0.53828125 0.4546875 0.0203125 0.1078125
0 0.58203125 0.45625 0.0203125 0.1
0 0.49609375 0.4546875 0.021875 0.10625
0 0.2625 0.5421875 0.065625 0.2625
0 0.34921875 0.5109375 0.0328125 0.1734375
0 0.7359375 0.46171875 0.034375 0.115625
0 0.44765625 0.471875 0.028125 0.0703125
0 0.428125 0.46796875 0.0296875 0.05625
0 0.29375 0.471875 0.01875 0.0859375
0 0.20546875 0.46015625 0.021875 0.096875
0 0.22734375 0.46328125 0.021875 0.078125
0 0.51953125 0.45625 0.0171875 0.071875
0 0.30546875 0.4171875 0.0109375 0.040625
0 0.3140625 0.4140625 0.009375 0.0390625