0 0.92109375 0.66796875 0.1546875 0.6640625
0 0.8046875 0.6875 0.096875 0.6015625
0 0.2109375 0.48046875 0.0265625 0.1046875
0 0.22734375 0.47890625 0.0234375 0.09375
0 0.20390625 0.4609375 0.021875 0.096875
0 0.49765625 0.51640625 0.04375 0.275
0 0.590625 0.51328125 0.05 0.2234375
0 0.54921875 0.540625 0.059375 0.25625
0 0.44609375 0.51953125 0.065625 0.2390625
0 0.35859375 0.47109375 0.021875 0.109375
0 0.62265625 0.45234375 0.0171875 0.08125
0 0.34609375 0.46328125 0.015625 0.0875
0 0.38125 0.45859375 0.015625 0.084375
0 0.30625 0.45859375 0.0171875 0.075
0 0.28984375 0.46171875 0.0140625 0.0703125
0 0.24296875 0.4609375 0.0140625 0.06875
0 0.29453125 0.425 0.0078125 0.0296875
0 0.3015625 0.4234375 0.0078125 0.0296875