0 0.365625 0.50390625 0.0234375 0.1
0 0.3921875 0.4953125 0.028125 0.1046875
0 0.58203125 0.6546875 0.10625 0.5703125
0 0.92421875 0.6234375 0.109375 0.4578125
0 0.5015625 0.6328125 0.0734375 0.4890625
0 0.44765625 0.471875 0.028125 0.0703125
0 0.209375 0.48046875 0.0234375 0.103125
0 0.2703125 0.4703125 0.021875 0.1
0 0.23515625 0.47109375 0.015625 0.1
0 0.22421875 0.48046875 0.025 0.0953125
0 0.20390625 0.4609375 0.021875 0.096875
0 0.03046875 0.58046875 0.0609375 0.4234375
0 0.4265625 0.50703125 0.034375 0.2
0 0.884375 0.571875 0.0921875 0.384375
0 0.7109375 0.52421875 0.071875 0.2546875
0 0.44921875 0.446875 0.0125 0.065625
0 0.3328125 0.45078125 0.0109375 0.05625
0 0.3484375 0.46015625 0.0140625 0.0671875
0 0.3640625 0.459375 0.0109375 0.065625
0 0.30703125 0.45234375 0.0125 0.0546875
0 0.29609375 0.453125 0.0109375 0.0546875
0 0.315625 0.4484375 0.0125 0.05
0 0.28515625 0.45078125 0.0109375 0.05625
0 0.31484375 0.428125 0.009375 0.040625