0 0.41171875 0.56015625 0.059375 0.3171875
0 0.55703125 0.496875 0.0203125 0.1015625
0 0.57578125 0.49921875 0.01875 0.1046875
0 0.62890625 0.45859375 0.0203125 0.0921875
0 0.5296875 0.45703125 0.01875 0.0921875
0 0.578125 0.4546875 0.0203125 0.1
0 0.321875 0.6078125 0.0828125 0.43125
0 0.46015625 0.54453125 0.04375 0.2640625
0 0.353125 0.575 0.0625 0.321875
0 0.25390625 0.4796875 0.01875 0.1
0 0.2703125 0.46875 0.01875 0.096875
0 0.2609375 0.47109375 0.015625 0.0953125
0 0.22265625 0.48046875 0.0328125 0.0953125
0 0.20390625 0.46015625 0.021875 0.096875
0 0.49296875 0.5203125 0.0390625 0.23125
0 0.59765625 0.4609375 0.0171875 0.084375