0 0.58828125 0.4734375 0.0203125 0.1453125
0 0.575 0.49140625 0.0203125 0.11875
0 0.23359375 0.525 0.05 0.1765625
0 0.06328125 0.6765625 0.1265625 0.646875
0 0.55078125 0.45703125 0.0203125 0.1
0 0.52421875 0.45859375 0.01875 0.090625
0 0.76640625 0.68203125 0.1296875 0.6359375
0 0.6515625 0.6609375 0.0890625 0.540625
0 0.459375 0.5171875 0.0421875 0.2796875
0 0.48515625 0.51328125 0.0625 0.234375
0 0.421875 0.53984375 0.053125 0.2734375
0 0.35 0.52578125 0.04375 0.253125
0 0.84140625 0.5671875 0.1015625 0.3703125
0 0.38671875 0.45625 0.015625 0.0765625
0 0.37578125 0.46875 0.0140625 0.0515625
0 0.3015625 0.4546875 0.0171875 0.071875
0 0.2828125 0.45859375 0.0140625 0.0671875
0 0.3109375 0.4484375 0.009375 0.0453125
0 0.53515625 0.45234375 0.015625 0.071875