0 0.5 0.49765625 0.0515625 0.1015625
0 0.38515625 0.55390625 0.053125 0.303125
0 0.55703125 0.496875 0.0203125 0.1015625
0 0.575 0.49921875 0.01875 0.1046875
0 0.64296875 0.4578125 0.0203125 0.0921875
0 0.53203125 0.45703125 0.01875 0.0921875
0 0.578125 0.4546875 0.0203125 0.1
0 0.50625 0.45546875 0.0203125 0.1046875
0 0.33515625 0.59453125 0.075 0.3859375
0 0.44296875 0.5359375 0.0453125 0.2453125
0 0.26171875 0.48046875 0.0203125 0.0984375
0 0.26796875 0.46953125 0.0171875 0.096875
0 0.228125 0.47890625 0.03125 0.096875
0 0.20390625 0.46015625 0.021875 0.096875
0 0.24609375 0.459375 0.0171875 0.0765625
0 0.4625 0.51328125 0.0453125 0.2171875
0 0.5875 0.45859375 0.01875 0.08125
0 0.296875 0.45390625 0.0125 0.06875
0 0.28203125 0.453125 0.015625 0.0640625