0 0.41796875 0.56171875 0.059375 0.3203125
0 0.55703125 0.496875 0.0203125 0.1015625
0 0.57578125 0.49921875 0.01875 0.1046875
0 0.625 0.459375 0.0203125 0.090625
0 0.5296875 0.45703125 0.01875 0.0921875
0 0.578125 0.45390625 0.0203125 0.1015625
0 0.32578125 0.6078125 0.09375 0.4359375
0 0.4703125 0.54453125 0.0546875 0.265625
0 0.253125 0.4796875 0.015625 0.1
0 0.27109375 0.46953125 0.0171875 0.0984375
0 0.2234375 0.48046875 0.03125 0.0953125
0 0.20390625 0.46015625 0.021875 0.096875
0 0.5 0.521875 0.040625 0.2359375
0 0.60078125 0.4609375 0.015625 0.0828125