0 0.5 0.49765625 0.0515625 0.1015625
0 0.34921875 0.50390625 0.028125 0.090625
0 0.390625 0.49375 0.0296875 0.10625
0 0.6140625 0.65546875 0.109375 0.5625
0 0.5359375 0.628125 0.0703125 0.4765625
0 0.44765625 0.471875 0.028125 0.0703125
0 0.428125 0.46796875 0.0296875 0.05625
0 0.2546875 0.4703125 0.0203125 0.1015625
0 0.225 0.48046875 0.0234375 0.0953125
0 0.303125 0.54140625 0.0640625 0.3375
0 0.1828125 0.55 0.071875 0.29375
0 0.13671875 0.584375 0.1109375 0.3453125
0 0.03203125 0.575 0.0640625 0.346875
0 0.37421875 0.45078125 0.0125 0.0625
0 0.35 0.46015625 0.0140625 0.0671875
0 0.36484375 0.459375 0.009375 0.065625
0 0.26328125 0.46171875 0.0125 0.0765625