0 0.5 0.49765625 0.0515625 0.1015625
0 0.58828125 0.47421875 0.0203125 0.1453125
0 0.575 0.49375 0.021875 0.1125
0 0.2234375 0.52890625 0.0390625 0.1203125
0 0.26171875 0.5171875 0.0453125 0.1640625
0 0.09921875 0.68046875 0.1984375 0.6390625
0 0.5546875 0.45703125 0.0203125 0.1015625
0 0.5265625 0.45859375 0.01875 0.090625
0 0.728125 0.6828125 0.090625 0.634375
0 0.634375 0.6609375 0.0796875 0.54375
0 0.2109375 0.48046875 0.0265625 0.10625
0 0.45703125 0.51796875 0.0453125 0.2796875
0 0.41171875 0.53984375 0.0484375 0.2765625
0 0.33671875 0.528125 0.0390625 0.25625
0 0.80546875 0.56015625 0.059375 0.3578125
0 0.5421875 0.45390625 0.015625 0.078125
0 0.38671875 0.45546875 0.015625 0.075
0 0.365625 0.459375 0.009375 0.065625
0 0.37734375 0.46875 0.0125 0.0515625
0 0.30078125 0.45390625 0.0171875 0.0703125
0 0.28046875 0.45703125 0.0140625 0.065625
0 0.3109375 0.4484375 0.009375 0.0453125