0 0.4375 0.56953125 0.05625 0.3359375
0 0.575 0.49921875 0.0203125 0.1046875
0 0.61015625 0.4609375 0.0203125 0.0921875
0 0.58046875 0.45390625 0.0203125 0.1015625
0 0.359375 0.6234375 0.0953125 0.465625
0 0.50390625 0.553125 0.0484375 0.2859375
0 0.24921875 0.4796875 0.0203125 0.1
0 0.27265625 0.4703125 0.01875 0.0984375
0 0.26171875 0.471875 0.015625 0.0953125
0 0.225 0.48203125 0.0265625 0.0953125
0 0.20390625 0.46015625 0.021875 0.096875
0 0.31015625 0.49140625 0.028125 0.14375
0 0.5359375 0.525 0.0515625 0.25
0 0.290625 0.4515625 0.0140625 0.0671875
0 0.309375 0.4109375 0.0109375 0.0390625