0 0.3578125 0.503125 0.028125 0.0921875
0 0.3921875 0.49453125 0.0296875 0.1046875
0 0.6125 0.65546875 0.109375 0.5625
0 0.52421875 0.628125 0.075 0.475
0 0.44765625 0.471875 0.028125 0.0703125
0 0.428125 0.46796875 0.0296875 0.05625
0 0.20859375 0.48046875 0.025 0.1046875
0 0.26328125 0.55546875 0.0984375 0.3515625
0 0.1515625 0.5546875 0.065625 0.3
0 0.07734375 0.58984375 0.084375 0.36875
0 0.8171875 0.45390625 0.025 0.1015625
0 0.47265625 0.4484375 0.0140625 0.0703125
0 0.33359375 0.45546875 0.0140625 0.065625
0 0.35 0.46015625 0.0140625 0.0671875
0 0.36484375 0.459375 0.009375 0.065625
0 0.315625 0.44609375 0.0109375 0.0484375