0 0.55703125 0.49921875 0.0203125 0.096875
0 0.575 0.49921875 0.0203125 0.1046875
0 0.365625 0.50390625 0.025 0.1
0 0.46796875 0.6484375 0.146875 0.54375
0 0.615625 0.5703125 0.0671875 0.321875
0 0.23203125 0.48046875 0.025 0.1015625
0 0.27578125 0.46875 0.0171875 0.1015625
0 0.25625 0.47109375 0.0171875 0.0953125
0 0.20390625 0.4609375 0.021875 0.096875
0 0.33359375 0.49921875 0.028125 0.16875
0 0.5609375 0.471875 0.0203125 0.121875
0 0.3484375 0.4609375 0.0140625 0.0671875
0 0.3640625 0.459375 0.0109375 0.065625
0 0.3140625 0.45390625 0.0109375 0.0578125
0 0.3 0.45546875 0.0109375 0.0578125
0 0.2921875 0.45078125 0.0125 0.0609375
0 0.3109375 0.41640625 0.009375 0.040625
0 0.31640625 0.41328125 0.009375 0.0390625