0 0.5 0.49765625 0.0515625 0.1015625
0 0.40703125 0.559375 0.0609375 0.3140625
0 0.55703125 0.496875 0.0203125 0.1015625
0 0.57578125 0.49921875 0.01875 0.1046875
0 0.63046875 0.45859375 0.0203125 0.0921875
0 0.53046875 0.45703125 0.01875 0.0921875
0 0.578125 0.4546875 0.0203125 0.1
0 0.509375 0.45703125 0.01875 0.1046875
0 0.32265625 0.61015625 0.0796875 0.4265625
0 0.45859375 0.54453125 0.04375 0.2609375
0 0.2546875 0.4796875 0.01875 0.1
0 0.26953125 0.46875 0.01875 0.096875
0 0.2609375 0.47109375 0.015625 0.0953125
0 0.22265625 0.48046875 0.0328125 0.0953125
0 0.20390625 0.46015625 0.021875 0.096875
0 0.48671875 0.51640625 0.034375 0.2296875
0 0.59609375 0.46171875 0.0171875 0.084375