0 0.05234375 0.56875 0.06875 0.24375
0 0.890625 0.67421875 0.1609375 0.6515625
0 0.75703125 0.6875 0.1296875 0.6015625
0 0.44765625 0.471875 0.028125 0.0703125
0 0.21171875 0.48046875 0.025 0.1046875
0 0.2265625 0.47890625 0.0234375 0.09375
0 0.20390625 0.4609375 0.021875 0.096875
0 0.48046875 0.515625 0.0484375 0.2765625
0 0.5703125 0.51640625 0.0515625 0.2234375
0 0.5125 0.540625 0.0703125 0.2609375
0 0.4109375 0.5234375 0.0546875 0.246875
0 0.36875 0.47109375 0.0203125 0.11875
0 0.621875 0.453125 0.0171875 0.0796875
0 0.5953125 0.4625 0.0203125 0.0859375
0 0.34296875 0.4625 0.015625 0.084375
0 0.38359375 0.45703125 0.015625 0.084375
0 0.35390625 0.46015625 0.0140625 0.0671875
0 0.30546875 0.459375 0.015625 0.0734375
0 0.28828125 0.4609375 0.0140625 0.06875
0 0.24375 0.45859375 0.0140625 0.06875
0 0.2953125 0.428125 0.0078125 0.0296875