0 0.5 0.49765625 0.0515625 0.1015625
0 0.575 0.49609375 0.021875 0.109375
0 0.27421875 0.51484375 0.0453125 0.159375
0 0.14453125 0.671875 0.2171875 0.65625
0 0.55703125 0.45625 0.0203125 0.1015625
0 0.5265625 0.4578125 0.01875 0.0921875
0 0.71171875 0.6828125 0.1078125 0.6265625
0 0.62890625 0.65625 0.0796875 0.5328125
0 0.45625 0.51640625 0.0453125 0.278125
0 0.4015625 0.54140625 0.0484375 0.275
0 0.32734375 0.528125 0.046875 0.2546875
0 0.78984375 0.5609375 0.06875 0.3515625
0 0.54921875 0.45859375 0.015625 0.0796875
0 0.53828125 0.45234375 0.0140625 0.0765625
0 0.3515625 0.46015625 0.0140625 0.0671875
0 0.365625 0.459375 0.009375 0.065625
0 0.37734375 0.46875 0.009375 0.053125
0 0.3 0.453125 0.015625 0.0703125