0 0.58828125 0.471875 0.0203125 0.1453125
0 0.575 0.48671875 0.0203125 0.1296875
0 0.0140625 0.553125 0.028125 0.115625
0 0.1921875 0.53671875 0.05625 0.19375
0 0.54765625 0.45859375 0.0203125 0.1
0 0.78515625 0.68046875 0.1484375 0.6390625
0 0.6765625 0.6609375 0.0984375 0.540625
0 0.2265625 0.4796875 0.0234375 0.0953125
0 0.50703125 0.5125 0.0578125 0.23125
0 0.45234375 0.53984375 0.06875 0.265625
0 0.3671875 0.5234375 0.0609375 0.25
0 0.87265625 0.57421875 0.08125 0.396875
0 0.39375 0.47265625 0.0234375 0.121875
0 0.62421875 0.4546875 0.01875 0.0765625
0 0.565625 0.45703125 0.01875 0.0875
0 0.3359375 0.459375 0.0171875 0.0796875
0 0.303125 0.45546875 0.015625 0.071875
0 0.28515625 0.45859375 0.0140625 0.06875
0 0.246875 0.46015625 0.0140625 0.0703125
0 0.3109375 0.4484375 0.009375 0.0453125