0 0.93828125 0.6515625 0.115625 0.565625
0 0.8765625 0.68671875 0.1296875 0.6265625
0 0.44765625 0.471875 0.028125 0.0703125
0 0.428125 0.46796875 0.0296875 0.05625
0 0.2109375 0.48046875 0.025 0.1046875
0 0.22734375 0.47890625 0.0234375 0.09375
0 0.20390625 0.4609375 0.021875 0.096875
0 0.540625 0.51484375 0.0453125 0.26875
0 0.59609375 0.53984375 0.0578125 0.259375
0 0.490625 0.515625 0.0515625 0.2328125
0 0.346875 0.4703125 0.0203125 0.1015625
0 0.63515625 0.45703125 0.021875 0.1015625
0 0.353125 0.46484375 0.021875 0.090625
0 0.38203125 0.459375 0.01875 0.090625
0 0.365625 0.459375 0.009375 0.065625
0 0.37421875 0.46875 0.0109375 0.053125
0 0.31171875 0.459375 0.01875 0.075
0 0.2921875 0.4609375 0.0140625 0.075
0 0.240625 0.46015625 0.0125 0.0671875
0 0.271875 0.4484375 0.0125 0.053125
0 0.29765625 0.42421875 0.00625 0.0296875
0 0.30234375 0.4203125 0.0078125 0.0296875
0 0.4015625 0.44375 0.0140625 0.0546875