0 0.58359375 0.484375 0.028125 0.1296875
0 0.09765625 0.5625 0.065625 0.2296875
0 0.87109375 0.671875 0.15 0.65625
0 0.7359375 0.678125 0.0984375 0.58125
0 0.44765625 0.471875 0.028125 0.0703125
0 0.21171875 0.48046875 0.025 0.1046875
0 0.2265625 0.47890625 0.0234375 0.09375
0 0.20390625 0.4609375 0.021875 0.096875
0 0.47734375 0.515625 0.046875 0.2765625
0 0.55390625 0.51328125 0.0359375 0.2265625
0 0.5046875 0.54140625 0.0734375 0.2640625
0 0.4 0.52421875 0.0515625 0.25
0 0.95703125 0.60234375 0.0859375 0.4734375
0 0.37421875 0.47265625 0.021875 0.1203125
0 0.621875 0.45390625 0.01875 0.078125
0 0.33984375 0.46328125 0.0171875 0.0828125
0 0.35390625 0.46015625 0.0140625 0.0671875
0 0.30546875 0.45859375 0.015625 0.0734375
0 0.2875 0.459375 0.0140625 0.0703125
0 0.24375 0.459375 0.0140625 0.06875
0 0.29609375 0.4296875 0.0078125 0.0296875