0 0.4203125 0.56328125 0.059375 0.321875
0 0.55703125 0.496875 0.0203125 0.1015625
0 0.57578125 0.49921875 0.01875 0.1046875
0 0.6234375 0.459375 0.0203125 0.090625
0 0.52890625 0.45703125 0.01875 0.0921875
0 0.578125 0.45390625 0.0203125 0.1015625
0 0.32890625 0.60859375 0.1015625 0.4375
0 0.4765625 0.5453125 0.0609375 0.2671875
0 0.253125 0.4796875 0.015625 0.1
0 0.271875 0.46953125 0.0171875 0.096875
0 0.22421875 0.48046875 0.03125 0.0953125
0 0.20390625 0.46015625 0.021875 0.096875
0 0.5015625 0.521875 0.0375 0.2375
0 0.6015625 0.46171875 0.0171875 0.0828125