0 0.89765625 0.653125 0.1125 0.5546875
0 0.96953125 0.6765625 0.0609375 0.646875
0 0.83359375 0.684375 0.1171875 0.6109375
0 0.428125 0.46796875 0.0296875 0.05625
0 0.2109375 0.48046875 0.025 0.1046875
0 0.22734375 0.47890625 0.0234375 0.09375
0 0.20390625 0.4609375 0.021875 0.096875
0 0.5140625 0.51640625 0.0671875 0.271875
0 0.59921875 0.51484375 0.040625 0.225
0 0.56953125 0.53984375 0.053125 0.259375
0 0.46015625 0.515625 0.05625 0.234375
0 0.35078125 0.46953125 0.0203125 0.109375
0 0.6234375 0.45859375 0.025 0.096875
0 0.38046875 0.45859375 0.015625 0.0890625
0 0.365625 0.459375 0.009375 0.065625
0 0.309375 0.45859375 0.01875 0.075
0 0.29140625 0.46171875 0.0140625 0.071875
0 0.24140625 0.4609375 0.0140625 0.06875
0 0.265625 0.44765625 0.0125 0.053125
0 0.28515625 0.45703125 0.0109375 0.0640625
0 0.29609375 0.425 0.0078125 0.0296875
0 0.39609375 0.44453125 0.0140625 0.05625