0 0.42265625 0.5640625 0.059375 0.325
0 0.55703125 0.496875 0.0203125 0.1015625
0 0.57578125 0.49921875 0.01875 0.1046875
0 0.621875 0.459375 0.0203125 0.090625
0 0.52890625 0.45703125 0.01875 0.0921875
0 0.578125 0.45390625 0.0203125 0.1015625
0 0.33203125 0.609375 0.1078125 0.440625
0 0.48046875 0.54609375 0.0640625 0.26875
0 0.253125 0.4796875 0.015625 0.1
0 0.271875 0.46953125 0.0171875 0.096875
0 0.22421875 0.48046875 0.0296875 0.0953125
0 0.20390625 0.46015625 0.021875 0.096875
0 0.5046875 0.521875 0.0390625 0.2390625
0 0.60234375 0.46171875 0.015625 0.0828125