0 0.5 0.49765625 0.0515625 0.1015625
0 0.35 0.54296875 0.0515625 0.2734375
0 0.5578125 0.496875 0.0203125 0.1015625
0 0.57578125 0.5 0.01875 0.10625
0 0.66484375 0.459375 0.0171875 0.09375
0 0.5328125 0.45859375 0.0203125 0.1015625
0 0.5796875 0.45546875 0.0203125 0.1
0 0.49375 0.4546875 0.0234375 0.10625
0 0.31171875 0.565625 0.0578125 0.3125
0 0.39921875 0.525 0.046875 0.209375
0 0.44765625 0.471875 0.028125 0.0703125
0 0.428125 0.46796875 0.0296875 0.05625
0 0.265625 0.46953125 0.015625 0.096875
0 0.25078125 0.47734375 0.0203125 0.09375
0 0.2046875 0.46015625 0.021875 0.096875
0 0.23046875 0.4609375 0.01875 0.078125
0 0.55859375 0.45546875 0.0171875 0.071875
0 0.5171875 0.4484375 0.0109375 0.05
0 0.30703125 0.4109375 0.009375 0.0390625