0 0.5 0.49765625 0.0515625 0.1015625
0 0.35234375 0.503125 0.028125 0.090625
0 0.390625 0.49375 0.0296875 0.10625
0 0.61328125 0.65546875 0.1109375 0.5625
0 0.53203125 0.628125 0.0734375 0.4765625
0 0.44765625 0.471875 0.028125 0.0703125
0 0.428125 0.46796875 0.0296875 0.05625
0 0.25546875 0.4703125 0.01875 0.1015625
0 0.225 0.48046875 0.0234375 0.0953125
0 0.28828125 0.54375 0.0734375 0.340625
0 0.171875 0.5546875 0.090625 0.296875
0 0.125 0.584375 0.0890625 0.353125
0 0.015625 0.5765625 0.03125 0.3515625
0 0.82421875 0.45390625 0.025 0.1015625
0 0.33359375 0.45546875 0.015625 0.065625
0 0.37265625 0.45 0.0125 0.0609375
0 0.35 0.46015625 0.0140625 0.0671875
0 0.36484375 0.459375 0.009375 0.065625