0 0.5828125 0.48359375 0.028125 0.13125
0 0.109375 0.559375 0.065625 0.225
0 0.859375 0.671875 0.1421875 0.65625
0 0.72890625 0.6734375 0.0890625 0.571875
0 0.44765625 0.471875 0.028125 0.0703125
0 0.428125 0.46796875 0.0296875 0.05625
0 0.21171875 0.48046875 0.025 0.1046875
0 0.2265625 0.47890625 0.0234375 0.09375
0 0.20390625 0.4609375 0.021875 0.096875
0 0.475 0.515625 0.0453125 0.278125
0 0.54765625 0.5140625 0.0421875 0.225
0 0.49921875 0.54140625 0.0734375 0.2640625
0 0.3953125 0.5234375 0.0453125 0.25
0 0.9515625 0.60390625 0.096875 0.46875
0 0.37578125 0.47265625 0.021875 0.1203125
0 0.621875 0.45390625 0.01875 0.078125
0 0.33984375 0.46328125 0.0171875 0.0828125
0 0.35390625 0.46015625 0.0140625 0.0671875
0 0.365625 0.459375 0.009375 0.065625
0 0.30546875 0.45859375 0.015625 0.0734375
0 0.2875 0.459375 0.0140625 0.0703125
0 0.24375 0.459375 0.0140625 0.06875
0 0.29609375 0.4296875 0.0078125 0.0296875