0 0.5 0.49765625 0.0515625 0.1015625
0 0.3796875 0.5546875 0.0515625 0.3015625
0 0.55703125 0.496875 0.0203125 0.1015625
0 0.575 0.49921875 0.01875 0.1046875
0 0.65078125 0.4578125 0.0203125 0.0921875
0 0.5328125 0.45703125 0.01875 0.0921875
0 0.57890625 0.4546875 0.0203125 0.1
0 0.5015625 0.45625 0.021875 0.10625
0 0.33046875 0.5859375 0.0703125 0.3609375
0 0.4328125 0.534375 0.05 0.23125
0 0.26640625 0.4796875 0.0171875 0.096875
0 0.234375 0.4796875 0.0265625 0.096875
0 0.2046875 0.46015625 0.021875 0.096875
0 0.2828125 0.453125 0.015625 0.0640625