0 0.425 0.565625 0.0609375 0.3265625
0 0.55703125 0.496875 0.0203125 0.1015625
0 0.57578125 0.49921875 0.01875 0.1046875
0 0.6203125 0.459375 0.0203125 0.090625
0 0.52890625 0.45703125 0.01875 0.0921875
0 0.57890625 0.45390625 0.0203125 0.1015625
0 0.33515625 0.6109375 0.1140625 0.4421875
0 0.48359375 0.54609375 0.0640625 0.2703125
0 0.253125 0.4796875 0.015625 0.1
0 0.271875 0.46953125 0.0171875 0.096875
0 0.225 0.48046875 0.028125 0.0953125
0 0.20390625 0.46015625 0.021875 0.096875
0 0.5078125 0.52109375 0.040625 0.2421875
0 0.60390625 0.46171875 0.0171875 0.0828125