0 0.36015625 0.503125 0.028125 0.0953125
0 0.3921875 0.49453125 0.0296875 0.1046875
0 0.61171875 0.65546875 0.1078125 0.5625
0 0.5203125 0.6296875 0.075 0.4765625
0 0.44765625 0.471875 0.028125 0.0703125
0 0.428125 0.46796875 0.0296875 0.05625
0 0.20859375 0.48046875 0.025 0.1046875
0 0.26015625 0.55703125 0.1 0.35625
0 0.13046875 0.55546875 0.0625 0.3015625
0 0.0578125 0.6 0.115625 0.378125
0 0.81328125 0.45390625 0.025 0.1015625
0 0.46796875 0.4484375 0.0140625 0.0703125
0 0.33359375 0.45546875 0.0140625 0.065625
0 0.35 0.46015625 0.0140625 0.0671875
0 0.36484375 0.459375 0.009375 0.065625
0 0.30859375 0.45078125 0.0109375 0.053125
0 0.315625 0.44609375 0.0109375 0.0484375