0 0.5 0.49765625 0.0515625 0.1015625
0 0.58828125 0.4734375 0.0203125 0.1453125
0 0.575 0.49375 0.0203125 0.1140625
0 0.21796875 0.52890625 0.040625 0.1203125
0 0.25390625 0.51953125 0.046875 0.1671875
0 0.08828125 0.68203125 0.1765625 0.6359375
0 0.55390625 0.45703125 0.0203125 0.1015625
0 0.52578125 0.45859375 0.01875 0.090625
0 0.73984375 0.6828125 0.103125 0.634375
0 0.6390625 0.6609375 0.0828125 0.5421875
0 0.2109375 0.48046875 0.0265625 0.10625
0 0.20390625 0.4609375 0.021875 0.096875
0 0.45703125 0.5171875 0.04375 0.2796875
0 0.47109375 0.5140625 0.04375 0.2375
0 0.4140625 0.53984375 0.0515625 0.2765625
0 0.34140625 0.528125 0.0390625 0.25625
0 0.81484375 0.56171875 0.065625 0.359375
0 0.54453125 0.4546875 0.0171875 0.078125
0 0.38671875 0.45546875 0.015625 0.075
0 0.365625 0.459375 0.009375 0.065625
0 0.3765625 0.46875 0.0125 0.0515625
0 0.30078125 0.45390625 0.0171875 0.071875
0 0.28125 0.4578125 0.0140625 0.065625
0 0.3109375 0.4484375 0.009375 0.0453125