0 0.365625 0.50390625 0.0234375 0.1
0 0.3921875 0.4953125 0.028125 0.1046875
0 0.57890625 0.65546875 0.1015625 0.571875
0 0.91796875 0.62109375 0.0984375 0.4546875
0 0.5015625 0.6328125 0.0734375 0.4890625
0 0.44765625 0.471875 0.028125 0.0703125
0 0.209375 0.48046875 0.021875 0.103125
0 0.27109375 0.4703125 0.021875 0.1
0 0.23515625 0.47109375 0.015625 0.1
0 0.22421875 0.48046875 0.025 0.0953125
0 0.20390625 0.4609375 0.021875 0.096875
0 0.03046875 0.58046875 0.0609375 0.4234375
0 0.425 0.50703125 0.0359375 0.196875
0 0.88046875 0.5703125 0.0875 0.38125
0 0.7140625 0.52421875 0.0671875 0.2546875
0 0.6265625 0.459375 0.025 0.096875
0 0.44765625 0.446875 0.0125 0.065625
0 0.33203125 0.45078125 0.009375 0.05625
0 0.3484375 0.46015625 0.0140625 0.0671875
0 0.3640625 0.459375 0.0109375 0.065625
0 0.30703125 0.45234375 0.0125 0.0546875
0 0.29609375 0.453125 0.0109375 0.0546875
0 0.315625 0.4484375 0.0125 0.0515625
0 0.284375 0.45078125 0.0109375 0.05625
0 0.31484375 0.428125 0.009375 0.040625