0 0.8921875 0.653125 0.1125 0.553125
0 0.96640625 0.6765625 0.0671875 0.646875
0 0.825 0.68359375 0.121875 0.60625
0 0.428125 0.46796875 0.0296875 0.05625
0 0.2109375 0.48046875 0.025 0.1046875
0 0.22734375 0.47890625 0.0234375 0.09375
0 0.20390625 0.4609375 0.021875 0.096875
0 0.51328125 0.51640625 0.0671875 0.2734375
0 0.596875 0.51328125 0.0421875 0.2234375
0 0.56640625 0.540625 0.05625 0.259375
0 0.45625 0.51640625 0.0609375 0.234375
0 0.3515625 0.46953125 0.0203125 0.109375
0 0.6203125 0.459375 0.0203125 0.0953125
0 0.38046875 0.45859375 0.015625 0.0890625
0 0.365625 0.459375 0.009375 0.065625
0 0.30859375 0.45859375 0.01875 0.075
0 0.290625 0.4609375 0.0140625 0.0703125
0 0.2421875 0.4609375 0.0140625 0.06875
0 0.28515625 0.45625 0.0109375 0.0640625
0 0.29609375 0.425 0.0078125 0.0296875
0 0.39453125 0.44453125 0.0140625 0.05625