0 0.5 0.49765625 0.0515625 0.1015625
0 0.36640625 0.546875 0.0515625 0.284375
0 0.5578125 0.496875 0.0203125 0.1015625
0 0.57578125 0.5 0.01875 0.10625
0 0.66171875 0.45859375 0.0203125 0.0921875
0 0.5328125 0.45703125 0.0203125 0.096875
0 0.5796875 0.45546875 0.0203125 0.1
0 0.49609375 0.45546875 0.021875 0.10625
0 0.31875 0.575 0.0640625 0.334375
0 0.41484375 0.53046875 0.04375 0.221875
0 0.44765625 0.471875 0.028125 0.0703125
0 0.27265625 0.47578125 0.01875 0.0875
0 0.26640625 0.46953125 0.015625 0.096875
0 0.24453125 0.47890625 0.021875 0.0953125
0 0.2046875 0.46015625 0.021875 0.096875
0 0.234375 0.46171875 0.01875 0.078125
0 0.3078125 0.409375 0.0109375 0.040625