0 0.5890625 0.471875 0.0203125 0.1453125
0 0.57890625 0.48359375 0.028125 0.13125
0 0.13203125 0.55390625 0.0640625 0.2171875
0 0.83671875 0.6703125 0.1265625 0.659375
0 0.7125 0.66640625 0.0984375 0.553125
0 0.44765625 0.471875 0.028125 0.0703125
0 0.428125 0.46796875 0.0296875 0.05625
0 0.21171875 0.48046875 0.025 0.1046875
0 0.2265625 0.47890625 0.0234375 0.09375
0 0.20390625 0.4609375 0.021875 0.096875
0 0.5375 0.515625 0.0546875 0.225
0 0.4859375 0.540625 0.071875 0.265625
0 0.38671875 0.5234375 0.0390625 0.25
0 0.9390625 0.603125 0.1171875 0.4546875
0 0.621875 0.45390625 0.01875 0.0765625
0 0.33984375 0.46328125 0.0171875 0.0828125
0 0.35390625 0.46015625 0.0140625 0.0671875
0 0.365625 0.459375 0.009375 0.065625
0 0.3046875 0.4578125 0.0171875 0.0734375
0 0.28671875 0.459375 0.015625 0.0703125
0 0.24453125 0.459375 0.0125 0.06875
0 0.29609375 0.43046875 0.0078125 0.0296875