0 0.43203125 0.56953125 0.059375 0.33125
0 0.55703125 0.496875 0.0203125 0.1015625
0 0.575 0.49921875 0.0203125 0.1046875
0 0.61484375 0.459375 0.0203125 0.090625
0 0.5796875 0.45390625 0.0203125 0.1015625
0 0.34609375 0.61484375 0.1078125 0.45
0 0.490625 0.54921875 0.059375 0.2796875
0 0.2515625 0.4796875 0.0171875 0.1
0 0.27265625 0.47109375 0.01875 0.096875
0 0.22578125 0.48046875 0.0265625 0.0953125
0 0.20390625 0.46015625 0.021875 0.096875
0 0.5234375 0.5234375 0.053125 0.246875
0 0.6078125 0.4609375 0.0171875 0.084375
0 0.29140625 0.45234375 0.0140625 0.06875