0 0.39140625 0.4953125 0.0265625 0.1046875
0 0.53046875 0.67109375 0.0859375 0.590625
0 0.7015625 0.5796875 0.09375 0.35625
0 0.45625 0.61953125 0.06875 0.4375
0 0.22265625 0.4796875 0.021875 0.1015625
0 0.27421875 0.46953125 0.015625 0.1
0 0.25078125 0.47109375 0.015625 0.0953125
0 0.20390625 0.4609375 0.021875 0.096875
0 0.359375 0.50234375 0.034375 0.1734375
0 0.95234375 0.546875 0.0953125 0.34375
0 0.58828125 0.46484375 0.0328125 0.1078125
0 0.4078125 0.4515625 0.0125 0.0671875
0 0.32109375 0.4515625 0.0109375 0.0546875
0 0.3296875 0.45 0.009375 0.05625
0 0.265625 0.465625 0.0125 0.0765625
0 0.31171875 0.45390625 0.0109375 0.0578125
0 0.2984375 0.45546875 0.009375 0.0578125
0 0.29296875 0.45 0.0125 0.059375
0 0.30546875 0.44921875 0.0125 0.059375
0 0.3125 0.42109375 0.0109375 0.040625
0 0.31796875 0.41796875 0.009375 0.0390625