0 0.434375 0.56953125 0.0546875 0.334375
0 0.55703125 0.496875 0.0203125 0.1015625
0 0.575 0.49921875 0.0203125 0.1046875
0 0.6125 0.4609375 0.0203125 0.0921875
0 0.5796875 0.45390625 0.0203125 0.1015625
0 0.35234375 0.61796875 0.1015625 0.4546875
0 0.496875 0.5515625 0.0546875 0.28125
0 0.25 0.4796875 0.01875 0.1
0 0.2734375 0.47109375 0.01875 0.096875
0 0.225 0.48125 0.0265625 0.0953125
0 0.20390625 0.46015625 0.021875 0.096875
0 0.5296875 0.525 0.05625 0.25
0 0.29140625 0.45234375 0.0140625 0.06875