0 0.5890625 0.471875 0.0203125 0.1453125
0 0.5765625 0.48359375 0.0265625 0.1328125
0 0.159375 0.54609375 0.0609375 0.20625
0 0.8109375 0.67421875 0.13125 0.6515625
0 0.68984375 0.6609375 0.1140625 0.54375
0 0.428125 0.46796875 0.0296875 0.05625
0 0.21171875 0.48046875 0.025 0.10625
0 0.2265625 0.47890625 0.0234375 0.09375
0 0.20390625 0.4609375 0.021875 0.096875
0 0.52890625 0.5125 0.0546875 0.2296875
0 0.46640625 0.53984375 0.0703125 0.265625
0 0.3734375 0.52421875 0.0578125 0.246875
0 0.9 0.58671875 0.0828125 0.421875
0 0.621875 0.4546875 0.01875 0.0765625
0 0.56484375 0.45625 0.01875 0.090625
0 0.33828125 0.4609375 0.015625 0.08125
0 0.30390625 0.45703125 0.015625 0.0734375
0 0.2859375 0.459375 0.015625 0.06875
0 0.2453125 0.459375 0.0140625 0.0703125
0 0.29609375 0.43046875 0.0078125 0.0296875