0 0.5 0.49765625 0.0515625 0.1015625
0 0.4046875 0.55859375 0.0625 0.3125
0 0.55703125 0.496875 0.0203125 0.1015625
0 0.575 0.49921875 0.01875 0.1046875
0 0.6328125 0.45859375 0.0203125 0.0921875
0 0.53046875 0.45703125 0.01875 0.0921875
0 0.578125 0.4546875 0.0203125 0.1
0 0.50859375 0.45625 0.01875 0.1046875
0 0.32421875 0.61171875 0.078125 0.421875
0 0.45625 0.5453125 0.0453125 0.2578125
0 0.25546875 0.48046875 0.0203125 0.1015625
0 0.26953125 0.46875 0.01875 0.096875
0 0.22265625 0.4796875 0.0328125 0.0953125
0 0.20390625 0.46015625 0.021875 0.096875
0 0.48125 0.515625 0.0375 0.2265625
0 0.5953125 0.46171875 0.01875 0.084375
0 0.278125 0.453125 0.015625 0.0640625