0 0.365625 0.50390625 0.0234375 0.1
0 0.5671875 0.6609375 0.0828125 0.5828125
0 0.88671875 0.61171875 0.0859375 0.4390625
0 0.5 0.62890625 0.075 0.4796875
0 0.44765625 0.471875 0.028125 0.0703125
0 0.209375 0.48046875 0.021875 0.103125
0 0.27265625 0.4703125 0.01875 0.1
0 0.23671875 0.471875 0.015625 0.1
0 0.22421875 0.48046875 0.025 0.0953125
0 0.20390625 0.4609375 0.021875 0.096875
0 0.41953125 0.50625 0.0375 0.19375
0 0.85546875 0.5640625 0.0828125 0.3734375
0 0.7359375 0.51875 0.046875 0.265625
0 0.621875 0.4609375 0.0234375 0.1
0 0.44453125 0.446875 0.0125 0.065625
0 0.33125 0.45078125 0.0109375 0.05625
0 0.3484375 0.46015625 0.0140625 0.0671875
0 0.3640625 0.459375 0.0109375 0.065625
0 0.30703125 0.45234375 0.0125 0.0546875
0 0.29765625 0.453125 0.0140625 0.0546875
0 0.315625 0.4484375 0.0125 0.0515625
0 0.284375 0.45078125 0.0109375 0.05625
0 0.31484375 0.42734375 0.009375 0.040625