0 0.365625 0.50390625 0.0234375 0.1
0 0.56015625 0.66796875 0.0796875 0.590625
0 0.8484375 0.6015625 0.1328125 0.4078125
0 0.48828125 0.62578125 0.0875 0.45625
0 0.44765625 0.471875 0.028125 0.0703125
0 0.428125 0.46796875 0.0296875 0.05625
0 0.209375 0.48046875 0.021875 0.103125
0 0.27265625 0.4703125 0.015625 0.1
0 0.23984375 0.471875 0.015625 0.096875
0 0.22421875 0.48046875 0.025 0.0953125
0 0.20390625 0.4609375 0.021875 0.096875
0 0.4046875 0.5015625 0.0359375 0.1859375
0 0.7734375 0.52421875 0.0875 0.2734375
0 0.71875 0.4578125 0.028125 0.1
0 0.61328125 0.46328125 0.025 0.1
0 0.43515625 0.44921875 0.0125 0.065625
0 0.3296875 0.4515625 0.009375 0.0546875
0 0.3484375 0.46015625 0.0140625 0.0671875
0 0.3640625 0.459375 0.0109375 0.065625
0 0.30703125 0.453125 0.0125 0.05625
0 0.29765625 0.453125 0.015625 0.0546875
0 0.315625 0.44921875 0.0125 0.0515625
0 0.2828125 0.44921875 0.0109375 0.0546875
0 0.31484375 0.42578125 0.009375 0.040625