0 0.58359375 0.48359375 0.028125 0.1296875
0 0.075 0.56875 0.0671875 0.2375
0 0.88359375 0.67265625 0.1578125 0.6546875
0 0.75078125 0.68671875 0.121875 0.6
0 0.44765625 0.471875 0.028125 0.0703125
0 0.21171875 0.48046875 0.025 0.1046875
0 0.2265625 0.47890625 0.0234375 0.09375
0 0.20390625 0.4609375 0.021875 0.096875
0 0.48046875 0.515625 0.05 0.2765625
0 0.565625 0.51640625 0.046875 0.225
0 0.509375 0.540625 0.075 0.2609375
0 0.40703125 0.52421875 0.059375 0.25
0 0.9671875 0.6015625 0.065625 0.48125
0 0.37109375 0.471875 0.021875 0.1203125
0 0.621875 0.453125 0.01875 0.0796875
0 0.34140625 0.46328125 0.015625 0.0828125
0 0.35390625 0.46015625 0.0140625 0.0671875
0 0.30546875 0.45859375 0.015625 0.0734375
0 0.28828125 0.4609375 0.0140625 0.0703125
0 0.24375 0.45859375 0.0140625 0.06875
0 0.2953125 0.42890625 0.0078125 0.0296875