0 0.5 0.49765625 0.0515625 0.1015625
0 0.8796875 0.56875 0.09375 0.40625
0 0.33515625 0.53515625 0.046875 0.25
0 0.93203125 0.56484375 0.115625 0.3609375
0 0.55859375 0.496875 0.01875 0.1015625
0 0.57578125 0.5 0.0171875 0.10625
0 0.3859375 0.49140625 0.0234375 0.075
0 0.3875 0.46015625 0.0140625 0.06875
0 0.66328125 0.459375 0.0171875 0.09375
0 0.53671875 0.4609375 0.0203125 0.1078125
0 0.58203125 0.45625 0.0203125 0.1
0 0.49453125 0.4546875 0.0234375 0.10625
0 0.27578125 0.54453125 0.059375 0.26875
0 0.3578125 0.51640625 0.0359375 0.18125
0 0.76796875 0.4578125 0.03125 0.121875
0 0.82265625 0.45859375 0.028125 0.1125
0 0.44765625 0.471875 0.028125 0.0703125
0 0.428125 0.46796875 0.0296875 0.05625
0 0.20546875 0.46015625 0.021875 0.096875
0 0.228125 0.46328125 0.0203125 0.078125
0 0.3109375 0.4828125 0.0171875 0.125
0 0.5171875 0.4484375 0.0109375 0.05
0 0.30546875 0.4140625 0.0109375 0.040625
0 0.3140625 0.4109375 0.009375 0.0390625