0 0.5890625 0.471875 0.0203125 0.1453125
0 0.578125 0.4828125 0.0296875 0.1328125
0 0.14296875 0.5515625 0.0625 0.2109375
0 0.82578125 0.6703125 0.1171875 0.659375
0 0.70234375 0.6640625 0.10625 0.5484375
0 0.44765625 0.471875 0.028125 0.0703125
0 0.428125 0.46796875 0.0296875 0.05625
0 0.21171875 0.48046875 0.025 0.10625
0 0.2265625 0.47890625 0.0234375 0.09375
0 0.20390625 0.4609375 0.021875 0.096875
0 0.53359375 0.5140625 0.059375 0.225
0 0.47890625 0.540625 0.071875 0.2640625
0 0.3828125 0.5234375 0.0453125 0.25
0 0.93046875 0.596875 0.1203125 0.4359375
0 0.621875 0.45390625 0.01875 0.0765625
0 0.33984375 0.46328125 0.0171875 0.0828125
0 0.35390625 0.46015625 0.0140625 0.0671875
0 0.3046875 0.4578125 0.0171875 0.0734375
0 0.28671875 0.459375 0.015625 0.06875
0 0.24453125 0.459375 0.0125 0.0703125
0 0.29609375 0.43046875 0.0078125 0.0296875