0 0.58515625 0.48515625 0.028125 0.1296875
0 0.0921875 0.5640625 0.0671875 0.23125
0 0.8765625 0.671875 0.153125 0.65625
0 0.73984375 0.68046875 0.10625 0.5859375
0 0.44765625 0.471875 0.028125 0.0703125
0 0.21171875 0.48046875 0.025 0.1046875
0 0.2265625 0.47890625 0.0234375 0.09375
0 0.20390625 0.4609375 0.021875 0.096875
0 0.478125 0.515625 0.0484375 0.2765625
0 0.55703125 0.51328125 0.0390625 0.225
0 0.50625 0.54140625 0.075 0.2625
0 0.4015625 0.52421875 0.0546875 0.25
0 0.959375 0.6015625 0.08125 0.475
0 0.37265625 0.471875 0.021875 0.1203125
0 0.621875 0.45390625 0.01875 0.078125
0 0.33984375 0.46328125 0.0171875 0.0828125
0 0.35390625 0.46015625 0.0140625 0.0671875
0 0.30546875 0.45859375 0.015625 0.0734375
0 0.2875 0.46015625 0.0140625 0.06875
0 0.24375 0.459375 0.0140625 0.06875
0 0.29609375 0.4296875 0.0078125 0.0296875