0 0.50546875 0.5859375 0.065625 0.38125
0 0.55703125 0.49921875 0.0203125 0.096875
0 0.575 0.49921875 0.0203125 0.1046875
0 0.365625 0.50390625 0.025 0.1
0 0.4515625 0.64609375 0.1296875 0.54375
0 0.603125 0.56875 0.0546875 0.3171875
0 0.23359375 0.48046875 0.025 0.1015625
0 0.27578125 0.46875 0.0171875 0.1015625
0 0.25703125 0.47109375 0.015625 0.0953125
0 0.225 0.48125 0.0234375 0.09375
0 0.20390625 0.4609375 0.021875 0.096875
0 0.33046875 0.49921875 0.028125 0.165625
0 0.6203125 0.5390625 0.05625 0.284375
0 0.6453125 0.4609375 0.0234375 0.09375
0 0.55859375 0.46640625 0.025 0.1109375
0 0.3484375 0.4609375 0.0140625 0.0671875
0 0.3640625 0.45859375 0.0109375 0.0640625
0 0.3140625 0.45390625 0.0125 0.0578125
0 0.3 0.45546875 0.0109375 0.0578125
0 0.29140625 0.45078125 0.0125 0.0609375
0 0.31015625 0.415625 0.009375 0.0390625
0 0.31640625 0.41171875 0.009375 0.0390625