0 0.5 0.49765625 0.0515625 0.1015625
0 0.21171875 0.53125 0.040625 0.115625
0 0.7265625 0.65546875 0.234375 0.6890625
0 0.5265625 0.4578125 0.01875 0.09375
0 0.625 0.68203125 0.1125 0.6234375
0 0.565625 0.63359375 0.075 0.4875
0 0.44765625 0.471875 0.028125 0.0703125
0 0.209375 0.48046875 0.0265625 0.10625
0 0.4234375 0.5234375 0.053125 0.2859375
0 0.38828125 0.52890625 0.0390625 0.2515625
0 0.32109375 0.553125 0.075 0.2953125
0 0.25546875 0.54609375 0.0640625 0.290625
0 0.365625 0.459375 0.009375 0.065625