0 0.58828125 0.4734375 0.0203125 0.1453125
0 0.575 0.490625 0.0203125 0.121875
0 0.22109375 0.52890625 0.0515625 0.1796875
0 0.0453125 0.6765625 0.090625 0.646875
0 0.55 0.45859375 0.0203125 0.1
0 0.5234375 0.45859375 0.01875 0.090625
0 0.778125 0.68046875 0.140625 0.6390625
0 0.65859375 0.6609375 0.0875 0.540625
0 0.46015625 0.51796875 0.0421875 0.278125
0 0.48984375 0.51328125 0.065625 0.2328125
0 0.4328125 0.540625 0.0484375 0.271875
0 0.3546875 0.52421875 0.046875 0.25
0 0.853125 0.5734375 0.1078125 0.3765625
0 0.39921875 0.4734375 0.021875 0.1265625
0 0.33203125 0.459375 0.0171875 0.0796875
0 0.3859375 0.45625 0.015625 0.0796875
0 0.30234375 0.45546875 0.0171875 0.071875
0 0.28359375 0.45859375 0.0140625 0.0671875
0 0.246875 0.46015625 0.0140625 0.0703125
0 0.3109375 0.4484375 0.009375 0.0453125
0 0.53515625 0.4515625 0.015625 0.06875