0 0.5 0.49765625 0.0515625 0.1015625
0 0.35546875 0.503125 0.028125 0.090625
0 0.39140625 0.49375 0.0296875 0.1046875
0 0.61328125 0.65546875 0.1109375 0.5625
0 0.528125 0.628125 0.075 0.4765625
0 0.44765625 0.471875 0.028125 0.0703125
0 0.428125 0.46796875 0.0296875 0.05625
0 0.20859375 0.48046875 0.0265625 0.1046875
0 0.27109375 0.55 0.0859375 0.346875
0 0.16640625 0.55390625 0.084375 0.2984375
0 0.10625 0.58515625 0.0703125 0.359375
0 0.82109375 0.45390625 0.025 0.1015625
0 0.33359375 0.45546875 0.015625 0.065625
0 0.35 0.46015625 0.0140625 0.0671875
0 0.36484375 0.459375 0.009375 0.065625
0 0.315625 0.44609375 0.0109375 0.0484375