0 0.4328125 0.56953125 0.0546875 0.3328125
0 0.55703125 0.496875 0.0203125 0.1015625
0 0.575 0.49921875 0.0203125 0.1046875
0 0.61328125 0.459375 0.0203125 0.090625
0 0.5796875 0.45390625 0.0203125 0.1015625
0 0.34921875 0.61640625 0.1046875 0.453125
0 0.49375 0.55078125 0.0578125 0.28125
0 0.25078125 0.4796875 0.01875 0.1
0 0.27265625 0.47109375 0.01875 0.096875
0 0.225 0.48046875 0.0265625 0.0953125
0 0.20390625 0.46015625 0.021875 0.096875
0 0.52734375 0.52421875 0.05625 0.2484375
0 0.29140625 0.45234375 0.0140625 0.06875