0 0.55703125 0.4984375 0.0203125 0.096875
0 0.575 0.49921875 0.0203125 0.1046875
0 0.59140625 0.46171875 0.0203125 0.0921875
0 0.48046875 0.64765625 0.121875 0.5421875
0 0.634375 0.57421875 0.071875 0.3359375
0 0.43359375 0.60546875 0.078125 0.40625
0 0.22890625 0.48046875 0.0203125 0.1015625
0 0.27578125 0.46875 0.015625 0.1015625
0 0.25546875 0.47109375 0.0171875 0.0953125
0 0.20390625 0.4609375 0.021875 0.096875
0 0.246875 0.46328125 0.015625 0.075
0 0.34296875 0.5 0.0375 0.1671875
0 0.56796875 0.46484375 0.0203125 0.1078125
0 0.3125 0.45390625 0.0109375 0.0578125
0 0.3 0.45546875 0.0109375 0.0578125
0 0.2921875 0.45078125 0.0125 0.0609375
0 0.3109375 0.41796875 0.009375 0.040625
0 0.31640625 0.4140625 0.009375 0.0390625