0 0.4703125 0.57578125 0.08125 0.3515625
0 0.59921875 0.46171875 0.0203125 0.0921875
0 0.39375 0.64375 0.0859375 0.5109375
0 0.54375 0.55546875 0.05 0.2921875
0 0.24453125 0.48046875 0.0203125 0.1
0 0.27421875 0.46953125 0.015625 0.1
0 0.259375 0.471875 0.015625 0.0953125
0 0.2234375 0.48046875 0.0265625 0.096875
0 0.20390625 0.46015625 0.021875 0.096875
0 0.31640625 0.4953125 0.0328125 0.1546875
0 0.57265625 0.53203125 0.0484375 0.2625
0 0.62734375 0.459375 0.0171875 0.090625
0 0.34921875 0.46171875 0.0140625 0.0671875
0 0.30078125 0.45625 0.0109375 0.059375
0 0.290625 0.45078125 0.0125 0.0640625
0 0.31015625 0.41171875 0.009375 0.0390625
0 0.31484375 0.41015625 0.009375 0.0390625