0 0.615625 0.65390625 0.1140625 0.5609375
0 0.54296875 0.628125 0.06875 0.4765625
0 0.44765625 0.471875 0.028125 0.0703125
0 0.428125 0.46796875 0.0296875 0.05625
0 0.3515625 0.53203125 0.0609375 0.3125
0 0.259375 0.5390625 0.0609375 0.271875
0 0.2078125 0.57578125 0.0859375 0.31875
0 0.1109375 0.57109375 0.103125 0.33125
0 0.48828125 0.4890625 0.03125 0.165625
0 0.30859375 0.4484375 0.0109375 0.0484375
0 0.29921875 0.44921875 0.009375 0.0515625
0 0.31484375 0.44609375 0.009375 0.05
0 0.29140625 0.4484375 0.009375 0.0515625