0 0.58828125 0.4734375 0.0203125 0.1453125
0 0.575 0.48828125 0.0203125 0.125
0 0.20859375 0.53203125 0.053125 0.1859375
0 0.5484375 0.45859375 0.0203125 0.1
0 0.521875 0.45859375 0.01875 0.090625
0 0.78125 0.68046875 0.14375 0.6390625
0 0.665625 0.6609375 0.0859375 0.540625
0 0.4609375 0.51640625 0.0421875 0.278125
0 0.49296875 0.5140625 0.0640625 0.23125
0 0.4421875 0.540625 0.0546875 0.2703125
0 0.36171875 0.5234375 0.0546875 0.25
0 0.86171875 0.57734375 0.1015625 0.3859375
0 0.396875 0.4734375 0.0234375 0.125
0 0.62578125 0.45546875 0.01875 0.0765625
0 0.56171875 0.4578125 0.01875 0.0859375
0 0.33359375 0.459375 0.0171875 0.0796875
0 0.303125 0.45546875 0.0171875 0.071875
0 0.284375 0.45859375 0.0140625 0.06875
0 0.246875 0.46015625 0.0140625 0.0703125
0 0.3109375 0.4484375 0.009375 0.0453125
0 0.5359375 0.45078125 0.0140625 0.065625