0 0.365625 0.50390625 0.0234375 0.1
0 0.5609375 0.6671875 0.0796875 0.590625
0 0.85 0.603125 0.1328125 0.4109375
0 0.4890625 0.62578125 0.0890625 0.459375
0 0.44765625 0.471875 0.028125 0.0703125
0 0.428125 0.46796875 0.0296875 0.05625
0 0.209375 0.48046875 0.021875 0.103125
0 0.27265625 0.4703125 0.015625 0.1
0 0.2390625 0.471875 0.015625 0.096875
0 0.22421875 0.48046875 0.025 0.0953125
0 0.20390625 0.4609375 0.021875 0.096875
0 0.40546875 0.5015625 0.034375 0.1875
0 0.77109375 0.5234375 0.0859375 0.271875
0 0.71953125 0.45859375 0.028125 0.0984375
0 0.6140625 0.46328125 0.025 0.1
0 0.4359375 0.44921875 0.0125 0.065625
0 0.3296875 0.4515625 0.009375 0.0546875
0 0.3484375 0.46015625 0.0140625 0.0671875
0 0.3640625 0.459375 0.0109375 0.065625
0 0.30703125 0.453125 0.0125 0.05625
0 0.29765625 0.453125 0.015625 0.0546875
0 0.315625 0.44921875 0.0125 0.0515625
0 0.2828125 0.44921875 0.0109375 0.0546875
0 0.31484375 0.4265625 0.009375 0.040625