0 0.5 0.49765625 0.0515625 0.1015625
0 0.375 0.55078125 0.0515625 0.2890625
0 0.55703125 0.496875 0.0203125 0.1015625
0 0.57578125 0.5 0.01875 0.10625
0 0.65703125 0.4578125 0.0203125 0.0921875
0 0.5328125 0.45703125 0.0203125 0.09375
0 0.57890625 0.4546875 0.0203125 0.1
0 0.49765625 0.45546875 0.021875 0.10625
0 0.3234375 0.578125 0.06875 0.34375
0 0.42109375 0.5328125 0.0421875 0.2265625
0 0.44765625 0.471875 0.028125 0.0703125
0 0.26875 0.4796875 0.0171875 0.09375
0 0.23984375 0.47890625 0.021875 0.0953125
0 0.2046875 0.46015625 0.021875 0.096875
0 0.28359375 0.45390625 0.015625 0.065625