0 0.94765625 0.67265625 0.1015625 0.6546875
0 0.81875 0.68359375 0.1171875 0.603125
0 0.2109375 0.48046875 0.0265625 0.1046875
0 0.22734375 0.47890625 0.0234375 0.09375
0 0.20390625 0.4609375 0.021875 0.096875
0 0.51015625 0.51640625 0.0625 0.2734375
0 0.5953125 0.51328125 0.0421875 0.2234375
0 0.5609375 0.540625 0.059375 0.25625
0 0.45234375 0.51796875 0.065625 0.2359375
0 0.35390625 0.47109375 0.021875 0.109375
0 0.62265625 0.45234375 0.0171875 0.08125
0 0.61484375 0.4609375 0.0203125 0.090625
0 0.38046875 0.4578125 0.015625 0.0859375
0 0.365625 0.459375 0.009375 0.065625
0 0.3078125 0.45859375 0.01875 0.075
0 0.28984375 0.4609375 0.0140625 0.0703125
0 0.2421875 0.4609375 0.0140625 0.06875
0 0.2953125 0.425 0.0078125 0.0296875
0 0.39296875 0.44453125 0.0140625 0.05625