0 0.4953125 0.58125 0.06875 0.3703125
0 0.4234375 0.64453125 0.1 0.540625
0 0.58125 0.56328125 0.078125 0.3046875
0 0.23828125 0.48046875 0.021875 0.1
0 0.27578125 0.46953125 0.0171875 0.1015625
0 0.2578125 0.471875 0.0171875 0.0953125
0 0.225 0.48125 0.0234375 0.0953125
0 0.20390625 0.4609375 0.021875 0.096875
0 0.325 0.4984375 0.028125 0.15625
0 0.6078125 0.53515625 0.0703125 0.275
0 0.6390625 0.4609375 0.021875 0.0921875
0 0.3484375 0.46171875 0.0140625 0.0671875
0 0.3640625 0.45703125 0.0109375 0.0640625
0 0.30078125 0.45546875 0.0109375 0.0578125
0 0.290625 0.45078125 0.0125 0.0609375
0 0.31015625 0.4140625 0.009375 0.040625
0 0.315625 0.4109375 0.009375 0.0390625