0 0.315625 0.50703125 0.03125 0.096875
0 0.615625 0.65390625 0.1125 0.5609375
0 0.54375 0.628125 0.0671875 0.4765625
0 0.44765625 0.471875 0.028125 0.0703125
0 0.428125 0.46796875 0.0296875 0.05625
0 0.36171875 0.53359375 0.0671875 0.3140625
0 0.26953125 0.53828125 0.05625 0.2734375
0 0.21484375 0.571875 0.0765625 0.3140625
0 0.1203125 0.571875 0.1078125 0.33125
0 0.484375 0.4875 0.0296875 0.1640625
0 0.30859375 0.4484375 0.0109375 0.0484375
0 0.3 0.4484375 0.0078125 0.0515625
0 0.31484375 0.44609375 0.009375 0.05