0 0.44375 0.56875 0.05625 0.340625
0 0.575 0.49921875 0.0203125 0.1046875
0 0.60703125 0.4609375 0.0203125 0.0921875
0 0.58125 0.45390625 0.0203125 0.1015625
0 0.36953125 0.63125 0.0859375 0.48125
0 0.51484375 0.55546875 0.053125 0.290625
0 0.24921875 0.48125 0.01875 0.1015625
0 0.2734375 0.4703125 0.0171875 0.0984375
0 0.2609375 0.471875 0.015625 0.0953125
0 0.22421875 0.48125 0.025 0.096875
0 0.20390625 0.46015625 0.021875 0.096875
0 0.309375 0.49453125 0.0296875 0.15
0 0.54453125 0.5234375 0.0421875 0.25
0 0.61640625 0.459375 0.0203125 0.0859375
0 0.290625 0.4515625 0.0140625 0.065625
0 0.309375 0.4109375 0.0109375 0.0390625
0 0.31484375 0.41015625 0.009375 0.0390625