0 0.84609375 0.6546875 0.053125 0.215625
0 0.35625 0.63671875 0.0390625 0.225
0 0.915625 0.51796875 0.040625 0.1953125
0 0.49921875 0.93125 0.0421875 0.1375
0 0.37734375 0.24140625 0.0390625 0.1046875
0 0.3671875 0.32421875 0.0296875 0.1125
0 0.43125 0.20703125 0.0375 0.1578125
0 0.1984375 0.2421875 0.034375 0.1765625
0 0.4046875 0.140625 0.0296875 0.146875
0 0.396875 0.11015625 0.028125 0.1546875
0 0.65078125 0.08046875 0.03125 0.109375
0 0.2984375 0.1859375 0.025 0.15625
0 0.17421875 0.059375 0.0234375 0.11875
0 0.20390625 0.1796875 0.0296875 0.1578125
0 0.16328125 0.19296875 0.025 0.1546875
0 0.1328125 0.203125 0.028125 0.153125
0 0.12265625 0.17890625 0.028125 0.1703125
0 0.15234375 0.1609375 0.03125 0.1578125
0 0.19609375 0.878125 0.0484375 0.24375
0 0.49921875 0.39140625 0.034375 0.196875
0 0.45625 0.40234375 0.0328125 0.19375
0 0.6484375 0.76953125 0.0453125 0.2515625
0 0.9296875 0.740625 0.0484375 0.228125
0 0.771875 0.04453125 0.03125 0.0890625
0 0.7359375 0.04375 0.021875 0.0875
0 0.94453125 0.2359375 0.0359375 0.1671875
0 0.87734375 0.20078125 0.028125 0.15625
0 0.7828125 0.221875 0.0359375 0.15
0 0.62421875 0.178125 0.03125 0.1546875
0 0.44921875 0.03125 0.025 0.0625
0 0.41484375 0.028125 0.025 0.05625
0 0.2671875 0.12890625 0.028125 0.1421875
0 0.21953125 0.49453125 0.034375 0.1984375
0 0.18046875 0.49453125 0.04375 0.18125
0 0.24609375 0.14140625 0.028125 0.1609375
0 0.240625 0.07578125 0.03125 0.1453125
0 0.21171875 0.059375 0.028125 0.11875
0 0.1203125 0.059375 0.021875 0.11875
0 0.23125 0.328125 0.0359375 0.1765625
0 0.184375 0.3265625 0.0328125 0.1765625
0 0.27265625 0.31171875 0.034375 0.16875