0 0.84609375 0.65390625 0.053125 0.215625
0 0.3578125 0.646875 0.040625 0.225
0 0.915625 0.5171875 0.040625 0.1953125
0 0.49296875 0.9390625 0.0421875 0.121875
0 0.37734375 0.24140625 0.0390625 0.1046875
0 0.3671875 0.32421875 0.0296875 0.1125
0 0.43125 0.20703125 0.0390625 0.1578125
0 0.1734375 0.2390625 0.0359375 0.178125
0 0.40390625 0.13828125 0.0296875 0.1453125
0 0.65078125 0.08046875 0.03125 0.109375
0 0.303125 0.18671875 0.0296875 0.1578125
0 0.17421875 0.059375 0.0234375 0.11875
0 0.2078125 0.17734375 0.028125 0.159375
0 0.16328125 0.19296875 0.025 0.1546875
0 0.13828125 0.19921875 0.028125 0.1546875
0 0.1265625 0.1859375 0.0359375 0.1609375
0 0.46640625 0.0234375 0.0265625 0.046875
0 0.18515625 0.790625 0.04375 0.2390625
0 0.51171875 0.46015625 0.04375 0.20625
0 0.46484375 0.47578125 0.0328125 0.2
0 0.68671875 0.87890625 0.05 0.2421875
0 0.93359375 0.74140625 0.0484375 0.2296875
0 0.7890625 0.05703125 0.03125 0.1140625
0 0.7546875 0.0609375 0.0234375 0.121875
0 0.91484375 0.18125 0.0265625 0.159375
0 0.85625 0.14609375 0.0265625 0.1484375
0 0.78359375 0.18125 0.03125 0.1421875
0 0.6 0.11796875 0.028125 0.1515625
0 0.43671875 0.0203125 0.025 0.040625
0 0.3765625 0.0390625 0.0546875 0.078125
0 0.259375 0.09140625 0.028125 0.1375
0 0.225 0.43359375 0.03125 0.1921875
0 0.1921875 0.43671875 0.0375 0.175
0 0.23828125 0.14140625 0.0328125 0.1625
0 0.23203125 0.05390625 0.0359375 0.1078125
0 0.2125 0.03984375 0.0265625 0.0796875
0 0.1453125 0.05546875 0.028125 0.1109375
0 0.253125 0.28359375 0.0359375 0.1765625
0 0.20703125 0.28125 0.03125 0.1703125