0 0.83203125 0.68671875 0.0484375 0.221875
0 0.24921875 0.17734375 0.0375 0.1828125
0 0.27578125 0.64375 0.0484375 0.221875
0 0.91484375 0.51875 0.040625 0.19375
0 0.5171875 0.9265625 0.0421875 0.146875
0 0.37734375 0.24140625 0.0390625 0.1046875
0 0.3671875 0.32421875 0.0296875 0.1125
0 0.42890625 0.21796875 0.03125 0.1609375
0 0.7625 0.05 0.0265625 0.1
0 0.55078125 0.13046875 0.028125 0.1484375
0 0.51796875 0.12890625 0.03125 0.165625
0 0.278125 0.1640625 0.0203125 0.1578125
0 0.49609375 0.0859375 0.03125 0.1515625
0 0.06953125 0.41015625 0.0265625 0.175
0 0.46015625 0.52578125 0.04375 0.2046875
0 0.48828125 0.534375 0.040625 0.190625
0 0.40859375 0.15390625 0.0203125 0.1390625
0 0.38359375 0.165625 0.03125 0.15625
0 0.38046875 0.0765625 0.025 0.1421875
0 0.13046875 0.39140625 0.0296875 0.1703125
0 0.65078125 0.08125 0.03125 0.109375
0 0.225 0.56640625 0.0453125 0.215625
0 0.29375 0.134375 0.0265625 0.153125
0 0.18515625 0.12109375 0.028125 0.15
0 0.203125 0.17890625 0.028125 0.1625
0 0.5421875 0.47421875 0.03125 0.1796875
0 0.16328125 0.1984375 0.028125 0.1578125
0 0.12109375 0.2015625 0.03125 0.1453125
0 0.12890625 0.18203125 0.025 0.1734375
0 0.146875 0.1546875 0.0296875 0.1609375
0 0.45 0.04453125 0.025 0.0890625
0 0.23671875 0.1390625 0.0296875 0.159375
0 0.24375 0.4109375 0.040625 0.196875
0 0.96796875 0.53828125 0.034375 0.1953125
0 0.9234375 0.14765625 0.0296875 0.1453125
0 0.9828125 0.13125 0.028125 0.15
0 0.85703125 0.06796875 0.034375 0.1359375
0 0.24921875 0.95546875 0.053125 0.0890625
0 0.26875 0.91796875 0.046875 0.1640625
0 0.23046875 0.03671875 0.0234375 0.0734375
0 0.20703125 0.03671875 0.021875 0.0734375