0 0.840625 0.6921875 0.0453125 0.2234375
0 0.24765625 0.16875 0.0375 0.18125
0 0.29453125 0.640625 0.0546875 0.221875
0 0.91484375 0.51875 0.0421875 0.19375
0 0.51953125 0.925 0.0421875 0.15
0 0.37734375 0.24140625 0.0390625 0.1046875
0 0.3671875 0.32421875 0.0296875 0.1125
0 0.42890625 0.21796875 0.03125 0.1609375
0 0.7578125 0.04609375 0.025 0.0921875
0 0.546875 0.12890625 0.028125 0.1484375
0 0.5125 0.12421875 0.034375 0.1640625
0 0.278125 0.15859375 0.0234375 0.15625
0 0.496875 0.0734375 0.0328125 0.146875
0 0.06953125 0.41015625 0.0265625 0.175
0 0.46015625 0.54453125 0.04375 0.209375
0 0.49453125 0.5453125 0.0421875 0.190625
0 0.40703125 0.1515625 0.021875 0.13125
0 0.38203125 0.165625 0.0296875 0.15625
0 0.3796875 0.07578125 0.0265625 0.14375
0 0.1265625 0.37734375 0.028125 0.1703125
0 0.65078125 0.08125 0.03125 0.109375
0 0.26171875 0.5984375 0.034375 0.2109375
0 0.215625 0.58671875 0.0453125 0.221875
0 0.29375 0.134375 0.0265625 0.153125
0 0.18359375 0.12421875 0.0296875 0.153125
0 0.20234375 0.17890625 0.028125 0.1625
0 0.56015625 0.4921875 0.034375 0.1828125
0 0.16171875 0.196875 0.028125 0.1578125
0 0.12265625 0.2015625 0.0328125 0.1453125
0 0.13046875 0.1828125 0.028125 0.16875
0 0.146875 0.1546875 0.0296875 0.1609375
0 0.44765625 0.0484375 0.028125 0.096875
0 0.2359375 0.14453125 0.0296875 0.159375
0 0.24453125 0.3953125 0.040625 0.1984375
0 0.9609375 0.5265625 0.034375 0.19375
0 0.9296875 0.1578125 0.0328125 0.15
0 0.97109375 0.134375 0.0296875 0.15
0 0.86015625 0.0765625 0.0296875 0.15
0 0.28515625 0.93359375 0.0515625 0.1328125
0 0.23125 0.03828125 0.025 0.0765625
0 0.20859375 0.03984375 0.021875 0.0796875