0 0.8453125 0.65390625 0.0515625 0.215625
0 0.3609375 0.6484375 0.04375 0.234375
0 0.915625 0.515625 0.0390625 0.196875
0 0.46953125 0.934375 0.040625 0.13125
0 0.37734375 0.24140625 0.0390625 0.1046875
0 0.3671875 0.32421875 0.0296875 0.1125
0 0.4296875 0.2078125 0.0390625 0.1609375
0 0.19296875 0.2375 0.025 0.15625
0 0.1703125 0.23828125 0.0328125 0.1765625
0 0.40546875 0.13828125 0.0296875 0.146875
0 0.3984375 0.115625 0.0296875 0.15625
0 0.24921875 0.0296875 0.0234375 0.059375
0 0.65078125 0.08046875 0.03125 0.109375
0 0.30546875 0.1875 0.03125 0.159375
0 0.17421875 0.05859375 0.0234375 0.1171875
0 0.19921875 0.178125 0.025 0.159375
0 0.1625 0.19140625 0.025 0.15625
0 0.13671875 0.19921875 0.025 0.1546875
0 0.12421875 0.18046875 0.0265625 0.1671875
0 0.46640625 0.0234375 0.0265625 0.046875
0 0.16015625 0.646875 0.0421875 0.2203125
0 0.55625 0.59453125 0.0421875 0.2171875
0 0.51015625 0.615625 0.0359375 0.2203125
0 0.7515625 0.10390625 0.0265625 0.14375
0 0.8703125 0.084375 0.0296875 0.146875
0 0.821875 0.0625 0.025 0.125
0 0.78125 0.11875 0.03125 0.1390625
0 0.5703125 0.04375 0.028125 0.0859375
0 0.390625 0.03125 0.021875 0.0625
0 0.27265625 0.04296875 0.0234375 0.0859375
0 0.23984375 0.3359375 0.028125 0.18125
0 0.20625 0.3375 0.0453125 0.1640625
0 0.1453125 0.05546875 0.028125 0.1109375
0 0.2625 0.2015625 0.03125 0.165625
0 0.2328125 0.19609375 0.028125 0.159375
0 0.41015625 0.03046875 0.0234375 0.0609375