0 0.853125 0.6984375 0.040625 0.2234375
0 0.2515625 0.15703125 0.0359375 0.1796875
0 0.340625 0.63203125 0.0484375 0.2265625
0 0.91484375 0.51875 0.0421875 0.19375
0 0.5296875 0.9171875 0.046875 0.165625
0 0.37734375 0.24140625 0.0390625 0.1046875
0 0.3671875 0.32421875 0.0296875 0.1125
0 0.42890625 0.21796875 0.03125 0.1609375
0 0.7609375 0.0390625 0.0265625 0.078125
0 0.5421875 0.11875 0.028125 0.1484375
0 0.5109375 0.1078125 0.03125 0.1625
0 0.275 0.14921875 0.025 0.1546875
0 0.49375 0.06015625 0.0296875 0.1203125
0 0.06953125 0.409375 0.0265625 0.1734375
0 0.46484375 0.565625 0.046875 0.2140625
0 0.49375 0.5703125 0.0359375 0.1953125
0 0.40546875 0.15703125 0.028125 0.11875
0 0.38203125 0.1625 0.0296875 0.1546875
0 0.38046875 0.06875 0.025 0.1375
0 0.121875 0.35859375 0.028125 0.16875
0 0.65078125 0.08125 0.03125 0.109375
0 0.25 0.62890625 0.0359375 0.2140625
0 0.1953125 0.6140625 0.046875 0.225
0 0.29453125 0.134375 0.028125 0.1515625
0 0.18125 0.1265625 0.0328125 0.1515625
0 0.2 0.1796875 0.028125 0.1640625
0 0.59375 0.5140625 0.034375 0.184375
0 0.16015625 0.19453125 0.028125 0.15625
0 0.128125 0.20078125 0.0296875 0.1453125
0 0.44375 0.0515625 0.028125 0.103125
0 0.23671875 0.14921875 0.0296875 0.1609375
0 0.25234375 0.36875 0.040625 0.1953125
0 0.94765625 0.503125 0.034375 0.19375
0 0.9390625 0.171875 0.03125 0.1484375
0 0.94921875 0.1359375 0.034375 0.1515625
0 0.8703125 0.09921875 0.0375 0.153125
0 0.31171875 0.95703125 0.046875 0.0859375
0 0.23359375 0.04140625 0.025 0.0828125
0 0.20859375 0.04609375 0.0296875 0.0921875