0 0.84609375 0.65390625 0.053125 0.215625
0 0.35703125 0.65 0.040625 0.228125
0 0.915625 0.51640625 0.040625 0.1953125
0 0.49453125 0.9328125 0.0421875 0.134375
0 0.37734375 0.24140625 0.0390625 0.1046875
0 0.3671875 0.32421875 0.0296875 0.1125
0 0.43203125 0.20703125 0.0390625 0.1578125
0 0.19453125 0.23515625 0.0265625 0.1546875
0 0.17421875 0.23828125 0.0359375 0.1765625
0 0.40625 0.140625 0.028125 0.146875
0 0.39921875 0.115625 0.0265625 0.1546875
0 0.65078125 0.08046875 0.03125 0.109375
0 0.30546875 0.18671875 0.03125 0.1578125
0 0.17421875 0.059375 0.0234375 0.11875
0 0.20234375 0.1765625 0.0265625 0.159375
0 0.1625 0.19296875 0.025 0.1546875
0 0.1375 0.19921875 0.0265625 0.1546875
0 0.1234375 0.18046875 0.025 0.1703125
0 0.46640625 0.0234375 0.0265625 0.046875
0 0.17265625 0.72578125 0.040625 0.23125
0 0.525 0.5171875 0.0375 0.2109375
0 0.48046875 0.53203125 0.034375 0.209375
0 0.72734375 0.93046875 0.0515625 0.1390625
0 0.93515625 0.7390625 0.0453125 0.2171875
0 0.79296875 0.06796875 0.0328125 0.1359375
0 0.7546875 0.07578125 0.0265625 0.1375
0 0.9 0.13203125 0.0265625 0.15625
0 0.8390625 0.10625 0.028125 0.14375
0 0.7859375 0.15390625 0.03125 0.1453125
0 0.5859375 0.07578125 0.0296875 0.1421875
0 0.39296875 0.03203125 0.0234375 0.0640625
0 0.2578125 0.0640625 0.025 0.128125
0 0.23515625 0.39375 0.028125 0.1890625
0 0.19296875 0.39453125 0.0421875 0.1671875
0 0.22578125 0.134375 0.03125 0.1609375
0 0.22734375 0.03828125 0.0328125 0.0765625
0 0.1453125 0.05546875 0.028125 0.1109375
0 0.2640625 0.25 0.0328125 0.175
0 0.2234375 0.24296875 0.0296875 0.16875