0 0.8296875 0.6640625 0.0359375 0.225
0 0.253125 0.0875 0.0390625 0.165625
0 0.44765625 0.68125 0.0390625 0.2375
0 0.915625 0.51875 0.0421875 0.190625
0 0.56171875 0.9296875 0.04375 0.140625
0 0.37734375 0.24140625 0.0390625 0.1046875
0 0.3671875 0.32421875 0.0296875 0.1125
0 0.425 0.21171875 0.0296875 0.1578125
0 0.53203125 0.05546875 0.028125 0.1109375
0 0.49765625 0.05390625 0.0296875 0.1078125
0 0.30546875 0.13203125 0.0203125 0.14375
0 0.09765625 0.38828125 0.0328125 0.1734375
0 0.06875 0.36640625 0.0265625 0.19375
0 0.51875 0.7640625 0.0625 0.2390625
0 0.55390625 0.7703125 0.0390625 0.2171875
0 0.39609375 0.16171875 0.0328125 0.1546875
0 0.18671875 0.234375 0.025 0.1546875
0 0.65078125 0.08125 0.03125 0.109375
0 0.1671875 0.859375 0.0390625 0.240625
0 0.12734375 0.83671875 0.0453125 0.253125
0 0.28203125 0.165625 0.0296875 0.1578125
0 0.171875 0.1234375 0.021875 0.1515625
0 0.2 0.18203125 0.028125 0.1625
0 0.90546875 0.67578125 0.0453125 0.2
0 0.16328125 0.19375 0.028125 0.1578125
0 0.128125 0.19921875 0.0328125 0.146875
0 0.47109375 0.05625 0.0234375 0.1125
0 0.2234375 0.25390625 0.0328125 0.16875
0 0.25703125 0.2109375 0.0375 0.171875
0 0.915625 0.39921875 0.046875 0.196875
0 0.85390625 0.36875 0.034375 0.1796875
0 0.79140625 0.06171875 0.0296875 0.1234375
0 0.92578125 0.26640625 0.0296875 0.159375
0 0.88515625 0.096875 0.028125 0.1546875
0 0.8546875 0.09375 0.0296875 0.1609375
0 0.9796875 0.27421875 0.0390625 0.1765625
0 0.21875 0.0953125 0.0234375 0.1453125
0 0.19453125 0.103125 0.0296875 0.1359375