0 0.8453125 0.65390625 0.0515625 0.215625
0 0.3625 0.646875 0.046875 0.234375
0 0.915625 0.515625 0.0390625 0.196875
0 0.46875 0.934375 0.040625 0.13125
0 0.37734375 0.24140625 0.0390625 0.1046875
0 0.3671875 0.32421875 0.0296875 0.1125
0 0.428125 0.20703125 0.0359375 0.1609375
0 0.1921875 0.240625 0.025 0.1546875
0 0.16875 0.23828125 0.0328125 0.1765625
0 0.40546875 0.1390625 0.0296875 0.146875
0 0.3984375 0.115625 0.0296875 0.15625
0 0.24921875 0.03125 0.0234375 0.0625
0 0.65078125 0.08046875 0.03125 0.109375
0 0.30546875 0.1875 0.03125 0.159375
0 0.17421875 0.05859375 0.0234375 0.1171875
0 0.19921875 0.178125 0.025 0.159375
0 0.1625 0.19140625 0.025 0.15625
0 0.13671875 0.19921875 0.025 0.1546875
0 0.1234375 0.18046875 0.0265625 0.1671875
0 0.46640625 0.0234375 0.0265625 0.046875
0 0.1625 0.6390625 0.040625 0.2203125
0 0.56015625 0.603125 0.04375 0.21875
0 0.51484375 0.62265625 0.0375 0.2203125
0 0.753125 0.10703125 0.0265625 0.1453125
0 0.86875 0.07734375 0.0296875 0.1453125
0 0.7828125 0.1140625 0.0296875 0.1390625
0 0.56953125 0.0390625 0.0265625 0.078125
0 0.27109375 0.04140625 0.0203125 0.0828125
0 0.240625 0.32890625 0.028125 0.1796875
0 0.209375 0.33125 0.040625 0.165625
0 0.1453125 0.05546875 0.028125 0.1109375
0 0.26171875 0.196875 0.0296875 0.1640625
0 0.23359375 0.19140625 0.028125 0.159375
0 0.41015625 0.03046875 0.0234375 0.0609375