0 0.73515625 0.63671875 0.053125 0.2234375
0 0.23203125 0.41953125 0.04375 0.2140625
0 0.07421875 0.62265625 0.04375 0.23125
0 0.915625 0.51875 0.0390625 0.19375
0 0.6421875 0.94765625 0.04375 0.1046875
0 0.35390625 0.81953125 0.053125 0.23125
0 0.37734375 0.24140625 0.0390625 0.1046875
0 0.3671875 0.32421875 0.0296875 0.1125
0 0.42890625 0.21796875 0.03125 0.1609375
0 0.98984375 0.365625 0.0203125 0.1765625
0 0.78828125 0.13125 0.028125 0.1359375
0 0.80703125 0.27578125 0.0265625 0.1625
0 0.7734375 0.278125 0.0375 0.1796875
0 0.4421875 0.26171875 0.04375 0.159375
0 0.5359375 0.253125 0.0359375 0.1609375
0 0.0890625 0.41953125 0.0296875 0.1765625
0 0.478125 0.24453125 0.0296875 0.15625
0 0.7140625 0.2671875 0.0203125 0.153125
0 0.6828125 0.23671875 0.03125 0.1515625
0 0.3796875 0.07265625 0.028125 0.1453125
0 0.02265625 0.7984375 0.0359375 0.2125
0 0.65078125 0.0796875 0.03125 0.10625
0 0.2734375 0.26484375 0.040625 0.178125
0 0.23984375 0.09921875 0.0265625 0.1453125
0 0.2125 0.10859375 0.0265625 0.1515625
0 0.2921875 0.1359375 0.0234375 0.1546875
0 0.26640625 0.11171875 0.028125 0.1484375
0 0.1984375 0.178125 0.028125 0.1640625
0 0.25390625 0.17265625 0.0296875 0.1421875
0 0.1625 0.19140625 0.028125 0.1578125
0 0.18828125 0.159375 0.021875 0.1609375
0 0.121875 0.1953125 0.0265625 0.1515625
0 0.1453125 0.16875 0.025 0.1703125
0 0.22890625 0.92578125 0.0515625 0.1484375