0 0.83515625 0.68203125 0.040625 0.2234375
0 0.25 0.134375 0.034375 0.175
0 0.41796875 0.63984375 0.040625 0.2296875
0 0.91484375 0.51875 0.0421875 0.19375
0 0.5453125 0.9265625 0.046875 0.146875
0 0.37734375 0.24140625 0.0390625 0.1046875
0 0.3671875 0.32421875 0.0296875 0.1125
0 0.428125 0.2171875 0.0265625 0.159375
0 0.53828125 0.0859375 0.028125 0.14375
0 0.503125 0.07421875 0.03125 0.1484375
0 0.27421875 0.128125 0.021875 0.15625
0 0.48125 0.0390625 0.028125 0.078125
0 0.07109375 0.409375 0.028125 0.1734375
0 0.484375 0.63984375 0.059375 0.2203125
0 0.51875 0.64921875 0.04375 0.2015625
0 0.40546875 0.14921875 0.021875 0.1390625
0 0.3859375 0.16171875 0.03125 0.15625
0 0.3890625 0.04609375 0.025 0.0921875
0 0.134375 0.303125 0.025 0.1640625
0 0.65078125 0.08125 0.03125 0.109375
0 0.21015625 0.7234375 0.0375 0.2265625
0 0.1640625 0.70546875 0.046875 0.240625
0 0.290625 0.1421875 0.028125 0.1546875
0 0.2 0.18125 0.028125 0.1640625
0 0.7125 0.58046875 0.034375 0.190625
0 0.1625 0.19375 0.028125 0.1578125
0 0.19140625 0.16328125 0.0265625 0.1609375
0 0.13046875 0.19921875 0.03125 0.14375
0 0.45546875 0.06328125 0.025 0.1265625
0 0.23828125 0.1828125 0.0296875 0.1609375
0 0.25390625 0.3 0.040625 0.184375
0 0.98046875 0.46484375 0.0390625 0.178125
0 0.8953125 0.4390625 0.0359375 0.1859375
0 0.8015625 0.04296875 0.0265625 0.0859375
0 0.92890625 0.2140625 0.034375 0.1578125
0 0.93125 0.14375 0.0375 0.159375
0 0.896875 0.1640625 0.0359375 0.159375
0 0.23046875 0.0625 0.021875 0.125
0 0.20390625 0.06171875 0.0296875 0.1234375