0 0.846875 0.64921875 0.0390625 0.21875
0 0.253125 0.065625 0.03125 0.13125
0 0.4 0.66015625 0.0453125 0.2296875
0 0.91484375 0.51796875 0.04375 0.1953125
0 0.546875 0.92890625 0.04375 0.1421875
0 0.37734375 0.24140625 0.0390625 0.1046875
0 0.3671875 0.32421875 0.0296875 0.1125
0 0.42890625 0.21328125 0.0375 0.15625
0 0.52421875 0.0390625 0.0265625 0.078125
0 0.49375 0.0390625 0.028125 0.078125
0 0.33125 0.1265625 0.0234375 0.134375
0 0.121875 0.35390625 0.0328125 0.175
0 0.090625 0.33671875 0.0328125 0.190625
0 0.56328125 0.86796875 0.065625 0.246875
0 0.60078125 0.87109375 0.05 0.2265625
0 0.40390625 0.14375 0.021875 0.140625
0 0.4390625 0.140625 0.0296875 0.1546875
0 0.2421875 0.19453125 0.0265625 0.146875
0 0.65078125 0.08125 0.03125 0.109375
0 0.14921875 0.9203125 0.0421875 0.159375
0 0.16953125 0.89296875 0.0546875 0.2140625
0 0.29765625 0.1859375 0.0265625 0.1546875
0 0.17265625 0.10078125 0.028125 0.15
0 0.2 0.18203125 0.028125 0.1609375
0 0.1625 0.1921875 0.025 0.15625
0 0.1265625 0.19921875 0.0265625 0.146875
0 0.46640625 0.04921875 0.0265625 0.0984375
0 0.2125 0.3046875 0.034375 0.178125
0 0.25703125 0.15390625 0.03125 0.1640625
0 0.88359375 0.33828125 0.0328125 0.1859375
0 0.82890625 0.31796875 0.0296875 0.1703125
0 0.78671875 0.06953125 0.03125 0.13125
0 0.9671875 0.3140625 0.0375 0.165625
0 0.87421875 0.0640625 0.028125 0.128125
0 0.8328125 0.0609375 0.028125 0.121875
0 0.23046875 0.12890625 0.0234375 0.15625
0 0.20546875 0.13828125 0.028125 0.1390625
0 0.20703125 0.03671875 0.0265625 0.0734375