0 0.7359375 0.63671875 0.0546875 0.2234375
0 0.21484375 0.484375 0.0421875 0.221875
0 0.07421875 0.6234375 0.04375 0.23125
0 0.9203125 0.51953125 0.040625 0.1953125
0 0.5984375 0.9515625 0.0390625 0.096875
0 0.35390625 0.81953125 0.053125 0.23125
0 0.37734375 0.24140625 0.0390625 0.1046875
0 0.3671875 0.32421875 0.0296875 0.1125
0 0.42890625 0.21796875 0.03125 0.1609375
0 0.95078125 0.278125 0.034375 0.16875
0 0.7875 0.13125 0.028125 0.1359375
0 0.865625 0.32578125 0.0328125 0.16875
0 0.58125 0.2765625 0.0390625 0.1671875
0 0.55625 0.2078125 0.040625 0.16875
0 0.13125 0.45703125 0.034375 0.1859375
0 0.1484375 0.43359375 0.03125 0.2015625
0 0.4703125 0.196875 0.03125 0.1671875
0 0.4875 0.196875 0.0265625 0.1484375
0 0.5515625 0.03671875 0.025 0.0734375
0 0.53125 0.03515625 0.025 0.0703125
0 0.765625 0.30625 0.028125 0.1578125
0 0.74765625 0.25859375 0.025 0.1578125
0 0.3796875 0.07265625 0.028125 0.1453125
0 0.403125 0.02109375 0.021875 0.0421875
0 0.01015625 0.90234375 0.0203125 0.1953125
0 0.6421875 0.08671875 0.0390625 0.1046875
0 0.28984375 0.22109375 0.05 0.1703125
0 0.25390625 0.153125 0.0265625 0.159375
0 0.23046875 0.1609375 0.028125 0.15625
0 0.29140625 0.1359375 0.021875 0.1546875
0 0.26796875 0.11171875 0.025 0.1484375
0 0.1984375 0.17890625 0.028125 0.165625
0 0.1625 0.19140625 0.028125 0.1578125
0 0.1875 0.159375 0.0265625 0.1609375
0 0.1265625 0.19375 0.0234375 0.153125
0 0.15078125 0.16875 0.0296875 0.1671875
0 0.64921875 0.0609375 0.0359375 0.121875