0 0.8203125 0.6703125 0.040625 0.228125
0 0.2515625 0.109375 0.0375 0.1703125
0 0.44296875 0.66328125 0.046875 0.234375
0 0.90546875 0.51875 0.0609375 0.19375
0 0.5515625 0.928125 0.046875 0.14375
0 0.37734375 0.24140625 0.0390625 0.1046875
0 0.3671875 0.32421875 0.0296875 0.1125
0 0.4296875 0.21328125 0.0265625 0.1609375
0 0.534375 0.06640625 0.028125 0.1328125
0 0.5 0.065625 0.03125 0.13125
0 0.0796875 0.40234375 0.028125 0.1765625
0 0.5046875 0.70546875 0.0609375 0.2296875
0 0.53671875 0.7078125 0.0390625 0.203125
0 0.40546875 0.153125 0.0265625 0.125
0 0.38515625 0.1609375 0.0296875 0.1546875
0 0.39765625 0.02265625 0.025 0.0453125
0 0.1640625 0.265625 0.0265625 0.1578125
0 0.65078125 0.08125 0.03125 0.109375
0 0.184375 0.79453125 0.0375 0.234375
0 0.1390625 0.76953125 0.046875 0.2453125
0 0.28046875 0.15703125 0.03125 0.1546875
0 0.18359375 0.1265625 0.0296875 0.1515625
0 0.2 0.18125 0.028125 0.1640625
0 0.16328125 0.19375 0.028125 0.1578125
0 0.12890625 0.19921875 0.0328125 0.146875
0 0.46796875 0.059375 0.0265625 0.11875
0 0.23203125 0.21796875 0.03125 0.165625
0 0.25234375 0.24921875 0.0390625 0.1765625
0 0.95234375 0.43203125 0.04375 0.2
0 0.86875 0.403125 0.0328125 0.184375
0 0.79609375 0.05390625 0.0296875 0.1078125
0 0.91484375 0.2390625 0.034375 0.15625
0 0.9 0.1265625 0.025 0.1578125
0 0.875 0.12109375 0.0296875 0.1625
0 0.94921875 0.22109375 0.0421875 0.1640625
0 0.22578125 0.075 0.0234375 0.146875
0 0.1984375 0.0765625 0.0296875 0.125