0 0.8453125 0.65390625 0.0515625 0.215625
0 0.29140625 0.63984375 0.04375 0.2296875
0 0.915625 0.51640625 0.0421875 0.1921875
0 0.47421875 0.940625 0.0453125 0.11875
0 0.37734375 0.24140625 0.0390625 0.1046875
0 0.3671875 0.32421875 0.0296875 0.1125
0 0.4234375 0.20390625 0.0328125 0.159375
0 0.18515625 0.2578125 0.028125 0.159375
0 0.1546875 0.25234375 0.0296875 0.1796875
0 0.403125 0.14375 0.025 0.140625
0 0.2515625 0.053125 0.021875 0.10625
0 0.65078125 0.08046875 0.03125 0.109375
0 0.29921875 0.18671875 0.03125 0.1609375
0 0.17421875 0.05859375 0.0234375 0.1171875
0 0.19921875 0.1796875 0.025 0.159375
0 0.1625 0.19140625 0.025 0.15625
0 0.134375 0.19921875 0.025 0.1515625
0 0.12109375 0.17890625 0.0265625 0.1703125
0 0.17578125 0.5375 0.040625 0.20625
0 0.61875 0.73203125 0.0515625 0.2453125
0 0.58203125 0.74765625 0.040625 0.2390625
0 0.83671875 0.15703125 0.0328125 0.1609375
0 0.77109375 0.153125 0.028125 0.15
0 0.7921875 0.08359375 0.0296875 0.1359375
0 0.25078125 0.26796875 0.028125 0.1703125
0 0.2234375 0.2703125 0.0359375 0.1578125
0 0.14609375 0.05546875 0.025 0.1109375
0 0.2546875 0.14140625 0.0296875 0.1546875
0 0.2234375 0.140625 0.0296875 0.1546875
0 0.45078125 0.03203125 0.0296875 0.0640625