0 0.79296875 0.66328125 0.046875 0.228125
0 0.2546875 0.21015625 0.0375 0.1859375
0 0.16640625 0.65390625 0.0515625 0.2375
0 0.91484375 0.51875 0.040625 0.19375
0 0.50234375 0.9203125 0.0390625 0.159375
0 0.37734375 0.24140625 0.0390625 0.1046875
0 0.3671875 0.32421875 0.0296875 0.1125
0 0.42890625 0.21796875 0.03125 0.1609375
0 0.77265625 0.08203125 0.025 0.1328125
0 0.5703125 0.14921875 0.028125 0.146875
0 0.5390625 0.16171875 0.03125 0.16875
0 0.27734375 0.1734375 0.0234375 0.1609375
0 0.503125 0.13203125 0.03125 0.1578125
0 0.06875 0.409375 0.0265625 0.1734375
0 0.44921875 0.4734375 0.046875 0.2015625
0 0.47890625 0.48046875 0.0359375 0.1828125
0 0.440625 0.16875 0.025 0.1421875
0 0.3953125 0.1703125 0.0234375 0.15625
0 0.3796875 0.0734375 0.0265625 0.146875
0 0.13828125 0.44765625 0.03125 0.1796875
0 0.65078125 0.08125 0.03125 0.109375
0 0.29453125 0.515625 0.0328125 0.2
0 0.253125 0.5015625 0.0328125 0.2109375
0 0.29375 0.1359375 0.0234375 0.1546875
0 0.17734375 0.121875 0.028125 0.15
0 0.1984375 0.18125 0.028125 0.1640625
0 0.159375 0.2 0.028125 0.1578125
0 0.190625 0.1640625 0.025 0.1609375
0 0.1265625 0.19453125 0.0296875 0.15
0 0.13671875 0.1765625 0.025 0.1703125
0 0.459375 0.03203125 0.01875 0.0640625
0 0.228125 0.10390625 0.028125 0.1546875
0 0.22265625 0.490625 0.04375 0.209375
0 0.97890625 0.60078125 0.034375 0.1984375
0 0.8921875 0.11328125 0.0296875 0.1421875
0 0.82265625 0.03828125 0.03125 0.0765625
0 0.18828125 0.89609375 0.05 0.2078125
0 0.20703125 0.84609375 0.04375 0.2515625
0 0.20234375 0.0234375 0.0234375 0.046875