0 0.84609375 0.64921875 0.040625 0.21875
0 0.25234375 0.0640625 0.0328125 0.128125
0 0.39765625 0.659375 0.046875 0.23125
0 0.91484375 0.51796875 0.04375 0.1953125
0 0.5453125 0.928125 0.04375 0.14375
0 0.37734375 0.24140625 0.0390625 0.1046875
0 0.3671875 0.32421875 0.0296875 0.1125
0 0.4296875 0.21328125 0.0375 0.15625
0 0.525 0.03828125 0.0265625 0.0765625
0 0.49453125 0.0390625 0.028125 0.078125
0 0.33125 0.1265625 0.0234375 0.134375
0 0.12265625 0.353125 0.0328125 0.175
0 0.09140625 0.33671875 0.0328125 0.1921875
0 0.56484375 0.8734375 0.0671875 0.2484375
0 0.603125 0.8765625 0.05 0.2296875
0 0.40390625 0.14375 0.021875 0.140625
0 0.440625 0.13984375 0.0296875 0.1546875
0 0.24375 0.19296875 0.0265625 0.146875
0 0.65078125 0.08125 0.03125 0.109375
0 0.15 0.92265625 0.0421875 0.1546875
0 0.17265625 0.89453125 0.05625 0.2109375
0 0.2984375 0.1859375 0.0234375 0.1546875
0 0.17265625 0.0984375 0.028125 0.15
0 0.2 0.18203125 0.028125 0.1609375
0 0.1625 0.1921875 0.025 0.15625
0 0.1265625 0.19921875 0.025 0.146875
0 0.4671875 0.04921875 0.0265625 0.0984375
0 0.21328125 0.30625 0.034375 0.178125
0 0.2578125 0.1515625 0.03125 0.1640625
0 0.88359375 0.33828125 0.03125 0.1875
0 0.82890625 0.31796875 0.0296875 0.1703125
0 0.78671875 0.06953125 0.03125 0.13125
0 0.96875 0.31640625 0.0375 0.165625
0 0.8734375 0.06328125 0.028125 0.1265625
0 0.83125 0.06015625 0.028125 0.1203125
0 0.23125 0.13046875 0.0234375 0.15625
0 0.20625 0.03828125 0.0265625 0.0765625