0 0.821875 0.66640625 0.04375 0.225
0 0.2515625 0.10390625 0.0375 0.1703125
0 0.440625 0.671875 0.046875 0.2375
0 0.90703125 0.51796875 0.0578125 0.1921875
0 0.55078125 0.93203125 0.046875 0.1359375
0 0.37734375 0.24140625 0.0390625 0.1046875
0 0.3671875 0.32421875 0.0296875 0.1125
0 0.43046875 0.21171875 0.028125 0.1609375
0 0.53359375 0.0640625 0.0265625 0.128125
0 0.49921875 0.06328125 0.0296875 0.1265625
0 0.290625 0.12421875 0.021875 0.146875
0 0.08515625 0.39921875 0.0328125 0.1765625
0 0.06015625 0.38203125 0.025 0.1953125
0 0.50625 0.71796875 0.059375 0.2296875
0 0.53984375 0.721875 0.0390625 0.20625
0 0.40546875 0.15390625 0.0265625 0.1234375
0 0.3859375 0.16171875 0.03125 0.1546875
0 0.39609375 0.02109375 0.025 0.0421875
0 0.16875 0.25546875 0.025 0.15625
0 0.65078125 0.08125 0.03125 0.109375
0 0.1796875 0.81171875 0.0390625 0.2375
0 0.1375 0.784375 0.0515625 0.246875
0 0.278125 0.1609375 0.03125 0.15625
0 0.18203125 0.1265625 0.028125 0.153125
0 0.2 0.18203125 0.028125 0.1625
0 0.8421875 0.6375 0.046875 0.19375
0 0.16328125 0.19375 0.028125 0.1578125
0 0.12890625 0.19921875 0.0328125 0.146875
0 0.46953125 0.059375 0.0265625 0.11875
0 0.2296875 0.2265625 0.0296875 0.16875
0 0.25390625 0.24140625 0.034375 0.175
0 0.94296875 0.42421875 0.040625 0.2
0 0.865625 0.39453125 0.0328125 0.184375
0 0.79453125 0.05546875 0.028125 0.1109375
0 0.91796875 0.24609375 0.0359375 0.15625
0 0.896875 0.11796875 0.0265625 0.153125
0 0.86875 0.11328125 0.0296875 0.1625
0 0.953125 0.2375 0.034375 0.16875
0 0.225 0.0796875 0.0234375 0.1453125
0 0.196875 0.08203125 0.0265625 0.1296875