0 0.73359375 0.6359375 0.053125 0.2234375
0 0.23828125 0.31796875 0.040625 0.2046875
0 0.0734375 0.6203125 0.04375 0.2296875
0 0.915625 0.51875 0.040625 0.19375
0 0.54375 0.91875 0.0359375 0.1625
0 0.353125 0.81953125 0.053125 0.23125
0 0.37734375 0.24140625 0.0390625 0.1046875
0 0.3671875 0.32421875 0.0296875 0.1125
0 0.42890625 0.21796875 0.03125 0.1609375
0 0.7890625 0.13046875 0.028125 0.1375
0 0.671875 0.22578125 0.0296875 0.146875
0 0.65 0.23359375 0.0328125 0.165625
0 0.303125 0.22109375 0.0328125 0.159375
0 0.46640625 0.26171875 0.040625 0.1703125
0 0.06875 0.409375 0.025 0.1734375
0 0.0796875 0.3921875 0.0296875 0.1875
0 0.40546875 0.33359375 0.034375 0.18125
0 0.43125 0.34296875 0.03125 0.16875
0 0.59453125 0.2140625 0.021875 0.146875
0 0.5140625 0.19140625 0.0265625 0.1578125
0 0.3796875 0.07265625 0.028125 0.1453125
0 0.134375 0.640625 0.0359375 0.1984375
0 0.65078125 0.08125 0.03125 0.109375
0 0.32890625 0.34765625 0.0296875 0.171875
0 0.28984375 0.3609375 0.0328125 0.1953125
0 0.24921875 0.05 0.0265625 0.1
0 0.21953125 0.05078125 0.0234375 0.1015625
0 0.29296875 0.1359375 0.025 0.1546875
0 0.23671875 0.11171875 0.028125 0.1484375
0 0.1984375 0.178125 0.028125 0.1625
0 0.27734375 0.28125 0.0296875 0.15625
0 0.16328125 0.19453125 0.028125 0.1578125
0 0.18828125 0.16328125 0.0234375 0.1625
0 0.12421875 0.19296875 0.028125 0.1515625
0 0.14609375 0.171875 0.028125 0.1703125
0 0.19375 0.0484375 0.0234375 0.096875
0 0.23359375 0.73671875 0.05 0.240625
0 0.803125 0.04375 0.025 0.0875
0 0.015625 0.67109375 0.03125 0.2234375