0 0.84609375 0.65390625 0.053125 0.215625
0 0.3578125 0.64765625 0.040625 0.2296875
0 0.915625 0.51640625 0.040625 0.1953125
0 0.48515625 0.934375 0.0453125 0.13125
0 0.37734375 0.24140625 0.0390625 0.1046875
0 0.3671875 0.32421875 0.0296875 0.1125
0 0.43359375 0.20859375 0.040625 0.159375
0 0.19453125 0.23515625 0.025 0.1546875
0 0.1734375 0.23828125 0.0359375 0.1765625
0 0.4046875 0.140625 0.028125 0.146875
0 0.3984375 0.115625 0.028125 0.15625
0 0.65078125 0.08046875 0.03125 0.109375
0 0.30546875 0.1875 0.03125 0.159375
0 0.17421875 0.05859375 0.0234375 0.1171875
0 0.19921875 0.1765625 0.025 0.159375
0 0.1625 0.19296875 0.025 0.15625
0 0.1375 0.1984375 0.0265625 0.1546875
0 0.12734375 0.18046875 0.025 0.1703125
0 0.46640625 0.0234375 0.0265625 0.046875
0 0.16484375 0.69375 0.0453125 0.2265625
0 0.534375 0.54921875 0.0421875 0.215625
0 0.4890625 0.565625 0.0359375 0.2140625
0 0.74296875 0.95546875 0.0484375 0.0890625
0 0.94609375 0.74140625 0.059375 0.215625
0 0.98203125 0.7015625 0.0359375 0.2359375
0 0.79765625 0.07578125 0.028125 0.146875
0 0.75 0.08671875 0.025 0.14375
0 0.8921875 0.11640625 0.0265625 0.1515625
0 0.834375 0.084375 0.025 0.134375
0 0.78359375 0.1390625 0.03125 0.14375
0 0.5796875 0.06328125 0.028125 0.1265625
0 0.3921875 0.03203125 0.021875 0.0640625
0 0.2625 0.05703125 0.0234375 0.1140625
0 0.23671875 0.36953125 0.028125 0.1890625
0 0.196875 0.37421875 0.0421875 0.16875
0 0.20703125 0.1328125 0.0265625 0.15625
0 0.22578125 0.03203125 0.028125 0.0640625
0 0.1453125 0.05546875 0.028125 0.1109375
0 0.2625 0.22890625 0.0296875 0.1703125
0 0.22890625 0.22421875 0.0296875 0.1609375