0 0.84609375 0.65703125 0.053125 0.221875
0 0.3203125 0.6140625 0.0296875 0.2375
0 0.915625 0.51953125 0.040625 0.1953125
0 0.47421875 0.93125 0.0390625 0.1375
0 0.37734375 0.24140625 0.0390625 0.1046875
0 0.3671875 0.32421875 0.0296875 0.1125
0 0.43125 0.20703125 0.0375 0.1578125
0 0.2640625 0.23671875 0.0234375 0.153125
0 0.28671875 0.24453125 0.0375 0.175
0 0.4046875 0.1421875 0.0265625 0.15
0 0.3953125 0.10703125 0.03125 0.1515625
0 0.65078125 0.08046875 0.03125 0.109375
0 0.296875 0.18671875 0.028125 0.1546875
0 0.16953125 0.06171875 0.0203125 0.1234375
0 0.20859375 0.17421875 0.0296875 0.1609375
0 0.16328125 0.19296875 0.025 0.1546875
0 0.19765625 0.15703125 0.025 0.159375
0 0.1328125 0.203125 0.028125 0.153125
0 0.125 0.18046875 0.0421875 0.16875
0 0.190625 0.14453125 0.0265625 0.15
0 0.23984375 0.95546875 0.0515625 0.0890625
0 0.50234375 0.29921875 0.034375 0.1765625
0 0.459375 0.30859375 0.0359375 0.1796875
0 0.6015625 0.6140625 0.04375 0.2234375
0 0.88203125 0.73515625 0.0484375 0.21875
0 0.8671875 0.70625 0.0609375 0.234375
0 0.7390625 0.02421875 0.0296875 0.0484375
0 0.9859375 0.33359375 0.028125 0.1734375
0 0.9125 0.284375 0.0296875 0.165625
0 0.8 0.02890625 0.025 0.0578125
0 0.7765625 0.03046875 0.0234375 0.0609375
0 0.78515625 0.2828125 0.0375 0.15
0 0.7 0.26171875 0.03125 0.153125
0 0.45625 0.03671875 0.0265625 0.0734375
0 0.43515625 0.03125 0.0265625 0.0625
0 0.40703125 0.0390625 0.0265625 0.078125
0 0.25234375 0.196875 0.0296875 0.1515625
0 0.21171875 0.59140625 0.0359375 0.215625
0 0.16796875 0.60625 0.04375 0.1984375
0 0.23984375 0.14296875 0.0359375 0.159375
0 0.271875 0.14296875 0.03125 0.1515625
0 0.225 0.10234375 0.0328125 0.1625
0 0.20390625 0.40625 0.0375 0.19375
0 0.1671875 0.40859375 0.0359375 0.190625
0 0.265625 0.39453125 0.0390625 0.18125