0 0.84609375 0.65625 0.053125 0.2203125
0 0.31953125 0.6140625 0.034375 0.23125
0 0.915625 0.51875 0.040625 0.1953125
0 0.47890625 0.93203125 0.040625 0.1359375
0 0.37734375 0.24140625 0.0390625 0.1046875
0 0.3671875 0.32421875 0.0296875 0.1125
0 0.43125 0.20703125 0.0375 0.1578125
0 0.24765625 0.23515625 0.03125 0.1546875
0 0.27734375 0.24375 0.0375 0.175
0 0.40390625 0.14296875 0.028125 0.15
0 0.3953125 0.10859375 0.0296875 0.1515625
0 0.65078125 0.08046875 0.03125 0.109375
0 0.29609375 0.1875 0.0296875 0.1546875
0 0.16875 0.06015625 0.0171875 0.1203125
0 0.2078125 0.1765625 0.0296875 0.1609375
0 0.16328125 0.19453125 0.025 0.1546875
0 0.1984375 0.15859375 0.0234375 0.1609375
0 0.134375 0.2046875 0.028125 0.1484375
0 0.12109375 0.18046875 0.034375 0.16875
0 0.18984375 0.14609375 0.025 0.15
0 0.2265625 0.94375 0.0515625 0.1125
0 0.5046875 0.3140625 0.034375 0.1859375
0 0.45859375 0.32265625 0.03125 0.18125
0 0.609375 0.6390625 0.0453125 0.234375
0 0.88828125 0.73828125 0.046875 0.21875
0 0.74296875 0.02421875 0.0296875 0.0484375
0 0.98203125 0.31484375 0.034375 0.175
0 0.90625 0.2734375 0.0296875 0.165625
0 0.7953125 0.02578125 0.028125 0.0515625
0 0.7703125 0.0265625 0.025 0.053125
0 0.78359375 0.27109375 0.0375 0.15
0 0.684375 0.25390625 0.034375 0.1546875
0 0.459375 0.03828125 0.0296875 0.0765625
0 0.42890625 0.03125 0.025 0.0625
0 0.40703125 0.0390625 0.0265625 0.078125
0 0.26171875 0.18203125 0.025 0.146875
0 0.2109375 0.57578125 0.0359375 0.2109375
0 0.1703125 0.5875 0.046875 0.1953125
0 0.240625 0.14296875 0.0328125 0.159375
0 0.26953125 0.13203125 0.03125 0.1515625
0 0.21953125 0.09140625 0.0328125 0.153125
0 0.20703125 0.3859375 0.0390625 0.1828125
0 0.16953125 0.390625 0.034375 0.1890625
0 0.26875 0.38125 0.0375 0.1796875