0 0.7578125 0.63515625 0.0515625 0.2265625
0 0.2546875 0.24140625 0.0390625 0.19375
0 0.10546875 0.64140625 0.0453125 0.23125
0 0.915625 0.51875 0.040625 0.19375
0 0.5109375 0.921875 0.0421875 0.15625
0 0.37734375 0.24140625 0.0390625 0.1046875
0 0.42890625 0.21796875 0.03125 0.1609375
0 0.7828125 0.109375 0.0265625 0.1359375
0 0.60078125 0.16640625 0.028125 0.1515625
0 0.5625 0.1828125 0.0296875 0.1703125
0 0.28046875 0.18828125 0.028125 0.165625
0 0.50625 0.16953125 0.0359375 0.1640625
0 0.06875 0.409375 0.0265625 0.1734375
0 0.05 0.3921875 0.0453125 0.1875
0 0.43984375 0.4265625 0.04375 0.196875
0 0.4734375 0.43046875 0.040625 0.1765625
0 0.4671875 0.171875 0.0234375 0.140625
0 0.4046875 0.16953125 0.025 0.159375
0 0.3796875 0.0734375 0.0265625 0.146875
0 0.134375 0.50234375 0.03125 0.1859375
0 0.65078125 0.08125 0.03125 0.109375
0 0.3125 0.4609375 0.0328125 0.190625
0 0.26796875 0.45859375 0.0375 0.209375
0 0.2375 0.021875 0.0296875 0.04375
0 0.29296875 0.1359375 0.025 0.1546875
0 0.19765625 0.18046875 0.025 0.1609375
0 0.3765625 0.38046875 0.03125 0.1640625
0 0.1640625 0.19375 0.028125 0.15625
0 0.1875 0.1640625 0.0234375 0.1625
0 0.12421875 0.1921875 0.0296875 0.1515625
0 0.14140625 0.1734375 0.021875 0.1703125
0 0.46484375 0.0203125 0.01875 0.040625
0 0.21015625 0.0796875 0.03125 0.1453125
0 0.21953125 0.55390625 0.0453125 0.21875
0 0.984375 0.653125 0.03125 0.215625
0 0.86484375 0.08359375 0.03125 0.1359375
0 0.78828125 0.0203125 0.0234375 0.040625
0 0.15 0.828125 0.0453125 0.25
0 0.1484375 0.75859375 0.0453125 0.2375