0 0.734375 0.6359375 0.0546875 0.2234375
0 0.246875 0.26953125 0.0390625 0.196875
0 0.075 0.62890625 0.04375 0.2296875
0 0.915625 0.51875 0.040625 0.19375
0 0.5046875 0.915625 0.0375 0.16875
0 0.35234375 0.81953125 0.05 0.23125
0 0.37734375 0.24140625 0.0390625 0.1046875
0 0.3671875 0.32421875 0.0296875 0.1125
0 0.42890625 0.21796875 0.03125 0.1609375
0 0.7890625 0.12890625 0.028125 0.1390625
0 0.625 0.1859375 0.025 0.1515625
0 0.584375 0.19765625 0.034375 0.16875
0 0.28125 0.1921875 0.025 0.1640625
0 0.49765625 0.2 0.0375 0.165625
0 0.06875 0.409375 0.025 0.1734375
0 0.425 0.39609375 0.0390625 0.190625
0 0.4546875 0.39921875 0.0390625 0.1765625
0 0.38046875 0.0734375 0.028125 0.146875
0 0.12890625 0.5453125 0.03125 0.190625
0 0.65078125 0.08125 0.03125 0.109375
0 0.32265625 0.41796875 0.03125 0.18125
0 0.2796875 0.42109375 0.0359375 0.2
0 0.26171875 0.02890625 0.0265625 0.0578125
0 0.221875 0.03046875 0.0234375 0.0609375
0 0.29296875 0.1359375 0.025 0.1546875
0 0.196875 0.11640625 0.0265625 0.1515625
0 0.1984375 0.178125 0.028125 0.1625
0 0.1640625 0.19375 0.028125 0.15625
0 0.18671875 0.16328125 0.021875 0.15625
0 0.12421875 0.19296875 0.028125 0.1515625
0 0.1453125 0.171875 0.025 0.165625
0 0.221875 0.6109375 0.0484375 0.225
0 0.99140625 0.703125 0.0171875 0.215625
0 0.83828125 0.065625 0.03125 0.13125
0 0.11171875 0.76171875 0.05 0.234375
0 0.0859375 0.7046875 0.046875 0.228125