0 0.84609375 0.65625 0.053125 0.2203125
0 0.31875 0.61640625 0.0390625 0.2265625
0 0.915625 0.51875 0.040625 0.1953125
0 0.48359375 0.93515625 0.0421875 0.1296875
0 0.37734375 0.24140625 0.0390625 0.1046875
0 0.3671875 0.32421875 0.0296875 0.1125
0 0.43125 0.20703125 0.0375 0.1578125
0 0.24296875 0.23359375 0.03125 0.1546875
0 0.26953125 0.24296875 0.03125 0.178125
0 0.40390625 0.14375 0.028125 0.1484375
0 0.3953125 0.10859375 0.0296875 0.1515625
0 0.65078125 0.08046875 0.03125 0.109375
0 0.2953125 0.1875 0.03125 0.1546875
0 0.16875 0.06015625 0.0171875 0.1203125
0 0.2078125 0.17734375 0.0296875 0.1609375
0 0.16328125 0.19453125 0.025 0.1546875
0 0.19921875 0.159375 0.0234375 0.1625
0 0.13515625 0.2046875 0.028125 0.1484375
0 0.11953125 0.18046875 0.03125 0.16875
0 0.18984375 0.14609375 0.025 0.15
0 0.2203125 0.93671875 0.0515625 0.1265625
0 0.5046875 0.31953125 0.034375 0.1859375
0 0.4578125 0.3296875 0.0328125 0.1796875
0 0.6125 0.65078125 0.0453125 0.234375
0 0.89765625 0.7390625 0.0421875 0.21875
0 0.89921875 0.70078125 0.0578125 0.2375
0 0.746875 0.02734375 0.028125 0.0546875
0 0.978125 0.31015625 0.03125 0.1765625
0 0.9015625 0.2671875 0.0328125 0.165625
0 0.79140625 0.021875 0.0265625 0.04375
0 0.7828125 0.26640625 0.034375 0.1484375
0 0.6734375 0.246875 0.034375 0.1546875
0 0.46015625 0.03828125 0.0296875 0.0765625
0 0.4265625 0.03125 0.0234375 0.0625
0 0.40703125 0.0390625 0.0265625 0.078125
0 0.26640625 0.178125 0.0234375 0.14375
0 0.21171875 0.5703125 0.0328125 0.2109375
0 0.171875 0.57578125 0.0453125 0.190625
0 0.24140625 0.14375 0.03125 0.159375
0 0.26640625 0.1265625 0.03125 0.1515625
0 0.2171875 0.08203125 0.0328125 0.15
0 0.24375 0.08203125 0.0265625 0.1390625
0 0.209375 0.38203125 0.0390625 0.18125
0 0.1703125 0.38359375 0.0328125 0.1859375
0 0.27109375 0.37421875 0.0375 0.1796875