0 0.8453125 0.65390625 0.0515625 0.215625
0 0.3484375 0.65078125 0.046875 0.23125
0 0.915625 0.515625 0.0390625 0.196875
0 0.4734375 0.93203125 0.0421875 0.1359375
0 0.37734375 0.24140625 0.0390625 0.1046875
0 0.3671875 0.32421875 0.0296875 0.1125
0 0.42265625 0.2015625 0.028125 0.1640625
0 0.19296875 0.246875 0.0265625 0.1625
0 0.159375 0.24296875 0.0296875 0.178125
0 0.4046875 0.1421875 0.0296875 0.146875
0 0.3984375 0.1140625 0.028125 0.1546875
0 0.2390625 0.0359375 0.021875 0.071875
0 0.65078125 0.08046875 0.03125 0.109375
0 0.303125 0.1859375 0.0328125 0.159375
0 0.17421875 0.05859375 0.0234375 0.1171875
0 0.19921875 0.17890625 0.025 0.159375
0 0.13359375 0.19921875 0.0265625 0.1515625
0 0.12109375 0.18046875 0.0265625 0.16875
0 0.46640625 0.0234375 0.0265625 0.046875
0 0.1640625 0.6015625 0.040625 0.21875
0 0.57578125 0.64375 0.0359375 0.23125
0 0.53671875 0.6625 0.0390625 0.215625
0 0.81796875 0.12109375 0.034375 0.153125
0 0.759375 0.1234375 0.0265625 0.146875
0 0.85703125 0.06484375 0.03125 0.1296875
0 0.78125 0.10078125 0.0328125 0.1390625
0 0.56484375 0.02890625 0.0234375 0.0578125
0 0.271875 0.034375 0.01875 0.06875
0 0.24296875 0.30703125 0.028125 0.1765625
0 0.21484375 0.30859375 0.0390625 0.1625
0 0.1453125 0.05546875 0.028125 0.1109375
0 0.26328125 0.178125 0.0328125 0.165625
0 0.23515625 0.17421875 0.028125 0.159375
0 0.4109375 0.0296875 0.0234375 0.059375