0 0.84609375 0.65390625 0.053125 0.215625
0 0.35625 0.64921875 0.0421875 0.2265625
0 0.915625 0.5171875 0.040625 0.1953125
0 0.49375 0.93515625 0.0421875 0.1296875
0 0.37734375 0.24140625 0.0390625 0.1046875
0 0.3671875 0.32421875 0.0296875 0.1125
0 0.43203125 0.20703125 0.0390625 0.1578125
0 0.19453125 0.234375 0.0265625 0.1546875
0 0.17421875 0.23828125 0.034375 0.1765625
0 0.40625 0.14140625 0.0265625 0.146875
0 0.4 0.115625 0.025 0.1546875
0 0.65078125 0.08046875 0.03125 0.109375
0 0.3046875 0.18671875 0.0296875 0.1578125
0 0.17421875 0.059375 0.0234375 0.11875
0 0.20625 0.1765625 0.028125 0.159375
0 0.1390625 0.19921875 0.0296875 0.153125
0 0.12265625 0.18046875 0.025 0.1703125
0 0.46640625 0.0234375 0.0265625 0.046875
0 0.178125 0.73671875 0.0484375 0.2296875
0 0.5234375 0.50234375 0.040625 0.2125
0 0.47421875 0.51640625 0.034375 0.2078125
0 0.71484375 0.9171875 0.05 0.165625
0 0.93359375 0.7390625 0.046875 0.2203125
0 0.7953125 0.065625 0.0296875 0.13125
0 0.7546875 0.06640625 0.025 0.1328125
0 0.90390625 0.1484375 0.028125 0.15625
0 0.84375 0.11640625 0.0265625 0.1453125
0 0.78828125 0.159375 0.028125 0.140625
0 0.590625 0.0859375 0.028125 0.14375
0 0.390625 0.0328125 0.025 0.065625
0 0.25625 0.06953125 0.025 0.134375
0 0.23203125 0.3984375 0.0296875 0.1890625
0 0.1953125 0.40625 0.040625 0.171875
0 0.23046875 0.13671875 0.028125 0.1609375
0 0.2296875 0.04296875 0.0359375 0.0859375
0 0.1453125 0.05546875 0.028125 0.1109375
0 0.26484375 0.25546875 0.03125 0.1734375
0 0.21875 0.25390625 0.0296875 0.1703125