0 0.77265625 0.6484375 0.046875 0.2296875
0 0.25546875 0.2265625 0.0390625 0.190625
0 0.12890625 0.65 0.0453125 0.234375
0 0.91484375 0.51875 0.040625 0.19375
0 0.51171875 0.925 0.0484375 0.15
0 0.37734375 0.24140625 0.0390625 0.1046875
0 0.3671875 0.32421875 0.0296875 0.1125
0 0.42890625 0.21796875 0.03125 0.1609375
0 0.77890625 0.09921875 0.0265625 0.1359375
0 0.58671875 0.15859375 0.0265625 0.146875
0 0.54921875 0.17421875 0.03125 0.16875
0 0.28046875 0.18125 0.0265625 0.1625
0 0.50546875 0.153125 0.0328125 0.1609375
0 0.06875 0.409375 0.0265625 0.1734375
0 0.4453125 0.44453125 0.046875 0.1953125
0 0.4796875 0.4515625 0.0390625 0.1796875
0 0.45234375 0.1734375 0.021875 0.14375
0 0.40234375 0.171875 0.0234375 0.15625
0 0.3796875 0.0734375 0.0265625 0.146875
0 0.13671875 0.47421875 0.03125 0.18125
0 0.65078125 0.08125 0.03125 0.109375
0 0.3046875 0.484375 0.034375 0.1953125
0 0.259375 0.47421875 0.0328125 0.203125
0 0.29375 0.1359375 0.0234375 0.1546875
0 0.19765625 0.18125 0.025 0.1609375
0 0.4109375 0.403125 0.0359375 0.175
0 0.16328125 0.19609375 0.028125 0.1578125
0 0.18828125 0.16484375 0.021875 0.1625
0 0.12890625 0.19453125 0.0265625 0.1484375
0 0.140625 0.175 0.025 0.1703125
0 0.11640625 0.1734375 0.021875 0.159375
0 0.4625 0.02578125 0.01875 0.0515625
0 0.22109375 0.09140625 0.0296875 0.15
0 0.225 0.5234375 0.04375 0.2140625
0 0.98203125 0.63125 0.0359375 0.209375
0 0.87421875 0.096875 0.028125 0.140625
0 0.80234375 0.0265625 0.0265625 0.053125
0 0.16796875 0.86796875 0.0484375 0.25625
0 0.18046875 0.7984375 0.0515625 0.24375