0 0.85234375 0.684375 0.053125 0.225
0 0.259375 0.15078125 0.0359375 0.178125
0 0.3796875 0.62421875 0.046875 0.221875
0 0.91484375 0.51875 0.0421875 0.19375
0 0.53125 0.92421875 0.046875 0.1515625
0 0.37734375 0.24140625 0.0390625 0.1046875
0 0.3671875 0.32421875 0.0296875 0.1125
0 0.42890625 0.21796875 0.0296875 0.159375
0 0.7703125 0.03203125 0.0265625 0.0640625
0 0.5375 0.10625 0.028125 0.1484375
0 0.5078125 0.09453125 0.0328125 0.159375
0 0.49140625 0.053125 0.03125 0.10625
0 0.06953125 0.409375 0.0265625 0.1734375
0 0.47109375 0.5953125 0.0546875 0.215625
0 0.503125 0.5984375 0.0421875 0.1953125
0 0.40625 0.1609375 0.0328125 0.1109375
0 0.38515625 0.16171875 0.0328125 0.1546875
0 0.3859375 0.06171875 0.0265625 0.1234375
0 0.11953125 0.334375 0.028125 0.1640625
0 0.65078125 0.08125 0.03125 0.109375
0 0.23515625 0.66796875 0.0375 0.2203125
0 0.1796875 0.64609375 0.0421875 0.2265625
0 0.30078125 0.13828125 0.0296875 0.1515625
0 0.18203125 0.1265625 0.03125 0.1515625
0 0.2 0.18046875 0.028125 0.1625
0 0.63671875 0.54140625 0.0296875 0.1890625
0 0.16171875 0.19453125 0.028125 0.1578125
0 0.19140625 0.1609375 0.0265625 0.159375
0 0.13046875 0.203125 0.0328125 0.14375
0 0.44453125 0.05703125 0.0296875 0.1140625
0 0.234375 0.16171875 0.0265625 0.1609375
0 0.2578125 0.33828125 0.0390625 0.1875
0 0.92578125 0.4765625 0.0359375 0.1921875
0 0.93828125 0.1859375 0.0328125 0.1515625
0 0.9453125 0.1390625 0.0359375 0.1546875
0 0.98828125 0.14140625 0.0234375 0.1625
0 0.8734375 0.12421875 0.0328125 0.1546875
0 0.23125 0.04921875 0.021875 0.0984375
0 0.20390625 0.05234375 0.0328125 0.1046875