0 0.825 0.67734375 0.0390625 0.2265625
0 0.25 0.1234375 0.0359375 0.171875
0 0.4390625 0.65 0.04375 0.228125
0 0.9125 0.51875 0.046875 0.19375
0 0.5546875 0.925 0.046875 0.15
0 0.37734375 0.24140625 0.0390625 0.1046875
0 0.3671875 0.32421875 0.0296875 0.1125
0 0.42890625 0.21640625 0.025 0.1578125
0 0.5375 0.07578125 0.0265625 0.1453125
0 0.50078125 0.06875 0.0296875 0.1375
0 0.07265625 0.409375 0.028125 0.171875
0 0.49296875 0.671875 0.059375 0.225
0 0.53046875 0.6765625 0.046875 0.203125
0 0.40546875 0.15078125 0.028125 0.13125
0 0.38359375 0.159375 0.025 0.15625
0 0.39453125 0.03671875 0.025 0.0734375
0 0.15078125 0.28046875 0.025 0.1609375
0 0.65078125 0.08125 0.03125 0.109375
0 0.19609375 0.75625 0.0375 0.2296875
0 0.153125 0.734375 0.0515625 0.2375
0 0.2859375 0.14921875 0.028125 0.1578125
0 0.18359375 0.1265625 0.0296875 0.15
0 0.2 0.18125 0.028125 0.1640625
0 0.76484375 0.6046875 0.046875 0.190625
0 0.1625 0.19375 0.028125 0.1578125
0 0.12890625 0.19921875 0.03125 0.146875
0 0.465625 0.06171875 0.028125 0.1234375
0 0.2375 0.19921875 0.0296875 0.159375
0 0.25 0.271875 0.0359375 0.178125
0 0.97265625 0.45078125 0.040625 0.19375
0 0.8796875 0.421875 0.03125 0.1859375
0 0.7984375 0.0484375 0.028125 0.096875
0 0.9203125 0.2265625 0.0296875 0.1546875
0 0.9234375 0.134375 0.0296875 0.1546875
0 0.8984375 0.13359375 0.0359375 0.1609375
0 0.9140625 0.18828125 0.0375 0.15625
0 0.228125 0.06875 0.021875 0.1375
0 0.20234375 0.06953125 0.034375 0.1265625