0 0.73359375 0.6359375 0.053125 0.2234375
0 0.23828125 0.346875 0.0390625 0.2046875
0 0.0734375 0.62109375 0.04375 0.2328125
0 0.915625 0.51875 0.040625 0.19375
0 0.57421875 0.925 0.0421875 0.15
0 0.353125 0.81953125 0.053125 0.23125
0 0.37734375 0.24140625 0.0390625 0.1046875
0 0.3671875 0.32421875 0.0296875 0.1125
0 0.42890625 0.21796875 0.03125 0.1609375
0 0.7890625 0.13125 0.028125 0.1359375
0 0.70859375 0.23359375 0.0265625 0.146875
0 0.696875 0.24375 0.0265625 0.1671875
0 0.4765625 0.28125 0.040625 0.1796875
0 0.06875 0.409375 0.025 0.1734375
0 0.078125 0.3921875 0.0296875 0.1875
0 0.415625 0.30078125 0.03125 0.1703125
0 0.43671875 0.30703125 0.028125 0.159375
0 0.6328125 0.23046875 0.028125 0.15
0 0.56484375 0.20625 0.04375 0.159375
0 0.3796875 0.07265625 0.028125 0.1453125
0 0.09765625 0.6859375 0.0453125 0.2
0 0.65078125 0.08125 0.03125 0.109375
0 0.31484375 0.31640625 0.028125 0.1765625
0 0.290625 0.33203125 0.0296875 0.190625
0 0.246875 0.0609375 0.025 0.121875
0 0.21015625 0.06328125 0.0234375 0.1265625
0 0.29296875 0.1359375 0.025 0.1546875
0 0.26015625 0.1078125 0.028125 0.146875
0 0.1984375 0.178125 0.028125 0.1625
0 0.2640625 0.246875 0.03125 0.15625
0 0.16328125 0.19375 0.028125 0.1578125
0 0.18984375 0.16328125 0.0234375 0.1640625
0 0.1265625 0.19140625 0.025 0.153125
0 0.1484375 0.16875 0.0265625 0.1703125
0 0.2265625 0.809375 0.053125 0.246875
0 0.79296875 0.03046875 0.025 0.0609375