0 0.7328125 0.6359375 0.053125 0.2234375
0 0.23828125 0.29140625 0.0390625 0.2
0 0.071875 0.621875 0.0484375 0.2296875
0 0.915625 0.51875 0.040625 0.19375
0 0.51484375 0.92265625 0.0359375 0.1546875
0 0.353125 0.81953125 0.053125 0.23125
0 0.37734375 0.24140625 0.0390625 0.1046875
0 0.3671875 0.32421875 0.0296875 0.1125
0 0.42890625 0.21796875 0.03125 0.1609375
0 0.78984375 0.13046875 0.028125 0.1375
0 0.63984375 0.20390625 0.0234375 0.1515625
0 0.60859375 0.2125 0.0296875 0.171875
0 0.284375 0.1953125 0.0265625 0.159375
0 0.484375 0.22421875 0.0359375 0.1703125
0 0.06875 0.409375 0.025 0.1734375
0 0.0765625 0.390625 0.03125 0.184375
0 0.41015625 0.36953125 0.0359375 0.1875
0 0.43828125 0.3765625 0.0359375 0.1765625
0 0.54140625 0.19453125 0.025 0.1453125
0 0.46015625 0.18125 0.0265625 0.159375
0 0.38046875 0.0734375 0.028125 0.146875
0 0.1328125 0.58125 0.0296875 0.19375
0 0.65078125 0.08125 0.03125 0.109375
0 0.32890625 0.38671875 0.03125 0.171875
0 0.28203125 0.3953125 0.0390625 0.1984375
0 0.2546875 0.03828125 0.0265625 0.0765625
0 0.22109375 0.0390625 0.0234375 0.078125
0 0.29296875 0.1359375 0.025 0.1546875
0 0.2109375 0.11328125 0.028125 0.15
0 0.1984375 0.17734375 0.028125 0.1625
0 0.30390625 0.3234375 0.028125 0.1609375
0 0.16328125 0.19453125 0.028125 0.1578125
0 0.18671875 0.16171875 0.021875 0.159375
0 0.12421875 0.19296875 0.028125 0.1515625
0 0.146875 0.171875 0.028125 0.1671875
0 0.19296875 0.06171875 0.028125 0.1234375
0 0.2296875 0.65859375 0.0421875 0.225
0 0.8203125 0.05546875 0.028125 0.1109375
0 0.071875 0.7203125 0.059375 0.23125
0 0.02578125 0.6703125 0.0515625 0.21875