0 0.73359375 0.6359375 0.053125 0.2234375
0 0.23828125 0.32109375 0.040625 0.2046875
0 0.0734375 0.6203125 0.0421875 0.2296875
0 0.915625 0.51875 0.040625 0.19375
0 0.54765625 0.91796875 0.0359375 0.1640625
0 0.353125 0.81953125 0.053125 0.23125
0 0.37734375 0.24140625 0.0390625 0.1046875
0 0.3671875 0.32421875 0.0296875 0.1125
0 0.42890625 0.21796875 0.03125 0.1609375
0 0.7890625 0.13046875 0.028125 0.1375
0 0.6765625 0.2265625 0.028125 0.146875
0 0.65625 0.23515625 0.0328125 0.165625
0 0.30625 0.2234375 0.0359375 0.159375
0 0.46484375 0.2640625 0.040625 0.171875
0 0.06875 0.409375 0.025 0.1734375
0 0.07890625 0.3921875 0.0296875 0.1875
0 0.40625 0.33046875 0.034375 0.18125
0 0.43125 0.3390625 0.03125 0.16875
0 0.5984375 0.21640625 0.0234375 0.146875
0 0.5234375 0.19375 0.0296875 0.159375
0 0.3796875 0.07265625 0.028125 0.1453125
0 0.13125 0.64609375 0.0359375 0.1984375
0 0.65078125 0.08125 0.03125 0.109375
0 0.328125 0.34296875 0.0296875 0.1734375
0 0.290625 0.35625 0.0328125 0.19375
0 0.24921875 0.0515625 0.0265625 0.103125
0 0.21796875 0.053125 0.0234375 0.10625
0 0.29296875 0.1359375 0.025 0.1546875
0 0.2390625 0.1125 0.0296875 0.15
0 0.1984375 0.178125 0.028125 0.1625
0 0.27578125 0.278125 0.0296875 0.15625
0 0.16328125 0.19453125 0.028125 0.1578125
0 0.1890625 0.16328125 0.0234375 0.1609375
0 0.12421875 0.19296875 0.028125 0.1515625
0 0.1453125 0.171875 0.0296875 0.1703125
0 0.19453125 0.04609375 0.0234375 0.0921875
0 0.2328125 0.746875 0.0515625 0.24375
0 0.80390625 0.0421875 0.025 0.084375
0 0.0078125 0.66640625 0.015625 0.2265625