0 0.84609375 0.65390625 0.053125 0.215625
0 0.35625 0.64921875 0.040625 0.2265625
0 0.915625 0.5171875 0.040625 0.1953125
0 0.49453125 0.934375 0.0421875 0.13125
0 0.37734375 0.24140625 0.0390625 0.1046875
0 0.3671875 0.32421875 0.0296875 0.1125
0 0.43203125 0.20703125 0.0390625 0.1578125
0 0.19453125 0.23515625 0.0265625 0.1546875
0 0.17421875 0.23828125 0.034375 0.1765625
0 0.40625 0.14140625 0.0265625 0.146875
0 0.4 0.115625 0.025 0.1546875
0 0.65078125 0.08046875 0.03125 0.109375
0 0.3046875 0.18671875 0.0296875 0.1578125
0 0.17421875 0.059375 0.0234375 0.11875
0 0.20546875 0.1765625 0.0265625 0.159375
0 0.16328125 0.19296875 0.025 0.1546875
0 0.1390625 0.19921875 0.028125 0.153125
0 0.12265625 0.18046875 0.025 0.1703125
0 0.46640625 0.0234375 0.0265625 0.046875
0 0.1765625 0.734375 0.0453125 0.23125
0 0.52421875 0.50859375 0.0453125 0.2140625
0 0.47578125 0.52265625 0.034375 0.209375
0 0.71796875 0.9203125 0.0515625 0.159375
0 0.93359375 0.73828125 0.0453125 0.2203125
0 0.79453125 0.06640625 0.03125 0.1328125
0 0.75546875 0.06875 0.025 0.1375
0 0.903125 0.14375 0.028125 0.15625
0 0.8421875 0.1140625 0.0265625 0.1453125
0 0.7875 0.1578125 0.0296875 0.1421875
0 0.58984375 0.0828125 0.028125 0.14375
0 0.39140625 0.0328125 0.0234375 0.065625
0 0.25703125 0.0671875 0.0265625 0.13125
0 0.2328125 0.3984375 0.0296875 0.1890625
0 0.19609375 0.4046875 0.0375 0.171875
0 0.22890625 0.134375 0.028125 0.1609375
0 0.228125 0.04140625 0.034375 0.0828125
0 0.1453125 0.05546875 0.028125 0.1109375
0 0.26484375 0.2546875 0.03125 0.1734375
0 0.2203125 0.25078125 0.0296875 0.1703125