0 0.81875 0.67265625 0.0390625 0.2296875
0 0.25078125 0.11328125 0.0375 0.1703125
0 0.44609375 0.66171875 0.0515625 0.234375
0 0.90703125 0.51875 0.0578125 0.19375
0 0.5546875 0.9265625 0.046875 0.146875
0 0.37734375 0.24140625 0.0390625 0.1046875
0 0.3671875 0.32421875 0.0296875 0.1125
0 0.4296875 0.21328125 0.025 0.1609375
0 0.5359375 0.06953125 0.0265625 0.1390625
0 0.5 0.06640625 0.03125 0.1328125
0 0.07734375 0.40546875 0.0296875 0.1765625
0 0.50234375 0.6953125 0.0609375 0.228125
0 0.53515625 0.7046875 0.0421875 0.20625
0 0.40546875 0.153125 0.0265625 0.1265625
0 0.384375 0.1609375 0.028125 0.1546875
0 0.3984375 0.02578125 0.025 0.0515625
0 0.1609375 0.271875 0.028125 0.1609375
0 0.65078125 0.08125 0.03125 0.109375
0 0.18828125 0.78125 0.0375 0.2296875
0 0.1421875 0.76171875 0.0484375 0.2453125
0 0.2828125 0.15546875 0.03125 0.1546875
0 0.18515625 0.1265625 0.0296875 0.1515625
0 0.2 0.18125 0.028125 0.1640625
0 0.81015625 0.61875 0.0359375 0.190625
0 0.16328125 0.19375 0.028125 0.1578125
0 0.12890625 0.19921875 0.0328125 0.146875
0 0.46875 0.06015625 0.028125 0.1203125
0 0.23515625 0.215625 0.03125 0.165625
0 0.253125 0.25703125 0.0375 0.1765625
0 0.95390625 0.43515625 0.046875 0.1953125
0 0.8703125 0.40625 0.034375 0.184375
0 0.7984375 0.05234375 0.0296875 0.1046875
0 0.9125 0.2359375 0.0359375 0.153125
0 0.90546875 0.12890625 0.025 0.15625
0 0.8796875 0.121875 0.028125 0.1609375
0 0.94140625 0.21171875 0.0421875 0.1625
0 0.22578125 0.07265625 0.0234375 0.1453125
0 0.19921875 0.07265625 0.0296875 0.125