0 0.84609375 0.65390625 0.053125 0.215625
0 0.35625 0.646875 0.0421875 0.2265625
0 0.915625 0.5171875 0.040625 0.1953125
0 0.490625 0.93984375 0.040625 0.1203125
0 0.37734375 0.24140625 0.0390625 0.1046875
0 0.3671875 0.32421875 0.0296875 0.1125
0 0.43203125 0.20703125 0.0390625 0.1578125
0 0.1734375 0.2390625 0.0359375 0.178125
0 0.4046875 0.140625 0.028125 0.146875
0 0.65078125 0.08046875 0.03125 0.109375
0 0.30390625 0.18671875 0.0296875 0.1578125
0 0.17421875 0.059375 0.0234375 0.11875
0 0.2078125 0.17734375 0.028125 0.159375
0 0.13828125 0.19921875 0.028125 0.1515625
0 0.12421875 0.18046875 0.028125 0.1703125
0 0.46640625 0.0234375 0.0265625 0.046875
0 0.1828125 0.76953125 0.0453125 0.2375
0 0.51484375 0.47890625 0.034375 0.2109375
0 0.46796875 0.490625 0.0328125 0.2
0 0.69765625 0.89140625 0.05 0.2171875
0 0.93359375 0.740625 0.0484375 0.228125
0 0.79375 0.06015625 0.0296875 0.1203125
0 0.7578125 0.06328125 0.0234375 0.1265625
0 0.9109375 0.165625 0.028125 0.159375
0 0.85 0.13671875 0.0265625 0.1453125
0 0.78359375 0.17109375 0.0328125 0.14375
0 0.59609375 0.10703125 0.03125 0.15
0 0.38046875 0.03828125 0.046875 0.0765625
0 0.25703125 0.08203125 0.0265625 0.1375
0 0.228125 0.42265625 0.03125 0.1921875
0 0.19140625 0.42890625 0.0421875 0.1765625
0 0.234375 0.14140625 0.0296875 0.1640625
0 0.23125 0.04921875 0.034375 0.0984375
0 0.21171875 0.03671875 0.0234375 0.0734375
0 0.1453125 0.05546875 0.028125 0.1109375
0 0.25859375 0.27421875 0.0359375 0.1765625
0 0.209375 0.27109375 0.0296875 0.1703125