0 0.846875 0.64921875 0.0390625 0.21875
0 0.25234375 0.065625 0.0328125 0.13125
0 0.40234375 0.6609375 0.04375 0.2296875
0 0.915625 0.51796875 0.0421875 0.1953125
0 0.54765625 0.9296875 0.0421875 0.140625
0 0.37734375 0.24140625 0.0390625 0.1046875
0 0.3671875 0.32421875 0.0296875 0.1125
0 0.428125 0.2140625 0.0359375 0.1578125
0 0.525 0.040625 0.0265625 0.08125
0 0.4953125 0.03984375 0.028125 0.0796875
0 0.33125 0.1265625 0.021875 0.134375
0 0.12109375 0.3546875 0.0328125 0.175
0 0.0890625 0.33828125 0.0296875 0.1890625
0 0.5625 0.86328125 0.0640625 0.2453125
0 0.59921875 0.865625 0.05 0.225
0 0.40390625 0.14375 0.021875 0.140625
0 0.4375 0.14140625 0.0296875 0.1546875
0 0.240625 0.19609375 0.0265625 0.1453125
0 0.65078125 0.08125 0.03125 0.109375
0 0.14921875 0.91953125 0.0421875 0.1609375
0 0.16640625 0.8921875 0.0546875 0.215625
0 0.296875 0.1859375 0.028125 0.1546875
0 0.17265625 0.1015625 0.028125 0.15
0 0.2 0.18203125 0.028125 0.1609375
0 0.1625 0.1921875 0.025 0.15625
0 0.12734375 0.19921875 0.028125 0.146875
0 0.4671875 0.05 0.0265625 0.1
0 0.2125 0.30390625 0.034375 0.178125
0 0.2578125 0.15625 0.0328125 0.165625
0 0.884375 0.3390625 0.034375 0.1859375
0 0.82890625 0.31875 0.0296875 0.171875
0 0.78671875 0.06953125 0.03125 0.13125
0 0.96640625 0.31171875 0.0375 0.1640625
0 0.875 0.06484375 0.028125 0.1296875
0 0.83359375 0.06171875 0.0265625 0.1234375
0 0.2296875 0.128125 0.0234375 0.15625
0 0.20546875 0.13671875 0.028125 0.140625
0 0.2078125 0.03515625 0.0265625 0.0703125