0 0.84921875 0.69765625 0.040625 0.2234375
0 0.24921875 0.16171875 0.0359375 0.18125
0 0.32109375 0.63828125 0.053125 0.2234375
0 0.91484375 0.51875 0.0421875 0.19375
0 0.525 0.9203125 0.04375 0.159375
0 0.37734375 0.24140625 0.0390625 0.1046875
0 0.3671875 0.32421875 0.0296875 0.1125
0 0.42890625 0.21796875 0.03125 0.1609375
0 0.759375 0.04375 0.0265625 0.0859375
0 0.54296875 0.1234375 0.028125 0.1484375
0 0.5109375 0.11484375 0.03125 0.1640625
0 0.2765625 0.15390625 0.0265625 0.15625
0 0.4953125 0.065625 0.0296875 0.13125
0 0.06953125 0.41015625 0.0265625 0.175
0 0.46328125 0.55546875 0.04375 0.2109375
0 0.49375 0.55859375 0.0375 0.1921875
0 0.40546875 0.1546875 0.0234375 0.128125
0 0.38203125 0.16328125 0.0296875 0.15625
0 0.3796875 0.071875 0.0265625 0.14375
0 0.12265625 0.365625 0.028125 0.1703125
0 0.65078125 0.08125 0.03125 0.109375
0 0.25625 0.61484375 0.0328125 0.215625
0 0.20234375 0.6015625 0.0453125 0.2265625
0 0.29375 0.134375 0.0265625 0.153125
0 0.18203125 0.1265625 0.03125 0.1515625
0 0.20078125 0.17890625 0.028125 0.1625
0 0.5796875 0.50234375 0.03125 0.1859375
0 0.1609375 0.19609375 0.028125 0.15625
0 0.1265625 0.2015625 0.0296875 0.1453125
0 0.13203125 0.1828125 0.0296875 0.1640625
0 0.4453125 0.05078125 0.0296875 0.1015625
0 0.2359375 0.14609375 0.0296875 0.159375
0 0.25078125 0.38046875 0.0359375 0.1953125
0 0.9546875 0.5125 0.0328125 0.19375
0 0.934375 0.1640625 0.0296875 0.1453125
0 0.9578125 0.13828125 0.0359375 0.1484375
0 0.86484375 0.08671875 0.0296875 0.15
0 0.30234375 0.9453125 0.0546875 0.109375
0 0.2328125 0.03828125 0.025 0.0765625
0 0.2109375 0.04296875 0.0234375 0.0859375