0 0.84609375 0.6546875 0.053125 0.215625
0 0.3546875 0.634375 0.040625 0.225
0 0.915625 0.51796875 0.040625 0.1953125
0 0.49921875 0.93125 0.0421875 0.1375
0 0.37734375 0.24140625 0.0390625 0.1046875
0 0.3671875 0.32421875 0.0296875 0.1125
0 0.43125 0.20703125 0.0375 0.1578125
0 0.2015625 0.24296875 0.0328125 0.1765625
0 0.4046875 0.140625 0.0296875 0.146875
0 0.39609375 0.109375 0.028125 0.153125
0 0.65078125 0.08046875 0.03125 0.109375
0 0.2984375 0.1859375 0.025 0.15625
0 0.17421875 0.059375 0.0234375 0.11875
0 0.2046875 0.1796875 0.0296875 0.1578125
0 0.16328125 0.19296875 0.025 0.1546875
0 0.1328125 0.203125 0.028125 0.153125
0 0.121875 0.17890625 0.028125 0.1703125
0 0.15234375 0.1609375 0.0328125 0.1578125
0 0.19765625 0.88046875 0.0484375 0.2390625
0 0.4984375 0.38828125 0.0328125 0.1953125
0 0.45546875 0.3984375 0.034375 0.19375
0 0.646875 0.76640625 0.04375 0.253125
0 0.9296875 0.740625 0.0484375 0.228125
0 0.7703125 0.04375 0.03125 0.0875
0 0.73515625 0.04296875 0.0234375 0.0859375
0 0.9453125 0.23671875 0.0359375 0.1671875
0 0.878125 0.20234375 0.028125 0.15625
0 0.7828125 0.2234375 0.0359375 0.15
0 0.62578125 0.1796875 0.028125 0.1546875
0 0.44921875 0.03125 0.0234375 0.0625
0 0.26796875 0.13046875 0.028125 0.1421875
0 0.21953125 0.49765625 0.034375 0.2
0 0.1796875 0.49765625 0.04375 0.1828125
0 0.24609375 0.14140625 0.028125 0.1609375
0 0.24140625 0.07734375 0.03125 0.14375
0 0.2109375 0.059375 0.028125 0.11875
0 0.23046875 0.33046875 0.0359375 0.1765625
0 0.18359375 0.328125 0.0328125 0.178125
0 0.2734375 0.31328125 0.034375 0.16875