0 0.84453125 0.65390625 0.05 0.215625
0 0.2171875 0.60546875 0.0578125 0.2296875
0 0.91640625 0.51796875 0.0515625 0.1921875
0 0.45390625 0.92734375 0.040625 0.1453125
0 0.37734375 0.24140625 0.0390625 0.1046875
0 0.3671875 0.32421875 0.0296875 0.1125
0 0.4328125 0.21328125 0.03125 0.1578125
0 0.16640625 0.2859375 0.0296875 0.1671875
0 0.1390625 0.28203125 0.03125 0.184375
0 0.40234375 0.14453125 0.025 0.140625
0 0.2625 0.1015625 0.0234375 0.134375
0 0.65078125 0.08125 0.03125 0.109375
0 0.30546875 0.18203125 0.0265625 0.1640625
0 0.17109375 0.05859375 0.0265625 0.1171875
0 0.19921875 0.18125 0.025 0.159375
0 0.1625 0.19296875 0.025 0.15625
0 0.12890625 0.1984375 0.028125 0.15
0 0.471875 0.03125 0.0265625 0.0625
0 0.18046875 0.43046875 0.0359375 0.1953125
0 0.25703125 0.0640625 0.0296875 0.128125
0 0.73359375 0.88984375 0.0484375 0.2203125
0 0.6859375 0.9015625 0.046875 0.196875
0 0.8609375 0.225 0.0375 0.1703125
0 0.78828125 0.221875 0.028125 0.159375
0 0.7859375 0.07109375 0.03125 0.13125
0 0.2640625 0.20078125 0.0234375 0.1640625
0 0.234375 0.203125 0.0328125 0.15
0 0.15390625 0.05390625 0.0265625 0.1078125
0 0.22421875 0.0859375 0.028125 0.1484375
0 0.19453125 0.08203125 0.0265625 0.1421875
0 0.840625 0.01640625 0.021875 0.0328125
0 0.5765625 0.0453125 0.0390625 0.090625