0 0.84453125 0.65390625 0.05 0.215625
0 0.25390625 0.60625 0.0421875 0.225
0 0.915625 0.51796875 0.0515625 0.19375
0 0.484375 0.92890625 0.0390625 0.1421875
0 0.37734375 0.24140625 0.0390625 0.1046875
0 0.3671875 0.32421875 0.0296875 0.1125
0 0.4328125 0.21328125 0.0328125 0.1578125
0 0.15546875 0.29921875 0.0296875 0.1703125
0 0.128125 0.2953125 0.028125 0.1859375
0 0.60390625 0.953125 0.0515625 0.09375
0 0.403125 0.146875 0.021875 0.1421875
0 0.40234375 0.12109375 0.028125 0.159375
0 0.26484375 0.12265625 0.0234375 0.140625
0 0.65078125 0.08125 0.03125 0.109375
0 0.30078125 0.184375 0.03125 0.1609375
0 0.16328125 0.06640625 0.0265625 0.1328125
0 0.19921875 0.18203125 0.025 0.159375
0 0.1625 0.1921875 0.025 0.15625
0 0.13046875 0.1984375 0.025 0.1484375
0 0.15078125 0.165625 0.0296875 0.1625
0 0.471875 0.03515625 0.0265625 0.0703125
0 0.1890625 0.39921875 0.0359375 0.190625
0 0.25859375 0.075 0.0296875 0.15
0 0.77421875 0.9203125 0.04375 0.159375
0 0.73125 0.93515625 0.046875 0.1296875
0 0.85859375 0.246875 0.0375 0.1703125
0 0.79609375 0.240625 0.028125 0.1640625
0 0.7859375 0.0703125 0.03125 0.13125
0 0.2578125 0.1796875 0.0234375 0.1609375
0 0.2359375 0.18359375 0.028125 0.1453125
0 0.2265625 0.06953125 0.028125 0.1390625
0 0.19609375 0.0671875 0.025 0.134375
0 0.8453125 0.01484375 0.015625 0.0296875
0 0.62265625 0.05546875 0.0375 0.1109375