0 0.84609375 0.65625 0.053125 0.2203125
0 0.31953125 0.61484375 0.0359375 0.2296875
0 0.915625 0.51875 0.040625 0.1953125
0 0.4796875 0.9328125 0.040625 0.134375
0 0.37734375 0.24140625 0.0390625 0.1046875
0 0.3671875 0.32421875 0.0296875 0.1125
0 0.43125 0.20703125 0.0375 0.1578125
0 0.24609375 0.234375 0.03125 0.1546875
0 0.275 0.24375 0.0359375 0.1765625
0 0.40390625 0.14375 0.028125 0.1484375
0 0.3953125 0.10859375 0.0296875 0.1515625
0 0.65078125 0.08046875 0.03125 0.109375
0 0.29609375 0.1875 0.03125 0.1546875
0 0.16875 0.06015625 0.0171875 0.1203125
0 0.2078125 0.1765625 0.0296875 0.1609375
0 0.16328125 0.19453125 0.025 0.1546875
0 0.19921875 0.159375 0.025 0.1609375
0 0.134375 0.2046875 0.028125 0.1484375
0 0.12109375 0.18046875 0.034375 0.16875
0 0.18984375 0.14609375 0.025 0.15
0 0.225 0.94140625 0.0515625 0.1171875
0 0.5046875 0.315625 0.034375 0.184375
0 0.45859375 0.3265625 0.03125 0.18125
0 0.6109375 0.64296875 0.0453125 0.234375
0 0.89140625 0.73828125 0.0453125 0.21875
0 0.74453125 0.02578125 0.028125 0.0515625
0 0.98046875 0.31328125 0.034375 0.175
0 0.9046875 0.27109375 0.03125 0.1640625
0 0.79453125 0.025 0.028125 0.05
0 0.7703125 0.02578125 0.0234375 0.0515625
0 0.7828125 0.26953125 0.0359375 0.15
0 0.68125 0.2515625 0.034375 0.1546875
0 0.4609375 0.03828125 0.0296875 0.0765625
0 0.428125 0.03125 0.025 0.0625
0 0.40703125 0.0390625 0.0265625 0.078125
0 0.26328125 0.18125 0.0234375 0.1453125
0 0.2109375 0.5734375 0.0359375 0.2109375
0 0.17109375 0.58515625 0.0453125 0.1953125
0 0.24140625 0.14296875 0.03125 0.159375
0 0.26796875 0.13046875 0.03125 0.1515625
0 0.21875 0.08828125 0.0328125 0.1515625
0 0.2078125 0.384375 0.0375 0.18125
0 0.16953125 0.38828125 0.034375 0.1875
0 0.26953125 0.37890625 0.0390625 0.1796875