0 0.73359375 0.6359375 0.053125 0.2234375
0 0.23828125 0.32578125 0.040625 0.2046875
0 0.07421875 0.62109375 0.0421875 0.2296875
0 0.915625 0.51875 0.040625 0.19375
0 0.55234375 0.91796875 0.0359375 0.1640625
0 0.353125 0.81953125 0.053125 0.23125
0 0.37734375 0.24140625 0.0390625 0.1046875
0 0.3671875 0.32421875 0.0296875 0.1125
0 0.42890625 0.21796875 0.03125 0.1609375
0 0.7890625 0.13046875 0.028125 0.1375
0 0.6828125 0.228125 0.0265625 0.146875
0 0.6640625 0.2359375 0.0296875 0.165625
0 0.31171875 0.225 0.0359375 0.1578125
0 0.4625 0.26640625 0.0375 0.171875
0 0.06875 0.409375 0.025 0.1734375
0 0.07890625 0.3921875 0.0296875 0.1875
0 0.4078125 0.32578125 0.0359375 0.18125
0 0.43125 0.334375 0.03125 0.16875
0 0.603125 0.21875 0.025 0.1484375
0 0.53046875 0.1984375 0.0390625 0.1578125
0 0.3796875 0.07265625 0.028125 0.1453125
0 0.12578125 0.653125 0.0328125 0.1984375
0 0.65078125 0.08125 0.03125 0.109375
0 0.3265625 0.33828125 0.03125 0.1765625
0 0.29140625 0.35 0.0328125 0.190625
0 0.24921875 0.053125 0.0265625 0.10625
0 0.21484375 0.0546875 0.0234375 0.109375
0 0.29296875 0.1359375 0.025 0.1546875
0 0.240625 0.11328125 0.0328125 0.15
0 0.1984375 0.178125 0.028125 0.1625
0 0.27421875 0.2734375 0.0296875 0.15625
0 0.16328125 0.19453125 0.028125 0.1578125
0 0.1890625 0.1625 0.0234375 0.1609375
0 0.12421875 0.19296875 0.028125 0.1515625
0 0.1453125 0.171875 0.0296875 0.1703125
0 0.19609375 0.04296875 0.021875 0.0859375
0 0.234375 0.7578125 0.0484375 0.2453125
0 0.803125 0.0390625 0.025 0.078125