0 0.8453125 0.65390625 0.0515625 0.215625
0 0.3453125 0.6515625 0.0421875 0.2296875
0 0.915625 0.515625 0.0390625 0.196875
0 0.4734375 0.9328125 0.04375 0.134375
0 0.37734375 0.24140625 0.0390625 0.1046875
0 0.3671875 0.32421875 0.0296875 0.1125
0 0.421875 0.2015625 0.0265625 0.1640625
0 0.19296875 0.24765625 0.025 0.1625
0 0.159375 0.24375 0.0296875 0.18125
0 0.4046875 0.140625 0.0296875 0.146875
0 0.3984375 0.1140625 0.028125 0.1546875
0 0.23984375 0.0375 0.021875 0.075
0 0.65078125 0.08046875 0.03125 0.109375
0 0.3015625 0.1859375 0.0328125 0.159375
0 0.17421875 0.05859375 0.0234375 0.1171875
0 0.19921875 0.17890625 0.025 0.159375
0 0.13359375 0.19921875 0.0265625 0.1515625
0 0.12109375 0.18046875 0.0265625 0.16875
0 0.46640625 0.0234375 0.0265625 0.046875
0 0.165625 0.5984375 0.040625 0.21875
0 0.5796875 0.64765625 0.0359375 0.2296875
0 0.540625 0.66640625 0.040625 0.215625
0 0.82109375 0.1265625 0.0328125 0.15625
0 0.7609375 0.12421875 0.025 0.146875
0 0.8546875 0.06171875 0.028125 0.1234375
0 0.78359375 0.0984375 0.03125 0.1375
0 0.565625 0.0265625 0.0234375 0.053125
0 0.38984375 0.0234375 0.0234375 0.046875
0 0.27265625 0.0328125 0.01875 0.065625
0 0.24375 0.30546875 0.028125 0.1765625
0 0.215625 0.30546875 0.0375 0.1625
0 0.1453125 0.05546875 0.028125 0.1109375
0 0.2640625 0.17265625 0.0328125 0.1625
0 0.23359375 0.1703125 0.028125 0.159375
0 0.4140625 0.0296875 0.0234375 0.059375