0 0.76796875 0.64453125 0.05 0.228125
0 0.2546875 0.23046875 0.0390625 0.190625
0 0.121875 0.64765625 0.0453125 0.23125
0 0.915625 0.51875 0.040625 0.19375
0 0.5125 0.925 0.046875 0.15
0 0.37734375 0.24140625 0.0390625 0.1046875
0 0.3671875 0.32421875 0.0296875 0.1125
0 0.42890625 0.21796875 0.03125 0.1609375
0 0.7796875 0.103125 0.0265625 0.1359375
0 0.590625 0.16171875 0.028125 0.15
0 0.55390625 0.1765625 0.03125 0.16875
0 0.2796875 0.184375 0.025 0.1625
0 0.50625 0.15859375 0.034375 0.1640625
0 0.06875 0.409375 0.0265625 0.1734375
0 0.05078125 0.3921875 0.04375 0.1875
0 0.44375 0.440625 0.0453125 0.196875
0 0.478125 0.44609375 0.0390625 0.1796875
0 0.45625 0.1734375 0.0203125 0.14375
0 0.403125 0.171875 0.0234375 0.159375
0 0.3796875 0.0734375 0.0265625 0.146875
0 0.1359375 0.48125 0.0296875 0.184375
0 0.65078125 0.08125 0.03125 0.109375
0 0.30703125 0.47890625 0.0328125 0.1953125
0 0.26171875 0.4703125 0.0359375 0.203125
0 0.29375 0.1359375 0.0234375 0.1546875
0 0.19765625 0.18125 0.025 0.1609375
0 0.4 0.3984375 0.0359375 0.171875
0 0.16328125 0.19453125 0.028125 0.15625
0 0.18828125 0.16484375 0.021875 0.1625
0 0.128125 0.19375 0.028125 0.15
0 0.14140625 0.175 0.025 0.1703125
0 0.4640625 0.02421875 0.01875 0.0484375
0 0.21796875 0.0875 0.0296875 0.15
0 0.225 0.534375 0.0453125 0.2171875
0 0.9828125 0.6375 0.034375 0.2125
0 0.87109375 0.09140625 0.0296875 0.1375
0 0.79921875 0.025 0.0234375 0.05
0 0.1625 0.85859375 0.0453125 0.2546875
0 0.17265625 0.78828125 0.0515625 0.2421875