0 0.7328125 0.6359375 0.053125 0.2234375
0 0.23828125 0.30390625 0.0390625 0.2015625
0 0.07265625 0.6203125 0.0484375 0.2296875
0 0.915625 0.51875 0.040625 0.19375
0 0.52734375 0.9234375 0.0359375 0.153125
0 0.353125 0.81953125 0.053125 0.23125
0 0.37734375 0.24140625 0.0390625 0.1046875
0 0.3671875 0.32421875 0.0296875 0.1125
0 0.42890625 0.21796875 0.03125 0.1609375
0 0.78984375 0.13046875 0.028125 0.1375
0 0.65390625 0.21015625 0.021875 0.1515625
0 0.625 0.221875 0.0375 0.1703125
0 0.2921875 0.2015625 0.0296875 0.1453125
0 0.47578125 0.24296875 0.0453125 0.171875
0 0.06875 0.409375 0.025 0.1734375
0 0.0796875 0.39140625 0.0296875 0.1859375
0 0.40703125 0.3515625 0.0375 0.1828125
0 0.43359375 0.35859375 0.0375 0.1671875
0 0.56875 0.20390625 0.028125 0.1453125
0 0.48359375 0.18515625 0.021875 0.1578125
0 0.3796875 0.07265625 0.028125 0.1453125
0 0.1359375 0.60390625 0.0296875 0.1890625
0 0.65078125 0.08125 0.03125 0.109375
0 0.3296875 0.371875 0.03125 0.1765625
0 0.28828125 0.38046875 0.034375 0.19375
0 0.2515625 0.04296875 0.025 0.0859375
0 0.29296875 0.1359375 0.025 0.1546875
0 0.22265625 0.11171875 0.034375 0.146875
0 0.1984375 0.17734375 0.028125 0.1625
0 0.29140625 0.29921875 0.03125 0.1546875
0 0.16328125 0.19453125 0.028125 0.1578125
0 0.18671875 0.16328125 0.021875 0.1609375
0 0.12421875 0.19296875 0.028125 0.1515625
0 0.14609375 0.171875 0.028125 0.1703125
0 0.190625 0.05078125 0.028125 0.1015625
0 0.2375 0.69921875 0.046875 0.234375
0 0.8125 0.04609375 0.028125 0.0921875
0 0.0484375 0.69453125 0.0609375 0.2234375