0 0.83671875 0.68203125 0.0421875 0.2234375
0 0.25078125 0.1359375 0.034375 0.175
0 0.4171875 0.63828125 0.0421875 0.2296875
0 0.91484375 0.51875 0.0421875 0.19375
0 0.54296875 0.9265625 0.046875 0.146875
0 0.37734375 0.24140625 0.0390625 0.1046875
0 0.3671875 0.32421875 0.0296875 0.1125
0 0.428125 0.2171875 0.0265625 0.159375
0 0.77421875 0.01875 0.0265625 0.0375
0 0.53828125 0.08828125 0.028125 0.1453125
0 0.503125 0.07578125 0.03125 0.1515625
0 0.2734375 0.128125 0.021875 0.1546875
0 0.48203125 0.03984375 0.028125 0.0796875
0 0.07109375 0.409375 0.028125 0.1734375
0 0.48359375 0.63828125 0.059375 0.221875
0 0.51796875 0.64453125 0.04375 0.2
0 0.4046875 0.14921875 0.021875 0.1390625
0 0.3859375 0.16171875 0.03125 0.15625
0 0.3890625 0.04765625 0.0265625 0.0953125
0 0.1328125 0.30390625 0.0265625 0.1625
0 0.65078125 0.08125 0.03125 0.109375
0 0.21171875 0.72109375 0.0375 0.2265625
0 0.16640625 0.70078125 0.046875 0.2390625
0 0.29140625 0.14140625 0.028125 0.1546875
0 0.2 0.18125 0.028125 0.1640625
0 0.70703125 0.578125 0.034375 0.190625
0 0.1625 0.19375 0.028125 0.1578125
0 0.190625 0.16328125 0.0265625 0.1609375
0 0.13125 0.19921875 0.034375 0.14375
0 0.4546875 0.06328125 0.025 0.1265625
0 0.23828125 0.18125 0.0296875 0.1609375
0 0.253125 0.30078125 0.0390625 0.184375
0 0.98046875 0.46640625 0.0390625 0.178125
0 0.89765625 0.440625 0.0359375 0.1875
0 0.8015625 0.04296875 0.0265625 0.0859375
0 0.92890625 0.21171875 0.0328125 0.1546875
0 0.93515625 0.14375 0.040625 0.159375
0 0.8953125 0.1609375 0.034375 0.159375
0 0.2296875 0.06171875 0.021875 0.1234375
0 0.2046875 0.06171875 0.0296875 0.1234375