0 0.84453125 0.65390625 0.05 0.215625
0 0.21640625 0.6109375 0.040625 0.23125
0 0.915625 0.51796875 0.05 0.1921875
0 0.45234375 0.9296875 0.04375 0.140625
0 0.37734375 0.24140625 0.0390625 0.1046875
0 0.3671875 0.32421875 0.0296875 0.1125
0 0.43046875 0.21015625 0.025 0.1609375
0 0.171875 0.278125 0.0296875 0.165625
0 0.1453125 0.2734375 0.0296875 0.1828125
0 0.40234375 0.14453125 0.025 0.140625
0 0.2609375 0.09140625 0.0234375 0.1296875
0 0.65078125 0.08046875 0.03125 0.109375
0 0.30625 0.18203125 0.0265625 0.1640625
0 0.17890625 0.059375 0.0265625 0.11875
0 0.19921875 0.18125 0.025 0.159375
0 0.1625 0.19296875 0.025 0.15625
0 0.1296875 0.1984375 0.0265625 0.15
0 0.12109375 0.17890625 0.0265625 0.1703125
0 0.471875 0.03046875 0.0265625 0.0609375
0 0.175 0.44609375 0.0359375 0.19375
0 0.25625 0.05546875 0.03125 0.1109375
0 0.7109375 0.8765625 0.0546875 0.246875
0 0.66796875 0.88515625 0.0453125 0.2296875
0 0.85390625 0.215625 0.0359375 0.16875
0 0.784375 0.20625 0.028125 0.15625
0 0.73203125 0.01796875 0.0203125 0.0359375
0 0.7859375 0.07109375 0.03125 0.13125
0 0.26484375 0.20859375 0.0234375 0.1640625
0 0.23515625 0.21328125 0.03125 0.1484375
0 0.1484375 0.05546875 0.0265625 0.1109375
0 0.2265625 0.09375 0.028125 0.1484375
0 0.1953125 0.0875 0.0265625 0.1421875
0 0.83984375 0.0171875 0.021875 0.034375
0 0.55390625 0.04296875 0.03125 0.0859375