0 0.8453125 0.65390625 0.0515625 0.215625
0 0.35703125 0.646875 0.046875 0.23125
0 0.915625 0.515625 0.0390625 0.196875
0 0.471875 0.93203125 0.040625 0.1359375
0 0.37734375 0.24140625 0.0390625 0.1046875
0 0.3671875 0.32421875 0.0296875 0.1125
0 0.4265625 0.20390625 0.0328125 0.1609375
0 0.19296875 0.24296875 0.0265625 0.1578125
0 0.16328125 0.24140625 0.0328125 0.1765625
0 0.40546875 0.140625 0.0296875 0.146875
0 0.3984375 0.1140625 0.0296875 0.15625
0 0.240625 0.034375 0.0234375 0.06875
0 0.65078125 0.08046875 0.03125 0.109375
0 0.3046875 0.18671875 0.0328125 0.159375
0 0.17421875 0.05859375 0.0234375 0.1171875
0 0.19921875 0.178125 0.025 0.159375
0 0.134375 0.19921875 0.025 0.1515625
0 0.121875 0.18046875 0.0265625 0.1671875
0 0.46640625 0.0234375 0.0265625 0.046875
0 0.1625 0.61796875 0.0390625 0.2203125
0 0.56796875 0.63203125 0.040625 0.23125
0 0.528125 0.6515625 0.0359375 0.221875
0 0.815625 0.11640625 0.034375 0.1515625
0 0.75625 0.115625 0.025 0.1453125
0 0.8609375 0.06953125 0.0265625 0.1390625
0 0.78125 0.10703125 0.0328125 0.140625
0 0.565625 0.0359375 0.028125 0.0703125
0 0.27109375 0.0390625 0.01875 0.078125
0 0.24140625 0.31875 0.028125 0.1765625
0 0.2140625 0.32109375 0.0375 0.165625
0 0.1453125 0.05546875 0.028125 0.1109375
0 0.26171875 0.18359375 0.0296875 0.1640625
0 0.23515625 0.18203125 0.028125 0.159375
0 0.409375 0.03046875 0.0234375 0.0609375