0 0.73515625 0.63671875 0.0546875 0.2234375
0 0.23046875 0.42578125 0.04375 0.2140625
0 0.07421875 0.62265625 0.04375 0.23125
0 0.915625 0.51875 0.0390625 0.19375
0 0.6453125 0.9484375 0.04375 0.103125
0 0.35390625 0.81953125 0.053125 0.23125
0 0.37734375 0.24140625 0.0390625 0.1046875
0 0.3671875 0.32421875 0.0296875 0.1125
0 0.42890625 0.21796875 0.03125 0.1609375
0 0.9875 0.35703125 0.025 0.1765625
0 0.78828125 0.13125 0.028125 0.1359375
0 0.8140625 0.28125 0.0265625 0.1625
0 0.7796875 0.28046875 0.03125 0.1796875
0 0.45703125 0.26171875 0.0453125 0.159375
0 0.53828125 0.24765625 0.0375 0.1609375
0 0.09140625 0.42109375 0.028125 0.1734375
0 0.4796875 0.2390625 0.0296875 0.1546875
0 0.7203125 0.271875 0.0203125 0.1546875
0 0.6921875 0.240625 0.03125 0.153125
0 0.3796875 0.07265625 0.028125 0.1453125
0 0.021875 0.80703125 0.0359375 0.2140625
0 0.65078125 0.07890625 0.03125 0.10625
0 0.27421875 0.259375 0.0421875 0.1796875
0 0.240625 0.103125 0.025 0.146875
0 0.21328125 0.115625 0.0265625 0.1546875
0 0.2921875 0.1359375 0.0234375 0.1546875
0 0.2671875 0.11171875 0.028125 0.1484375
0 0.1984375 0.178125 0.028125 0.1640625
0 0.24765625 0.16875 0.028125 0.1421875
0 0.16171875 0.19140625 0.028125 0.1578125
0 0.18984375 0.16015625 0.021875 0.159375
0 0.12265625 0.19453125 0.025 0.1515625
0 0.1453125 0.16875 0.025 0.1703125
0 0.22890625 0.93515625 0.053125 0.1296875