0 0.84140625 0.68203125 0.046875 0.2234375
0 0.25234375 0.13828125 0.0359375 0.175
0 0.41328125 0.634375 0.0453125 0.2234375
0 0.91484375 0.51875 0.0421875 0.19375
0 0.53671875 0.92734375 0.0453125 0.1453125
0 0.37734375 0.24140625 0.0390625 0.1046875
0 0.3671875 0.32421875 0.0296875 0.1125
0 0.428125 0.2171875 0.028125 0.159375
0 0.77421875 0.0203125 0.0265625 0.040625
0 0.53828125 0.09296875 0.028125 0.1484375
0 0.5046875 0.0796875 0.0328125 0.15625
0 0.2703125 0.12890625 0.021875 0.153125
0 0.4828125 0.04140625 0.028125 0.0828125
0 0.0703125 0.409375 0.028125 0.1734375
0 0.47890625 0.6328125 0.05625 0.221875
0 0.5140625 0.63203125 0.0421875 0.1953125
0 0.403125 0.14921875 0.021875 0.1390625
0 0.38671875 0.16171875 0.03125 0.15625
0 0.38828125 0.0515625 0.025 0.103125
0 0.12890625 0.3078125 0.0265625 0.159375
0 0.65078125 0.08125 0.03125 0.109375
0 0.21640625 0.71328125 0.0375 0.225
0 0.1703125 0.68828125 0.0484375 0.2359375
0 0.29375 0.140625 0.0296875 0.1515625
0 0.2 0.18125 0.028125 0.1640625
0 0.69140625 0.57265625 0.0359375 0.190625
0 0.1625 0.19375 0.028125 0.1578125
0 0.190625 0.16171875 0.0265625 0.1609375
0 0.134375 0.1984375 0.0390625 0.1421875
0 0.4515625 0.06171875 0.025 0.1234375
0 0.2375 0.1765625 0.028125 0.1609375
0 0.25234375 0.303125 0.040625 0.184375
0 0.98203125 0.471875 0.0359375 0.178125
0 0.90546875 0.4453125 0.0359375 0.1875
0 0.80234375 0.04140625 0.0265625 0.0828125
0 0.92890625 0.20546875 0.0265625 0.1515625
0 0.94453125 0.14296875 0.0484375 0.1578125
0 0.8890625 0.1546875 0.0328125 0.159375
0 0.23125 0.0609375 0.021875 0.121875
0 0.20234375 0.059375 0.0328125 0.11875