0 0.73359375 0.6359375 0.053125 0.2234375
0 0.2390625 0.3546875 0.0390625 0.2
0 0.0734375 0.621875 0.04375 0.23125
0 0.915625 0.51875 0.040625 0.19375
0 0.58671875 0.92734375 0.0421875 0.1453125
0 0.353125 0.81953125 0.053125 0.23125
0 0.37734375 0.24140625 0.0390625 0.1046875
0 0.3671875 0.32421875 0.0296875 0.1125
0 0.42890625 0.21796875 0.03125 0.1609375
0 0.7890625 0.13125 0.028125 0.1359375
0 0.72421875 0.24140625 0.0265625 0.1515625
0 0.7078125 0.24921875 0.028125 0.16875
0 0.48515625 0.28203125 0.0375 0.1734375
0 0.06875 0.409375 0.025 0.1734375
0 0.078125 0.3921875 0.028125 0.1875
0 0.42109375 0.29140625 0.0328125 0.1734375
0 0.4421875 0.29921875 0.0265625 0.1578125
0 0.6421875 0.2359375 0.0234375 0.15
0 0.58046875 0.2078125 0.025 0.1625
0 0.3796875 0.07265625 0.028125 0.1453125
0 0.075 0.69765625 0.0296875 0.2
0 0.65078125 0.08125 0.03125 0.109375
0 0.3078125 0.30859375 0.0296875 0.1734375
0 0.290625 0.3265625 0.0359375 0.1921875
0 0.24453125 0.065625 0.025 0.13125
0 0.20859375 0.0640625 0.0234375 0.128125
0 0.29296875 0.1359375 0.025 0.1546875
0 0.2625 0.1109375 0.0296875 0.1484375
0 0.19921875 0.178125 0.028125 0.1640625
0 0.26328125 0.2390625 0.03125 0.1546875
0 0.16328125 0.19296875 0.028125 0.1578125
0 0.1890625 0.16328125 0.0234375 0.1640625
0 0.12734375 0.19140625 0.025 0.1546875
0 0.146875 0.16875 0.028125 0.1703125
0 0.23125 0.82890625 0.0484375 0.25
0 0.7890625 0.02578125 0.025 0.0515625