0 0.734375 0.6359375 0.0546875 0.2234375
0 0.23984375 0.36796875 0.040625 0.20625
0 0.0734375 0.621875 0.04375 0.23125
0 0.915625 0.51875 0.040625 0.19375
0 0.60078125 0.92890625 0.04375 0.1421875
0 0.353125 0.81953125 0.053125 0.23125
0 0.37734375 0.24140625 0.0390625 0.1046875
0 0.3671875 0.32421875 0.0296875 0.1125
0 0.42890625 0.21796875 0.03125 0.1609375
0 0.7890625 0.13125 0.028125 0.1359375
0 0.7390625 0.24296875 0.028125 0.1515625
0 0.72109375 0.253125 0.0359375 0.1703125
0 0.365625 0.2421875 0.021875 0.1546875
0 0.4984375 0.28125 0.0359375 0.175
0 0.06796875 0.409375 0.025 0.1734375
0 0.078125 0.39140625 0.028125 0.1859375
0 0.4265625 0.28046875 0.034375 0.1734375
0 0.44765625 0.2890625 0.0265625 0.1578125
0 0.65390625 0.24453125 0.0234375 0.15
0 0.6 0.2140625 0.0421875 0.159375
0 0.3796875 0.07265625 0.028125 0.1453125
0 0.0578125 0.7125 0.0359375 0.2046875
0 0.65078125 0.08046875 0.03125 0.109375
0 0.3015625 0.30078125 0.0265625 0.171875
0 0.28828125 0.3140625 0.0375 0.1859375
0 0.2453125 0.06796875 0.028125 0.1359375
0 0.2078125 0.06953125 0.025 0.1390625
0 0.29296875 0.1359375 0.025 0.1546875
0 0.265625 0.11171875 0.0296875 0.1484375
0 0.19921875 0.178125 0.028125 0.1640625
0 0.26328125 0.2265625 0.028125 0.15
0 0.1640625 0.19296875 0.028125 0.1578125
0 0.18828125 0.16171875 0.021875 0.1625
0 0.1234375 0.19375 0.0265625 0.1515625
0 0.14765625 0.16875 0.0296875 0.16875
0 0.2328125 0.853125 0.0515625 0.25
0 0.78125 0.02265625 0.025 0.0453125