0 0.846875 0.696875 0.0421875 0.2234375
0 0.24921875 0.16328125 0.0359375 0.18125
0 0.31640625 0.640625 0.0546875 0.2234375
0 0.91484375 0.51875 0.0421875 0.19375
0 0.52421875 0.921875 0.04375 0.15625
0 0.37734375 0.24140625 0.0390625 0.1046875
0 0.3671875 0.32421875 0.0296875 0.1125
0 0.42890625 0.21796875 0.03125 0.1609375
0 0.759375 0.04453125 0.0265625 0.0890625
0 0.54296875 0.12421875 0.028125 0.1484375
0 0.5109375 0.11640625 0.03125 0.1640625
0 0.2765625 0.15546875 0.0265625 0.1578125
0 0.49609375 0.06640625 0.0296875 0.1328125
0 0.06953125 0.41015625 0.0265625 0.175
0 0.4625 0.553125 0.04375 0.2109375
0 0.49453125 0.55703125 0.0375 0.1921875
0 0.40546875 0.15390625 0.0234375 0.1296875
0 0.38203125 0.16328125 0.0296875 0.15625
0 0.3796875 0.0734375 0.0265625 0.1453125
0 0.1234375 0.36640625 0.028125 0.1703125
0 0.65078125 0.08125 0.03125 0.109375
0 0.25703125 0.6109375 0.034375 0.215625
0 0.20390625 0.59921875 0.0453125 0.2265625
0 0.29375 0.134375 0.0265625 0.153125
0 0.18203125 0.1265625 0.03125 0.1515625
0 0.20078125 0.17890625 0.028125 0.1625
0 0.57578125 0.50078125 0.03125 0.1859375
0 0.1609375 0.19609375 0.028125 0.1578125
0 0.12578125 0.2015625 0.0296875 0.1453125
0 0.13125 0.18203125 0.0296875 0.165625
0 0.4453125 0.05078125 0.0296875 0.1015625
0 0.2359375 0.14609375 0.0296875 0.159375
0 0.25 0.38203125 0.0359375 0.1953125
0 0.95546875 0.51328125 0.0328125 0.19375
0 0.9328125 0.1625 0.0296875 0.1453125
0 0.9609375 0.13828125 0.034375 0.1484375
0 0.86328125 0.08515625 0.0296875 0.15
0 0.3 0.94296875 0.05625 0.1140625
0 0.2328125 0.03828125 0.025 0.0765625
0 0.21015625 0.0421875 0.0234375 0.084375