0 0.81875 0.67734375 0.04375 0.225
0 0.25234375 0.19375 0.0375 0.1859375
0 0.22421875 0.65078125 0.0453125 0.2296875
0 0.91484375 0.51875 0.040625 0.19375
0 0.5046875 0.921875 0.0390625 0.15625
0 0.37734375 0.24140625 0.0390625 0.1046875
0 0.3671875 0.32421875 0.0296875 0.1125
0 0.42890625 0.21796875 0.03125 0.1609375
0 0.76796875 0.0609375 0.0265625 0.121875
0 0.5546875 0.14375 0.0265625 0.15
0 0.52734375 0.14375 0.03125 0.16875
0 0.28125 0.16875 0.0203125 0.1546875
0 0.49921875 0.1046875 0.0328125 0.15625
0 0.06953125 0.41015625 0.0265625 0.175
0 0.45703125 0.5046875 0.04375 0.1953125
0 0.4859375 0.50703125 0.0375 0.184375
0 0.415625 0.15859375 0.0234375 0.1421875
0 0.3890625 0.16640625 0.028125 0.15625
0 0.38203125 0.0765625 0.0265625 0.1421875
0 0.13671875 0.4140625 0.0296875 0.175
0 0.65078125 0.08125 0.03125 0.109375
0 0.28125 0.55390625 0.0359375 0.203125
0 0.23515625 0.54140625 0.0453125 0.2140625
0 0.29375 0.13515625 0.0234375 0.1546875
0 0.17734375 0.12109375 0.028125 0.15
0 0.203125 0.18046875 0.0296875 0.165625
0 0.50703125 0.453125 0.0375 0.1765625
0 0.1609375 0.19921875 0.028125 0.1578125
0 0.1234375 0.20078125 0.028125 0.15
0 0.15078125 0.15703125 0.0296875 0.153125
0 0.45546875 0.040625 0.0234375 0.08125
0 0.2328125 0.121875 0.028125 0.1546875
0 0.23203125 0.44375 0.04375 0.2
0 0.9703125 0.56171875 0.0359375 0.19375
0 0.91171875 0.13203125 0.0328125 0.1453125
0 0.840625 0.05703125 0.0328125 0.1140625
0 0.221875 0.9296875 0.0515625 0.140625
0 0.24140625 0.89296875 0.04375 0.2140625
0 0.228125 0.03125 0.021875 0.0625
0 0.2046875 0.03125 0.0234375 0.0625