0 0.8203125 0.67421875 0.0375 0.2296875
0 0.25078125 0.11640625 0.0375 0.171875
0 0.4453125 0.65859375 0.0484375 0.23125
0 0.909375 0.51875 0.053125 0.19375
0 0.5546875 0.925 0.046875 0.15
0 0.37734375 0.24140625 0.0390625 0.1046875
0 0.3671875 0.32421875 0.0296875 0.1125
0 0.4296875 0.21484375 0.0234375 0.159375
0 0.53671875 0.07109375 0.0265625 0.1421875
0 0.5015625 0.06796875 0.03125 0.1359375
0 0.07578125 0.4078125 0.028125 0.175
0 0.4984375 0.6859375 0.059375 0.2265625
0 0.534375 0.6953125 0.0453125 0.20625
0 0.40546875 0.1515625 0.0265625 0.128125
0 0.384375 0.16015625 0.025 0.15625
0 0.39765625 0.03046875 0.025 0.0609375
0 0.1578125 0.27421875 0.028125 0.1609375
0 0.65078125 0.08125 0.03125 0.109375
0 0.19140625 0.77109375 0.0375 0.228125
0 0.146875 0.753125 0.05 0.24375
0 0.284375 0.153125 0.0296875 0.1546875
0 0.18515625 0.1265625 0.0296875 0.15
0 0.2 0.18125 0.028125 0.1640625
0 0.79453125 0.61171875 0.0359375 0.190625
0 0.16328125 0.19375 0.028125 0.1578125
0 0.12890625 0.19921875 0.0328125 0.146875
0 0.46875 0.0609375 0.028125 0.121875
0 0.23671875 0.209375 0.03125 0.1640625
0 0.253125 0.265625 0.0359375 0.1765625
0 0.96015625 0.440625 0.046875 0.1953125
0 0.8734375 0.41171875 0.034375 0.184375
0 0.7984375 0.05078125 0.0296875 0.1015625
0 0.91484375 0.23359375 0.034375 0.1515625
0 0.91171875 0.13125 0.0265625 0.1546875
0 0.88515625 0.1265625 0.0328125 0.1609375
0 0.93125 0.20234375 0.0390625 0.1609375
0 0.22578125 0.07109375 0.0234375 0.1421875
0 0.2 0.06796875 0.0296875 0.125