0 0.82578125 0.6640625 0.0421875 0.225
0 0.25234375 0.0953125 0.0390625 0.1671875
0 0.44609375 0.68046875 0.040625 0.2390625
0 0.9171875 0.51953125 0.0375 0.190625
0 0.55390625 0.93359375 0.046875 0.1328125
0 0.37734375 0.24140625 0.0390625 0.1046875
0 0.3671875 0.32421875 0.0296875 0.1125
0 0.4265625 0.2125 0.03125 0.1609375
0 0.53359375 0.059375 0.028125 0.11875
0 0.4984375 0.059375 0.028125 0.11875
0 0.2984375 0.12734375 0.0203125 0.14375
0 0.08984375 0.39375 0.0328125 0.1796875
0 0.06015625 0.3765625 0.021875 0.2015625
0 0.5125 0.74453125 0.065625 0.234375
0 0.55 0.75 0.0390625 0.2171875
0 0.40546875 0.15546875 0.0265625 0.121875
0 0.3875 0.16171875 0.034375 0.1546875
0 0.17734375 0.24609375 0.025 0.15625
0 0.65078125 0.08125 0.03125 0.109375
0 0.1734375 0.83203125 0.0390625 0.240625
0 0.13359375 0.80859375 0.05 0.246875
0 0.27890625 0.1640625 0.03125 0.159375
0 0.1765625 0.1265625 0.028125 0.153125
0 0.2 0.18203125 0.028125 0.1625
0 0.88046875 0.6546875 0.034375 0.1953125
0 0.16328125 0.19375 0.028125 0.1578125
0 0.12890625 0.19921875 0.0328125 0.146875
0 0.46953125 0.05859375 0.025 0.1171875
0 0.225 0.2390625 0.03125 0.165625
0 0.26015625 0.2265625 0.0328125 0.1765625
0 0.92734375 0.4125 0.0390625 0.2
0 0.8609375 0.38203125 0.03125 0.1828125
0 0.79375 0.0609375 0.0296875 0.121875
0 0.9203125 0.2578125 0.0359375 0.1609375
0 0.890625 0.109375 0.0265625 0.1515625
0 0.85859375 0.1046875 0.0296875 0.1640625
0 0.97109375 0.25390625 0.0421875 0.1734375
0 0.22109375 0.08984375 0.0234375 0.146875
0 0.19375 0.09609375 0.0296875 0.1359375