0 0.81953125 0.67421875 0.0375 0.2296875
0 0.25078125 0.115625 0.0359375 0.1703125
0 0.44609375 0.659375 0.05 0.234375
0 0.90859375 0.51875 0.0546875 0.19375
0 0.5546875 0.925 0.046875 0.15
0 0.37734375 0.24140625 0.0390625 0.1046875
0 0.3671875 0.32421875 0.0296875 0.1125
0 0.4296875 0.21484375 0.025 0.159375
0 0.53671875 0.07109375 0.0265625 0.1421875
0 0.5015625 0.06796875 0.03125 0.1359375
0 0.07578125 0.40703125 0.028125 0.1765625
0 0.49921875 0.68671875 0.0609375 0.2265625
0 0.534375 0.69765625 0.04375 0.20625
0 0.40546875 0.15234375 0.0265625 0.1265625
0 0.384375 0.16015625 0.025 0.15625
0 0.396875 0.02890625 0.025 0.0578125
0 0.1578125 0.27421875 0.028125 0.1609375
0 0.65078125 0.08125 0.03125 0.109375
0 0.19140625 0.77265625 0.0375 0.2265625
0 0.14609375 0.75390625 0.0484375 0.24375
0 0.28359375 0.153125 0.03125 0.1546875
0 0.18515625 0.1265625 0.0296875 0.15
0 0.2 0.18125 0.028125 0.1640625
0 0.79765625 0.61328125 0.0359375 0.190625
0 0.16328125 0.19375 0.028125 0.1578125
0 0.12890625 0.19921875 0.0328125 0.146875
0 0.46875 0.06015625 0.028125 0.1203125
0 0.23671875 0.2109375 0.03125 0.1640625
0 0.25390625 0.2640625 0.0359375 0.1765625
0 0.95859375 0.4390625 0.046875 0.1953125
0 0.87265625 0.4109375 0.034375 0.184375
0 0.7984375 0.05078125 0.0296875 0.1015625
0 0.9140625 0.23359375 0.034375 0.1515625
0 0.91015625 0.13046875 0.025 0.1546875
0 0.884375 0.125 0.03125 0.159375
0 0.9328125 0.20390625 0.0390625 0.1609375
0 0.2265625 0.071875 0.0234375 0.14375
0 0.2 0.06796875 0.0296875 0.125