0 0.8234375 0.6640625 0.0453125 0.225
0 0.2515625 0.09921875 0.0390625 0.16875
0 0.4421875 0.6796875 0.0453125 0.240625
0 0.91171875 0.51796875 0.0484375 0.1921875
0 0.55234375 0.93359375 0.046875 0.1328125
0 0.37734375 0.24140625 0.0390625 0.1046875
0 0.3671875 0.32421875 0.0296875 0.1125
0 0.42890625 0.21171875 0.0296875 0.1609375
0 0.5328125 0.06171875 0.028125 0.1234375
0 0.4984375 0.0609375 0.028125 0.121875
0 0.29375 0.12421875 0.021875 0.1453125
0 0.0890625 0.39609375 0.0359375 0.1765625
0 0.059375 0.38046875 0.021875 0.196875
0 0.50859375 0.73046875 0.0609375 0.23125
0 0.54453125 0.7390625 0.0390625 0.2140625
0 0.40546875 0.1546875 0.0265625 0.121875
0 0.38671875 0.16171875 0.0328125 0.1546875
0 0.1734375 0.2484375 0.025 0.15625
0 0.65078125 0.08125 0.03125 0.109375
0 0.175 0.82421875 0.0390625 0.2390625
0 0.1359375 0.79921875 0.053125 0.246875
0 0.278125 0.16328125 0.03125 0.159375
0 0.17890625 0.1265625 0.028125 0.153125
0 0.2 0.18203125 0.028125 0.1625
0 0.8640625 0.646875 0.0375 0.1953125
0 0.16328125 0.19375 0.028125 0.1578125
0 0.12890625 0.19921875 0.0328125 0.146875
0 0.46875 0.05859375 0.025 0.1171875
0 0.22734375 0.234375 0.03125 0.16875
0 0.2578125 0.23359375 0.03125 0.1765625
0 0.93359375 0.41640625 0.0390625 0.1984375
0 0.8625 0.38671875 0.03125 0.1828125
0 0.79375 0.0578125 0.0296875 0.115625
0 0.9203125 0.25234375 0.0359375 0.15625
0 0.89375 0.1125 0.0265625 0.1515625
0 0.86328125 0.10546875 0.0296875 0.1609375
0 0.9640625 0.246875 0.040625 0.1703125
0 0.22265625 0.084375 0.0234375 0.146875
0 0.1953125 0.090625 0.028125 0.134375