0 0.734375 0.6359375 0.0546875 0.2234375
0 0.23984375 0.36640625 0.040625 0.2046875
0 0.0734375 0.621875 0.04375 0.23125
0 0.915625 0.51875 0.040625 0.19375
0 0.5984375 0.928125 0.04375 0.14375
0 0.353125 0.81953125 0.053125 0.23125
0 0.37734375 0.24140625 0.0390625 0.1046875
0 0.3671875 0.32421875 0.0296875 0.1125
0 0.42890625 0.21796875 0.03125 0.1609375
0 0.7890625 0.13125 0.028125 0.1359375
0 0.7375 0.24140625 0.028125 0.1515625
0 0.71953125 0.253125 0.0359375 0.16875
0 0.36484375 0.24140625 0.0203125 0.1546875
0 0.49765625 0.28125 0.0359375 0.175
0 0.06796875 0.409375 0.025 0.1734375
0 0.078125 0.39140625 0.028125 0.1859375
0 0.42578125 0.28125 0.034375 0.1734375
0 0.44765625 0.28984375 0.0265625 0.1578125
0 0.65234375 0.24375 0.0234375 0.15
0 0.5984375 0.2140625 0.04375 0.159375
0 0.3796875 0.07265625 0.028125 0.1453125
0 0.05859375 0.7109375 0.034375 0.2046875
0 0.65078125 0.08046875 0.03125 0.109375
0 0.3015625 0.30234375 0.0265625 0.171875
0 0.2890625 0.31484375 0.0375 0.1859375
0 0.24609375 0.0671875 0.028125 0.134375
0 0.2078125 0.06875 0.025 0.1375
0 0.29296875 0.1359375 0.025 0.1546875
0 0.265625 0.11171875 0.0296875 0.1484375
0 0.19921875 0.178125 0.028125 0.1640625
0 0.26328125 0.228125 0.028125 0.1515625
0 0.16328125 0.19296875 0.028125 0.1578125
0 0.18828125 0.16171875 0.021875 0.1625
0 0.1234375 0.19375 0.0265625 0.1515625
0 0.14765625 0.16875 0.028125 0.16875
0 0.23203125 0.85 0.0515625 0.25
0 0.78203125 0.0234375 0.025 0.046875