0 0.7453125 0.63359375 0.0515625 0.225
0 0.25390625 0.2546875 0.0390625 0.19375
0 0.08671875 0.634375 0.04375 0.228125
0 0.915625 0.51875 0.040625 0.19375
0 0.50390625 0.91875 0.0375 0.1625
0 0.37734375 0.24140625 0.0390625 0.1046875
0 0.3671875 0.32421875 0.0296875 0.1125
0 0.42890625 0.21796875 0.03125 0.1609375
0 0.78359375 0.12109375 0.0265625 0.1359375
0 0.6125 0.178125 0.0265625 0.153125
0 0.5734375 0.19140625 0.028125 0.1703125
0 0.28125 0.190625 0.028125 0.165625
0 0.5046875 0.18359375 0.0375 0.1640625
0 0.06875 0.409375 0.025 0.1734375
0 0.05 0.3921875 0.0453125 0.1875
0 0.4328125 0.41328125 0.04375 0.190625
0 0.465625 0.4171875 0.040625 0.1765625
0 0.48203125 0.17578125 0.025 0.1421875
0 0.41171875 0.17109375 0.0234375 0.1578125
0 0.38046875 0.0734375 0.028125 0.146875
0 0.13203125 0.51640625 0.0296875 0.18125
0 0.65078125 0.08125 0.03125 0.109375
0 0.31953125 0.44609375 0.034375 0.190625
0 0.27265625 0.44375 0.0390625 0.20625
0 0.27109375 0.02421875 0.025 0.0484375
0 0.2265625 0.02421875 0.0234375 0.0484375
0 0.29296875 0.1359375 0.025 0.1546875
0 0.1984375 0.1796875 0.0265625 0.1609375
0 0.1640625 0.19375 0.028125 0.15625
0 0.1875 0.1640625 0.025 0.1625
0 0.12421875 0.19296875 0.028125 0.1515625
0 0.14296875 0.1734375 0.0234375 0.165625
0 0.2015625 0.071875 0.028125 0.14375
0 0.22578125 0.58203125 0.0453125 0.221875
0 0.9859375 0.66875 0.028125 0.215625
0 0.85 0.075 0.0328125 0.134375
0 0.1359375 0.8015625 0.0453125 0.2453125
0 0.12109375 0.7328125 0.059375 0.23125