0 0.8453125 0.65390625 0.0515625 0.215625
0 0.359375 0.6484375 0.040625 0.2328125
0 0.915625 0.515625 0.0390625 0.196875
0 0.4703125 0.93515625 0.040625 0.1296875
0 0.37734375 0.24140625 0.0390625 0.1046875
0 0.3671875 0.32421875 0.0296875 0.1125
0 0.43046875 0.2078125 0.040625 0.1609375
0 0.19296875 0.2359375 0.025 0.1578125
0 0.17109375 0.23828125 0.034375 0.1765625
0 0.40546875 0.1375 0.0296875 0.146875
0 0.3984375 0.115625 0.0296875 0.15625
0 0.25 0.02890625 0.0234375 0.0578125
0 0.65078125 0.08046875 0.03125 0.109375
0 0.30546875 0.1875 0.03125 0.159375
0 0.17421875 0.05859375 0.0234375 0.1171875
0 0.19921875 0.178125 0.025 0.159375
0 0.1625 0.19140625 0.025 0.15625
0 0.1375 0.19921875 0.025 0.1546875
0 0.125 0.18046875 0.0265625 0.1671875
0 0.46640625 0.0234375 0.0265625 0.046875
0 0.159375 0.65234375 0.040625 0.221875
0 0.55390625 0.5921875 0.0390625 0.21875
0 0.50859375 0.61171875 0.0375 0.2203125
0 0.8078125 0.09921875 0.028125 0.15
0 0.7515625 0.1015625 0.028125 0.1421875
0 0.87109375 0.0890625 0.03125 0.146875
0 0.8234375 0.06484375 0.025 0.1296875
0 0.78046875 0.12109375 0.03125 0.1390625
0 0.56953125 0.04609375 0.0265625 0.0921875
0 0.390625 0.03203125 0.021875 0.0640625
0 0.27265625 0.04375 0.0265625 0.0875
0 0.23984375 0.340625 0.028125 0.184375
0 0.2046875 0.340625 0.0421875 0.165625
0 0.1453125 0.05546875 0.028125 0.1109375
0 0.26328125 0.20546875 0.03125 0.165625
0 0.23203125 0.19921875 0.028125 0.159375
0 0.41015625 0.03046875 0.0234375 0.0609375