0 0.8296875 0.6640625 0.0375 0.225
0 0.253125 0.08828125 0.0390625 0.165625
0 0.44765625 0.68203125 0.0390625 0.2375
0 0.915625 0.51875 0.0421875 0.190625
0 0.56171875 0.9296875 0.04375 0.140625
0 0.37734375 0.24140625 0.0390625 0.1046875
0 0.3671875 0.32421875 0.0296875 0.1125
0 0.425 0.2125 0.0296875 0.159375
0 0.5328125 0.05546875 0.028125 0.1109375
0 0.49921875 0.0546875 0.0296875 0.109375
0 0.3046875 0.1328125 0.0203125 0.14375
0 0.09765625 0.3890625 0.0328125 0.1734375
0 0.06796875 0.36796875 0.0265625 0.19375
0 0.51875 0.7625 0.0625 0.2390625
0 0.55390625 0.76875 0.040625 0.215625
0 0.39609375 0.16171875 0.0328125 0.1546875
0 0.1859375 0.2359375 0.025 0.15625
0 0.65078125 0.08125 0.03125 0.109375
0 0.16875 0.85859375 0.0390625 0.240625
0 0.128125 0.8359375 0.0453125 0.253125
0 0.2828125 0.165625 0.0296875 0.1578125
0 0.17265625 0.12421875 0.021875 0.1515625
0 0.2 0.18203125 0.028125 0.1625
0 0.903125 0.67421875 0.046875 0.2
0 0.16328125 0.19375 0.028125 0.1578125
0 0.128125 0.19921875 0.0328125 0.146875
0 0.471875 0.05703125 0.025 0.1140625
0 0.2234375 0.25390625 0.0328125 0.16875
0 0.25703125 0.21171875 0.0375 0.1703125
0 0.915625 0.40078125 0.046875 0.196875
0 0.8546875 0.36953125 0.034375 0.1796875
0 0.7921875 0.06171875 0.0296875 0.1234375
0 0.925 0.26640625 0.0296875 0.159375
0 0.8859375 0.0984375 0.028125 0.1546875
0 0.8546875 0.09453125 0.0296875 0.1625
0 0.97890625 0.271875 0.0390625 0.175
0 0.21875 0.09453125 0.0234375 0.146875
0 0.19453125 0.1015625 0.0296875 0.1359375