0 0.734375 0.63671875 0.053125 0.2234375
0 0.24140625 0.38828125 0.0421875 0.2109375
0 0.07421875 0.621875 0.04375 0.2296875
0 0.915625 0.51875 0.0390625 0.19375
0 0.621875 0.9375 0.04375 0.125
0 0.353125 0.81953125 0.053125 0.23125
0 0.3671875 0.32421875 0.0296875 0.1125
0 0.42890625 0.21796875 0.03125 0.1609375
0 0.78828125 0.13125 0.028125 0.1359375
0 0.7671875 0.2546875 0.03125 0.159375
0 0.74296875 0.265625 0.028125 0.178125
0 0.38515625 0.2515625 0.028125 0.1625
0 0.515625 0.2703125 0.0375 0.1703125
0 0.0703125 0.4109375 0.0265625 0.1765625
0 0.07734375 0.39140625 0.028125 0.1859375
0 0.43984375 0.2625 0.03125 0.1734375
0 0.4609375 0.271875 0.028125 0.15
0 0.6765625 0.25703125 0.0234375 0.15
0 0.6328125 0.22109375 0.04375 0.1578125
0 0.3796875 0.07265625 0.028125 0.1453125
0 0.03203125 0.74296875 0.034375 0.2078125
0 0.65078125 0.08046875 0.03125 0.109375
0 0.2796875 0.296875 0.0359375 0.184375
0 0.240625 0.0765625 0.0265625 0.1453125
0 0.2078125 0.08125 0.025 0.1484375
0 0.2921875 0.1359375 0.0234375 0.1546875
0 0.26640625 0.11171875 0.0296875 0.1484375
0 0.19921875 0.178125 0.028125 0.1640625
0 0.26484375 0.20703125 0.028125 0.146875
0 0.16640625 0.19296875 0.028125 0.15625
0 0.18828125 0.159375 0.021875 0.159375
0 0.12109375 0.1953125 0.0265625 0.1515625
0 0.15 0.16875 0.0328125 0.1703125
0 0.23125 0.8859375 0.05 0.228125