0 0.8375 0.65859375 0.0328125 0.221875
0 0.2515625 0.0796875 0.0359375 0.159375
0 0.44453125 0.67890625 0.0390625 0.240625
0 0.915625 0.51953125 0.040625 0.196875
0 0.55859375 0.93046875 0.04375 0.1390625
0 0.37734375 0.24140625 0.0390625 0.1046875
0 0.3671875 0.32421875 0.0296875 0.1125
0 0.421875 0.21171875 0.0296875 0.1578125
0 0.53046875 0.0515625 0.028125 0.103125
0 0.49765625 0.04921875 0.0296875 0.0984375
0 0.31484375 0.1296875 0.01875 0.1390625
0 0.103125 0.38203125 0.034375 0.178125
0 0.07578125 0.359375 0.03125 0.190625
0 0.5296875 0.79375 0.0625 0.240625
0 0.56328125 0.79375 0.0421875 0.2109375
0 0.40625 0.16015625 0.0296875 0.15625
0 0.20234375 0.2234375 0.0265625 0.1515625
0 0.65078125 0.08125 0.03125 0.109375
0 0.15859375 0.88203125 0.040625 0.234375
0 0.125 0.85703125 0.05 0.25625
0 0.28359375 0.17421875 0.0296875 0.1609375
0 0.16796875 0.11796875 0.021875 0.1515625
0 0.2 0.18203125 0.028125 0.1625
0 0.94296875 0.703125 0.034375 0.2
0 0.16328125 0.19296875 0.0265625 0.1578125
0 0.128125 0.19921875 0.0328125 0.146875
0 0.16015625 0.16171875 0.0296875 0.1625
0 0.47265625 0.05390625 0.025 0.1078125
0 0.2171875 0.26796875 0.03125 0.1734375
0 0.25859375 0.196875 0.0328125 0.16875
0 0.90546875 0.37890625 0.040625 0.1859375
0 0.84375 0.3546875 0.0296875 0.178125
0 0.78828125 0.06328125 0.0296875 0.1265625
0 0.9359375 0.278125 0.034375 0.1578125
0 0.88203125 0.08671875 0.028125 0.1515625
0 0.85078125 0.08046875 0.028125 0.159375
0 0.98671875 0.2953125 0.0265625 0.175
0 0.2203125 0.1046875 0.0234375 0.146875
0 0.19609375 0.11015625 0.0296875 0.1359375