0 0.84609375 0.65546875 0.053125 0.21875
0 0.3515625 0.63125 0.04375 0.225
0 0.915625 0.51796875 0.040625 0.1953125
0 0.49765625 0.93203125 0.0421875 0.1359375
0 0.37734375 0.24140625 0.0390625 0.1046875
0 0.3671875 0.32421875 0.0296875 0.1125
0 0.43125 0.20703125 0.0375 0.1578125
0 0.20703125 0.24375 0.034375 0.178125
0 0.4046875 0.14140625 0.028125 0.146875
0 0.39609375 0.10859375 0.028125 0.153125
0 0.65078125 0.08046875 0.03125 0.109375
0 0.29765625 0.18671875 0.0265625 0.1546875
0 0.17421875 0.059375 0.0234375 0.11875
0 0.20546875 0.17890625 0.0296875 0.1578125
0 0.16328125 0.19375 0.025 0.15625
0 0.1328125 0.203125 0.028125 0.1546875
0 0.12109375 0.1796875 0.028125 0.1703125
0 0.1515625 0.1609375 0.0328125 0.15625
0 0.190625 0.14375 0.0265625 0.15
0 0.19765625 0.884375 0.0484375 0.23125
0 0.496875 0.38125 0.0328125 0.1953125
0 0.4546875 0.39140625 0.0359375 0.19375
0 0.64453125 0.75703125 0.04375 0.25
0 0.9296875 0.740625 0.0484375 0.228125
0 0.76953125 0.04296875 0.0296875 0.0859375
0 0.73359375 0.0421875 0.0234375 0.084375
0 0.9484375 0.24296875 0.0359375 0.165625
0 0.88046875 0.20625 0.028125 0.1546875
0 0.78203125 0.2265625 0.0359375 0.146875
0 0.62890625 0.18359375 0.028125 0.1546875
0 0.45 0.03203125 0.025 0.0640625
0 0.2703125 0.1328125 0.0265625 0.1421875
0 0.21953125 0.503125 0.034375 0.2015625
0 0.178125 0.5046875 0.04375 0.184375
0 0.24609375 0.14140625 0.028125 0.1609375
0 0.24296875 0.08046875 0.03125 0.14375
0 0.21171875 0.0609375 0.028125 0.121875
0 0.22890625 0.334375 0.0359375 0.178125
0 0.18125 0.32890625 0.0328125 0.1796875
0 0.2734375 0.31484375 0.034375 0.16875