0 0.84453125 0.68203125 0.05 0.2234375
0 0.253125 0.140625 0.0359375 0.1765625
0 0.40625 0.63125 0.0421875 0.2203125
0 0.91484375 0.51875 0.0421875 0.19375
0 0.53515625 0.928125 0.046875 0.14375
0 0.37734375 0.24140625 0.0390625 0.1046875
0 0.3671875 0.32421875 0.0296875 0.1125
0 0.428125 0.2171875 0.028125 0.159375
0 0.77265625 0.02109375 0.0265625 0.0421875
0 0.53828125 0.0953125 0.028125 0.1484375
0 0.50546875 0.08203125 0.03125 0.15625
0 0.26875 0.1296875 0.021875 0.1515625
0 0.48515625 0.04296875 0.028125 0.0859375
0 0.0703125 0.409375 0.028125 0.1734375
0 0.47734375 0.625 0.0546875 0.21875
0 0.51171875 0.628125 0.0421875 0.196875
0 0.40390625 0.15078125 0.0234375 0.1359375
0 0.38671875 0.16171875 0.03125 0.15625
0 0.3875 0.05390625 0.0265625 0.1078125
0 0.12734375 0.31328125 0.028125 0.1609375
0 0.65078125 0.08125 0.03125 0.109375
0 0.21875 0.7015625 0.0375 0.221875
0 0.17109375 0.68359375 0.0484375 0.2375
0 0.2953125 0.14140625 0.0296875 0.1515625
0 0.2 0.18125 0.028125 0.1640625
0 0.68125 0.56953125 0.0421875 0.1890625
0 0.1625 0.19375 0.028125 0.1578125
0 0.190625 0.16171875 0.0265625 0.1609375
0 0.134375 0.19921875 0.0390625 0.1421875
0 0.45078125 0.06171875 0.025 0.1234375
0 0.23671875 0.1765625 0.028125 0.1609375
0 0.253125 0.309375 0.0421875 0.1859375
0 0.98359375 0.478125 0.0328125 0.178125
0 0.90859375 0.45078125 0.034375 0.1890625
0 0.8046875 0.040625 0.028125 0.08125
0 0.93046875 0.2015625 0.028125 0.1515625
0 0.953125 0.1421875 0.0375 0.1609375
0 0.8859375 0.15 0.0328125 0.159375
0 0.23125 0.059375 0.021875 0.11875
0 0.203125 0.0578125 0.0359375 0.115625