0 0.73359375 0.6359375 0.053125 0.2234375
0 0.23828125 0.34140625 0.0390625 0.2046875
0 0.0734375 0.61953125 0.04375 0.234375
0 0.915625 0.51875 0.040625 0.19375
0 0.56875 0.9234375 0.0390625 0.153125
0 0.353125 0.81953125 0.053125 0.23125
0 0.37734375 0.24140625 0.0390625 0.1046875
0 0.3671875 0.32421875 0.0296875 0.1125
0 0.42890625 0.21796875 0.03125 0.1609375
0 0.7890625 0.13125 0.028125 0.1359375
0 0.7015625 0.234375 0.0265625 0.1453125
0 0.6890625 0.2421875 0.0296875 0.165625
0 0.32890625 0.23671875 0.034375 0.1453125
0 0.4703125 0.27734375 0.0359375 0.1765625
0 0.06875 0.409375 0.025 0.1734375
0 0.07890625 0.3921875 0.0296875 0.1875
0 0.41328125 0.309375 0.0328125 0.171875
0 0.4359375 0.315625 0.03125 0.1640625
0 0.625 0.22734375 0.0265625 0.15
0 0.55625 0.2015625 0.0359375 0.15625
0 0.3796875 0.07265625 0.028125 0.1453125
0 0.10625 0.67578125 0.0390625 0.2
0 0.65078125 0.08125 0.03125 0.109375
0 0.31875 0.3234375 0.0296875 0.178125
0 0.29140625 0.3375 0.028125 0.1890625
0 0.24921875 0.05859375 0.0265625 0.1171875
0 0.209375 0.059375 0.021875 0.11875
0 0.29296875 0.1359375 0.025 0.1546875
0 0.25546875 0.10859375 0.025 0.1484375
0 0.1984375 0.178125 0.028125 0.1625
0 0.26640625 0.25390625 0.0296875 0.15625
0 0.16328125 0.19375 0.028125 0.1578125
0 0.18984375 0.16171875 0.0234375 0.1609375
0 0.12578125 0.19140625 0.0265625 0.153125
0 0.14765625 0.16953125 0.028125 0.171875
0 0.23046875 0.79140625 0.05 0.24375
0 0.796875 0.03203125 0.025 0.0640625