0 0.8 0.6671875 0.04375 0.2265625
0 0.25390625 0.20546875 0.0375 0.1875
0 0.184375 0.65390625 0.0484375 0.2375
0 0.91484375 0.51875 0.040625 0.19375
0 0.50234375 0.91875 0.0375 0.1625
0 0.37734375 0.24140625 0.0390625 0.1046875
0 0.3671875 0.32421875 0.0296875 0.1125
0 0.42890625 0.21796875 0.03125 0.1609375
0 0.77265625 0.07421875 0.028125 0.13125
0 0.56328125 0.1484375 0.028125 0.146875
0 0.53671875 0.15625 0.03125 0.16875
0 0.2765625 0.1703125 0.021875 0.1578125
0 0.5015625 0.1234375 0.03125 0.1546875
0 0.06875 0.409375 0.0265625 0.1734375
0 0.4515625 0.484375 0.0421875 0.196875
0 0.4796875 0.4859375 0.0359375 0.1796875
0 0.4359375 0.16640625 0.0265625 0.14375
0 0.39296875 0.16875 0.021875 0.1546875
0 0.3796875 0.07265625 0.0265625 0.1453125
0 0.1375 0.4359375 0.0296875 0.175
0 0.65078125 0.08125 0.03125 0.109375
0 0.29140625 0.5234375 0.0328125 0.1953125
0 0.2484375 0.51328125 0.034375 0.2140625
0 0.29375 0.13515625 0.0234375 0.1546875
0 0.17734375 0.121875 0.028125 0.15
0 0.2 0.18125 0.0296875 0.1640625
0 0.15859375 0.2 0.028125 0.1578125
0 0.19296875 0.1640625 0.028125 0.1609375
0 0.12578125 0.196875 0.028125 0.1515625
0 0.1328125 0.1796875 0.025 0.1703125
0 0.45859375 0.034375 0.0171875 0.06875
0 0.23125 0.109375 0.0328125 0.1546875
0 0.22734375 0.47421875 0.0421875 0.20625
0 0.978125 0.590625 0.0359375 0.196875
0 0.89765625 0.11953125 0.0296875 0.1421875
0 0.828125 0.04375 0.03125 0.0859375
0 0.196875 0.9046875 0.05 0.190625
0 0.21875 0.86328125 0.0515625 0.253125
0 0.20234375 0.02578125 0.0234375 0.0515625