0 0.81328125 0.67421875 0.04375 0.2265625
0 0.25234375 0.196875 0.0375 0.1859375
0 0.2109375 0.653125 0.053125 0.2296875
0 0.91484375 0.51875 0.040625 0.19375
0 0.50234375 0.9203125 0.0390625 0.159375
0 0.37734375 0.24140625 0.0390625 0.1046875
0 0.3671875 0.32421875 0.0296875 0.1125
0 0.42890625 0.21796875 0.03125 0.1609375
0 0.7703125 0.0625 0.028125 0.125
0 0.55703125 0.14375 0.0265625 0.1484375
0 0.53046875 0.14921875 0.03125 0.16875
0 0.2796875 0.16875 0.0203125 0.1546875
0 0.49921875 0.1125 0.0328125 0.159375
0 0.06875 0.409375 0.0265625 0.1734375
0 0.453125 0.50078125 0.040625 0.196875
0 0.484375 0.5015625 0.0375 0.1859375
0 0.421875 0.16171875 0.0234375 0.1421875
0 0.38984375 0.16796875 0.0265625 0.15625
0 0.38203125 0.07578125 0.0265625 0.1421875
0 0.1375 0.42265625 0.0296875 0.1765625
0 0.65078125 0.08125 0.03125 0.109375
0 0.28359375 0.54609375 0.034375 0.2015625
0 0.2390625 0.534375 0.0421875 0.215625
0 0.29375 0.13515625 0.0234375 0.1546875
0 0.17734375 0.121875 0.028125 0.15
0 0.2015625 0.18046875 0.0296875 0.165625
0 0.4953125 0.44375 0.0359375 0.171875
0 0.16015625 0.2 0.028125 0.1578125
0 0.1234375 0.2 0.028125 0.1515625
0 0.153125 0.16015625 0.0296875 0.146875
0 0.45703125 0.0390625 0.021875 0.078125
0 0.23203125 0.1203125 0.028125 0.15625
0 0.22890625 0.453125 0.04375 0.2015625
0 0.971875 0.571875 0.0359375 0.1953125
0 0.90859375 0.1265625 0.03125 0.14375
0 0.83828125 0.05390625 0.0359375 0.1078125
0 0.215625 0.92265625 0.053125 0.1546875
0 0.23203125 0.88515625 0.0421875 0.2296875
0 0.2265625 0.02890625 0.021875 0.0578125
0 0.20390625 0.028125 0.021875 0.05625