0 0.84453125 0.65390625 0.05 0.215625
0 0.32109375 0.6140625 0.0421875 0.2265625
0 0.91328125 0.51796875 0.0484375 0.19375
0 0.528125 0.93671875 0.0390625 0.1265625
0 0.37734375 0.24140625 0.0390625 0.1046875
0 0.3671875 0.32421875 0.0296875 0.1125
0 0.4328125 0.2125 0.034375 0.15625
0 0.5140625 0.02578125 0.0265625 0.0515625
0 0.3328125 0.12578125 0.0203125 0.13125
0 0.1421875 0.32109375 0.03125 0.171875
0 0.10703125 0.3125 0.0359375 0.184375
0 0.60234375 0.91640625 0.059375 0.1671875
0 0.6390625 0.921875 0.05 0.15625
0 0.403125 0.14453125 0.021875 0.140625
0 0.41875 0.125 0.028125 0.1578125
0 0.26875 0.15390625 0.0234375 0.1453125
0 0.65078125 0.08125 0.03125 0.109375
0 0.1515625 0.97421875 0.04375 0.0515625
0 0.19140625 0.94453125 0.053125 0.1109375
0 0.303125 0.18359375 0.0265625 0.1640625
0 0.16015625 0.0765625 0.0296875 0.146875
0 0.2 0.18203125 0.025 0.159375
0 0.1625 0.1921875 0.025 0.15625
0 0.1296875 0.1984375 0.028125 0.1484375
0 0.15390625 0.165625 0.0296875 0.1609375
0 0.4671875 0.03984375 0.0265625 0.0796875
0 0.20234375 0.35546875 0.034375 0.184375
0 0.2671875 0.10859375 0.03125 0.1609375
0 0.83671875 0.97578125 0.0375 0.0484375
0 0.8671875 0.28671875 0.0390625 0.175
0 0.81875 0.2703125 0.0265625 0.165625
0 0.7859375 0.06953125 0.03125 0.13125
0 0.99375 0.35703125 0.0125 0.1640625
0 0.84921875 0.04453125 0.028125 0.0890625
0 0.24140625 0.15 0.0234375 0.15625
0 0.221875 0.16015625 0.0265625 0.140625
0 0.23359375 0.05546875 0.03125 0.1109375
0 0.196875 0.05078125 0.0265625 0.1015625