0 0.73515625 0.63671875 0.0546875 0.2234375
0 0.22890625 0.43046875 0.04375 0.215625
0 0.07421875 0.62265625 0.04375 0.23125
0 0.915625 0.51875 0.0390625 0.19375
0 0.64609375 0.9515625 0.0421875 0.096875
0 0.35390625 0.81953125 0.053125 0.23125
0 0.37734375 0.24140625 0.0390625 0.1046875
0 0.3671875 0.32421875 0.0296875 0.1125
0 0.42890625 0.21796875 0.03125 0.1609375
0 0.984375 0.34765625 0.03125 0.1765625
0 0.78828125 0.13125 0.028125 0.1359375
0 0.81953125 0.28125 0.0265625 0.1609375
0 0.78359375 0.2859375 0.03125 0.18125
0 0.4671875 0.26328125 0.034375 0.159375
0 0.540625 0.2421875 0.0390625 0.1625
0 0.096875 0.421875 0.03125 0.175
0 0.46015625 0.22890625 0.03125 0.16875
0 0.48125 0.234375 0.028125 0.153125
0 0.72421875 0.27421875 0.0203125 0.1546875
0 0.69765625 0.23984375 0.028125 0.1546875
0 0.3796875 0.07265625 0.028125 0.1453125
0 0.2953125 0.040625 0.01875 0.08125
0 0.0203125 0.82109375 0.034375 0.21875
0 0.65078125 0.07890625 0.03125 0.10625
0 0.2765625 0.25703125 0.04375 0.18125
0 0.24140625 0.1078125 0.0265625 0.146875
0 0.215625 0.11875 0.0265625 0.15
0 0.2921875 0.1359375 0.0234375 0.1546875
0 0.2671875 0.11171875 0.028125 0.1484375
0 0.1984375 0.178125 0.028125 0.1640625
0 0.24140625 0.165625 0.028125 0.1421875
0 0.1609375 0.19140625 0.028125 0.1578125
0 0.12265625 0.19375 0.025 0.1515625
0 0.14453125 0.16875 0.025 0.1703125
0 0.2265625 0.940625 0.053125 0.11875