0 0.84453125 0.65390625 0.05 0.215625
0 0.30625 0.60859375 0.04375 0.2234375
0 0.9140625 0.51796875 0.0484375 0.19375
0 0.5203125 0.934375 0.0390625 0.13125
0 0.37734375 0.24140625 0.0390625 0.1046875
0 0.3671875 0.32421875 0.0296875 0.1125
0 0.4328125 0.2125 0.034375 0.15625
0 0.5125 0.0234375 0.0265625 0.046875
0 0.33359375 0.12578125 0.0203125 0.13125
0 0.14453125 0.315625 0.03125 0.1703125
0 0.1125 0.31015625 0.0390625 0.1859375
0 0.6046875 0.9234375 0.0546875 0.153125
0 0.63984375 0.9296875 0.0484375 0.140625
0 0.40234375 0.14453125 0.021875 0.140625
0 0.4140625 0.1234375 0.028125 0.1609375
0 0.2703125 0.14921875 0.0234375 0.1453125
0 0.65078125 0.08125 0.03125 0.109375
0 0.19375 0.95390625 0.053125 0.0921875
0 0.3015625 0.1828125 0.0296875 0.1640625
0 0.15703125 0.0734375 0.0296875 0.1453125
0 0.2 0.18203125 0.025 0.159375
0 0.1625 0.1921875 0.025 0.15625
0 0.13203125 0.19765625 0.0265625 0.146875
0 0.15078125 0.165625 0.0296875 0.1625
0 0.4671875 0.0390625 0.0265625 0.078125
0 0.1984375 0.36640625 0.0328125 0.1875
0 0.26640625 0.1015625 0.03125 0.1609375
0 0.821875 0.96171875 0.046875 0.0765625
0 0.7765625 0.97265625 0.040625 0.0546875
0 0.86484375 0.278125 0.040625 0.175
0 0.81328125 0.2625 0.0296875 0.165625
0 0.7859375 0.06953125 0.03125 0.13125
0 0.8421875 0.04296875 0.028125 0.0859375
0 0.2453125 0.15546875 0.0234375 0.15625
0 0.2265625 0.16484375 0.025 0.140625
0 0.23359375 0.05859375 0.03125 0.1171875
0 0.196875 0.0546875 0.0265625 0.109375
0 0.646875 0.05625 0.034375 0.1125