0 0.7359375 0.63671875 0.0546875 0.2234375
0 0.221875 0.4609375 0.0453125 0.21875
0 0.07421875 0.6234375 0.04375 0.23125
0 0.91640625 0.51953125 0.0390625 0.19375
0 0.62265625 0.9515625 0.040625 0.096875
0 0.35390625 0.81953125 0.053125 0.23125
0 0.37734375 0.24140625 0.0390625 0.1046875
0 0.3671875 0.32421875 0.0296875 0.1125
0 0.42890625 0.21796875 0.03125 0.1609375
0 0.965625 0.30625 0.0328125 0.1734375
0 0.7875 0.13125 0.028125 0.1359375
0 0.84765625 0.30625 0.0296875 0.16875
0 0.80546875 0.30546875 0.03125 0.178125
0 0.53515625 0.265625 0.0375 0.1640625
0 0.5484375 0.21875 0.0359375 0.1609375
0 0.11875 0.43828125 0.0328125 0.18125
0 0.128125 0.415625 0.0328125 0.1953125
0 0.46953125 0.2109375 0.028125 0.165625
0 0.4890625 0.21171875 0.0265625 0.1484375
0 0.5515625 0.0265625 0.025 0.053125
0 0.53359375 0.02578125 0.0234375 0.0515625
0 0.74921875 0.29296875 0.0265625 0.15625
0 0.728125 0.2515625 0.025 0.15625
0 0.3796875 0.07265625 0.028125 0.1453125
0 0.0140625 0.878125 0.028125 0.221875
0 0.64609375 0.0828125 0.0375 0.10625
0 0.278125 0.23359375 0.046875 0.171875
0 0.25 0.13359375 0.025 0.1546875
0 0.22890625 0.14296875 0.028125 0.153125
0 0.2921875 0.1359375 0.0234375 0.1546875
0 0.2671875 0.11171875 0.0265625 0.1484375
0 0.1984375 0.17890625 0.028125 0.165625
0 0.16171875 0.19140625 0.028125 0.1578125
0 0.1875 0.159375 0.0265625 0.1609375
0 0.12421875 0.19375 0.025 0.1515625
0 0.1453125 0.16953125 0.028125 0.165625
0 0.2203125 0.97734375 0.04375 0.0453125