0 0.8234375 0.6765625 0.0390625 0.228125
0 0.25 0.1203125 0.0359375 0.171875
0 0.4421875 0.6546875 0.04375 0.2296875
0 0.9109375 0.51875 0.0484375 0.19375
0 0.5546875 0.925 0.046875 0.15
0 0.37734375 0.24140625 0.0390625 0.1046875
0 0.3671875 0.32421875 0.0296875 0.1125
0 0.43046875 0.21640625 0.0234375 0.1578125
0 0.53828125 0.071875 0.0265625 0.14375
0 0.5015625 0.06796875 0.03125 0.1359375
0 0.0734375 0.4109375 0.028125 0.1734375
0 0.49375 0.678125 0.0578125 0.228125
0 0.5328125 0.68359375 0.0484375 0.2046875
0 0.40546875 0.1515625 0.028125 0.1296875
0 0.384375 0.16015625 0.0234375 0.15625
0 0.3953125 0.034375 0.025 0.06875
0 0.1546875 0.27578125 0.0265625 0.159375
0 0.65078125 0.08125 0.03125 0.109375
0 0.19375 0.765625 0.0375 0.2296875
0 0.15234375 0.74453125 0.053125 0.2421875
0 0.2859375 0.15078125 0.028125 0.15625
0 0.18359375 0.1265625 0.0296875 0.15
0 0.2 0.18125 0.028125 0.1640625
0 0.778125 0.6078125 0.04375 0.1921875
0 0.1625 0.19375 0.028125 0.1578125
0 0.1296875 0.19921875 0.0328125 0.146875
0 0.46796875 0.0609375 0.028125 0.121875
0 0.2375 0.20390625 0.0296875 0.159375
0 0.25078125 0.26796875 0.034375 0.1765625
0 0.96953125 0.44765625 0.040625 0.1953125
0 0.87734375 0.41875 0.0328125 0.184375
0 0.7984375 0.05 0.0296875 0.1
0 0.91875 0.23203125 0.0296875 0.1546875
0 0.91953125 0.13359375 0.028125 0.1546875
0 0.89140625 0.1328125 0.0375 0.1625
0 0.9203125 0.19375 0.0390625 0.1578125
0 0.22734375 0.06953125 0.0203125 0.1390625
0 0.20078125 0.06875 0.03125 0.1265625