0 0.84609375 0.65390625 0.053125 0.215625
0 0.3578125 0.646875 0.040625 0.23125
0 0.915625 0.51640625 0.040625 0.1953125
0 0.475 0.934375 0.0453125 0.13125
0 0.37734375 0.24140625 0.0390625 0.1046875
0 0.3671875 0.32421875 0.0296875 0.1125
0 0.434375 0.2078125 0.040625 0.1609375
0 0.19453125 0.23515625 0.025 0.1546875
0 0.17265625 0.23828125 0.0375 0.1765625
0 0.40546875 0.140625 0.028125 0.146875
0 0.39765625 0.115625 0.0296875 0.15625
0 0.65078125 0.08046875 0.03125 0.109375
0 0.30546875 0.1875 0.03125 0.159375
0 0.17421875 0.05859375 0.0234375 0.1171875
0 0.19921875 0.1765625 0.025 0.159375
0 0.1625 0.19140625 0.025 0.15625
0 0.13671875 0.1984375 0.028125 0.1546875
0 0.12578125 0.1796875 0.025 0.16875
0 0.46640625 0.0234375 0.0265625 0.046875
0 0.16015625 0.67109375 0.0421875 0.221875
0 0.5421875 0.56875 0.040625 0.215625
0 0.49921875 0.58515625 0.0359375 0.2171875
0 0.75234375 0.978125 0.0390625 0.04375
0 0.8 0.0875 0.0359375 0.15
0 0.7484375 0.09375 0.0265625 0.1453125
0 0.88203125 0.10234375 0.0265625 0.1453125
0 0.828125 0.0734375 0.025 0.134375
0 0.78046875 0.1296875 0.03125 0.1390625
0 0.57265625 0.05390625 0.0296875 0.1078125
0 0.39140625 0.03203125 0.0234375 0.0640625
0 0.26640625 0.0515625 0.0234375 0.103125
0 0.23984375 0.353125 0.028125 0.184375
0 0.1984375 0.35390625 0.040625 0.165625
0 0.23203125 0.0265625 0.0234375 0.053125
0 0.1453125 0.05546875 0.028125 0.1109375
0 0.2609375 0.21640625 0.03125 0.165625
0 0.23125 0.20703125 0.0328125 0.1578125
0 0.4109375 0.03046875 0.0234375 0.0609375