0 0.8515625 0.68359375 0.053125 0.225
0 0.2578125 0.1484375 0.0359375 0.1765625
0 0.390625 0.625 0.0484375 0.21875
0 0.91484375 0.51875 0.0421875 0.19375
0 0.53046875 0.92734375 0.046875 0.1453125
0 0.37734375 0.24140625 0.0390625 0.1046875
0 0.3671875 0.32421875 0.0296875 0.1125
0 0.428125 0.21796875 0.0296875 0.159375
0 0.77265625 0.0296875 0.0265625 0.059375
0 0.53671875 0.10390625 0.028125 0.1484375
0 0.5078125 0.09140625 0.03125 0.1578125
0 0.48984375 0.0515625 0.03125 0.103125
0 0.06953125 0.409375 0.0265625 0.1734375
0 0.47265625 0.6046875 0.0546875 0.21875
0 0.50546875 0.60625 0.0421875 0.2
0 0.40546875 0.15859375 0.0296875 0.11875
0 0.3859375 0.1625 0.0328125 0.1546875
0 0.38671875 0.0609375 0.0265625 0.121875
0 0.1203125 0.33359375 0.028125 0.1640625
0 0.65078125 0.08125 0.03125 0.109375
0 0.23125 0.67578125 0.040625 0.2203125
0 0.17578125 0.65859375 0.0421875 0.234375
0 0.3015625 0.1390625 0.0296875 0.1515625
0 0.2 0.18046875 0.028125 0.1625
0 0.64765625 0.546875 0.028125 0.1890625
0 0.1625 0.19453125 0.028125 0.1578125
0 0.19140625 0.16171875 0.0265625 0.1609375
0 0.13203125 0.203125 0.0359375 0.1421875
0 0.44609375 0.05859375 0.028125 0.1171875
0 0.234375 0.16171875 0.0265625 0.1609375
0 0.2578125 0.33359375 0.0390625 0.1859375
0 0.9890625 0.49296875 0.021875 0.178125
0 0.92109375 0.46875 0.034375 0.190625
0 0.9375 0.19140625 0.03125 0.1546875
0 0.94609375 0.13984375 0.0359375 0.1546875
0 0.98203125 0.14296875 0.0359375 0.1578125
0 0.878125 0.13125 0.0359375 0.15625
0 0.23203125 0.05078125 0.021875 0.1015625
0 0.203125 0.053125 0.034375 0.10625