0 0.84296875 0.65078125 0.046875 0.2203125
0 0.25625 0.06171875 0.03125 0.1234375
0 0.38828125 0.64296875 0.0390625 0.2265625
0 0.91484375 0.51953125 0.0421875 0.19375
0 0.54375 0.92734375 0.0390625 0.1453125
0 0.37734375 0.24140625 0.0390625 0.1046875
0 0.3671875 0.32421875 0.0296875 0.1125
0 0.4328125 0.21171875 0.03125 0.1578125
0 0.52109375 0.03671875 0.0265625 0.0734375
0 0.49375 0.03828125 0.028125 0.0765625
0 0.3328125 0.1265625 0.021875 0.1328125
0 0.128125 0.34375 0.0328125 0.171875
0 0.0953125 0.33046875 0.03125 0.190625
0 0.57734375 0.884375 0.0671875 0.23125
0 0.6140625 0.88671875 0.0515625 0.2265625
0 0.403125 0.14453125 0.021875 0.140625
0 0.440625 0.13515625 0.0265625 0.1515625
0 0.2515625 0.17890625 0.025 0.146875
0 0.65078125 0.08125 0.03125 0.109375
0 0.15 0.93671875 0.04375 0.1265625
0 0.178125 0.90546875 0.053125 0.1890625
0 0.303125 0.18359375 0.025 0.1609375
0 0.17109375 0.09296875 0.0296875 0.1484375
0 0.2 0.18203125 0.028125 0.1609375
0 0.1625 0.1921875 0.025 0.15625
0 0.125 0.2 0.025 0.1484375
0 0.4671875 0.046875 0.025 0.09375
0 0.21328125 0.321875 0.034375 0.178125
0 0.26015625 0.1453125 0.03125 0.165625
0 0.878125 0.31875 0.040625 0.184375
0 0.82734375 0.30390625 0.03125 0.1703125
0 0.7859375 0.06953125 0.03125 0.13125
0 0.97734375 0.325 0.034375 0.165625
0 0.87109375 0.06015625 0.028125 0.1203125
0 0.8265625 0.05859375 0.028125 0.1171875
0 0.23203125 0.13203125 0.0234375 0.1546875
0 0.2078125 0.13984375 0.028125 0.1390625
0 0.203125 0.04140625 0.0265625 0.0828125