0 0.84609375 0.6546875 0.053125 0.215625
0 0.359375 0.640625 0.0375 0.225
0 0.915625 0.51796875 0.040625 0.1953125
0 0.50078125 0.93125 0.0421875 0.1375
0 0.37734375 0.24140625 0.0390625 0.1046875
0 0.3671875 0.32421875 0.0296875 0.1125
0 0.43125 0.20703125 0.0375 0.1578125
0 0.1921875 0.24140625 0.0328125 0.1765625
0 0.4046875 0.140625 0.0296875 0.146875
0 0.39765625 0.11171875 0.028125 0.1546875
0 0.65078125 0.08046875 0.03125 0.109375
0 0.29921875 0.1859375 0.0234375 0.15625
0 0.17421875 0.059375 0.0234375 0.11875
0 0.203125 0.1796875 0.0296875 0.1578125
0 0.16328125 0.19296875 0.025 0.1546875
0 0.1328125 0.203125 0.028125 0.153125
0 0.1234375 0.178125 0.028125 0.1703125
0 0.153125 0.1609375 0.0296875 0.1578125
0 0.19609375 0.87265625 0.0453125 0.246875
0 0.5 0.3984375 0.034375 0.1984375
0 0.45625 0.40546875 0.0328125 0.19375
0 0.6515625 0.77578125 0.046875 0.25
0 0.93046875 0.74140625 0.05 0.2296875
0 0.771875 0.0453125 0.034375 0.090625
0 0.7375 0.04453125 0.021875 0.0890625
0 0.94140625 0.23359375 0.0359375 0.1671875
0 0.875 0.196875 0.0296875 0.15625
0 0.7828125 0.21796875 0.0328125 0.15
0 0.6203125 0.17421875 0.03125 0.1546875
0 0.44765625 0.03046875 0.025 0.0609375
0 0.415625 0.02734375 0.025 0.0546875
0 0.39140625 0.0375 0.028125 0.075
0 0.26640625 0.12734375 0.028125 0.1421875
0 0.21953125 0.4890625 0.034375 0.1984375
0 0.18125 0.49140625 0.04375 0.1828125
0 0.24609375 0.14296875 0.028125 0.1625
0 0.23984375 0.07265625 0.03125 0.1453125
0 0.21171875 0.05859375 0.028125 0.1171875
0 0.12421875 0.059375 0.021875 0.11875
0 0.2328125 0.32265625 0.0359375 0.1765625
0 0.1859375 0.3234375 0.0328125 0.1765625
0 0.271875 0.3078125 0.0328125 0.16875