0 0.84609375 0.65 0.0359375 0.215625
0 0.25 0.07421875 0.034375 0.1484375
0 0.43203125 0.66953125 0.0421875 0.2359375
0 0.91484375 0.51875 0.0421875 0.1953125
0 0.55703125 0.93203125 0.04375 0.1359375
0 0.37734375 0.24140625 0.0390625 0.1046875
0 0.3671875 0.32421875 0.0296875 0.1125
0 0.42265625 0.21328125 0.034375 0.15625
0 0.52890625 0.0484375 0.028125 0.096875
0 0.496875 0.04609375 0.0296875 0.0921875
0 0.32109375 0.12734375 0.01875 0.1359375
0 0.1078125 0.371875 0.034375 0.1765625
0 0.07890625 0.35078125 0.028125 0.1953125
0 0.54375 0.815625 0.065625 0.2390625
0 0.57421875 0.8234375 0.04375 0.225
0 0.40390625 0.146875 0.0234375 0.1390625
0 0.4203125 0.15078125 0.028125 0.15625
0 0.21796875 0.21640625 0.028125 0.1515625
0 0.65078125 0.08125 0.03125 0.109375
0 0.1546875 0.8953125 0.040625 0.209375
0 0.128125 0.875 0.05 0.25
0 0.28671875 0.1796875 0.03125 0.159375
0 0.2 0.18203125 0.028125 0.1609375
0 0.96640625 0.728125 0.0453125 0.2
0 0.16328125 0.19296875 0.025 0.1578125
0 0.128125 0.19921875 0.03125 0.146875
0 0.4703125 0.05078125 0.0265625 0.1015625
0 0.21640625 0.27890625 0.03125 0.1765625
0 0.253125 0.18046875 0.034375 0.16875
0 0.89296875 0.3609375 0.040625 0.184375
0 0.8375 0.3390625 0.0296875 0.171875
0 0.7890625 0.065625 0.0296875 0.13125
0 0.94296875 0.29140625 0.0359375 0.1625
0 0.8765625 0.0734375 0.0265625 0.146875
0 0.8453125 0.071875 0.028125 0.14375
0 0.9921875 0.31796875 0.015625 0.178125
0 0.2234375 0.11328125 0.025 0.1515625