0 0.73515625 0.63671875 0.0546875 0.2234375
0 0.2296875 0.42734375 0.04375 0.2140625
0 0.07421875 0.62265625 0.04375 0.23125
0 0.915625 0.51875 0.0390625 0.19375
0 0.64609375 0.94921875 0.04375 0.1015625
0 0.35390625 0.81953125 0.053125 0.23125
0 0.37734375 0.24140625 0.0390625 0.1046875
0 0.3671875 0.32421875 0.0296875 0.1125
0 0.42890625 0.21796875 0.03125 0.1609375
0 0.9859375 0.35234375 0.028125 0.1765625
0 0.78828125 0.13125 0.028125 0.1359375
0 0.81640625 0.28125 0.0265625 0.1625
0 0.78125 0.28203125 0.03125 0.1796875
0 0.46171875 0.26171875 0.040625 0.159375
0 0.5390625 0.2453125 0.0390625 0.1609375
0 0.09375 0.42109375 0.0296875 0.175
0 0.48046875 0.2375 0.028125 0.1546875
0 0.721875 0.27265625 0.0203125 0.1546875
0 0.69453125 0.240625 0.03125 0.153125
0 0.3796875 0.07265625 0.028125 0.1453125
0 0.2953125 0.040625 0.01875 0.08125
0 0.02109375 0.81328125 0.034375 0.215625
0 0.65078125 0.07890625 0.03125 0.10625
0 0.275 0.25859375 0.0421875 0.1796875
0 0.240625 0.10546875 0.0265625 0.146875
0 0.2140625 0.11640625 0.0265625 0.1515625
0 0.2921875 0.1359375 0.0234375 0.1546875
0 0.2671875 0.11171875 0.028125 0.1484375
0 0.1984375 0.178125 0.028125 0.1640625
0 0.24453125 0.1671875 0.028125 0.1421875
0 0.16171875 0.19140625 0.028125 0.1578125
0 0.18984375 0.1609375 0.021875 0.159375
0 0.12265625 0.19453125 0.025 0.1515625
0 0.14453125 0.16875 0.025 0.1703125
0 0.228125 0.9375 0.053125 0.125