0 0.84453125 0.65390625 0.05 0.215625
0 0.23984375 0.60390625 0.040625 0.2296875
0 0.91640625 0.51796875 0.053125 0.19375
0 0.4703125 0.92890625 0.0390625 0.1421875
0 0.37734375 0.24140625 0.0390625 0.1046875
0 0.3671875 0.32421875 0.0296875 0.1125
0 0.4328125 0.21328125 0.0328125 0.1578125
0 0.15859375 0.2921875 0.0296875 0.165625
0 0.13203125 0.2890625 0.0296875 0.18125
0 0.59375 0.965625 0.053125 0.06875
0 0.63828125 0.96953125 0.05 0.0609375
0 0.40234375 0.14453125 0.025 0.1421875
0 0.2625 0.1125 0.0234375 0.134375
0 0.65078125 0.08125 0.03125 0.109375
0 0.30390625 0.18359375 0.0265625 0.1640625
0 0.16484375 0.0640625 0.0265625 0.128125
0 0.19921875 0.18203125 0.025 0.159375
0 0.1625 0.19296875 0.025 0.15625
0 0.12890625 0.1984375 0.028125 0.1484375
0 0.15078125 0.1671875 0.0296875 0.1625
0 0.47265625 0.0328125 0.0265625 0.065625
0 0.18359375 0.41171875 0.0359375 0.19375
0 0.25546875 0.06875 0.0265625 0.1375
0 0.76015625 0.91015625 0.0546875 0.1796875
0 0.71484375 0.91796875 0.04375 0.1640625
0 0.8625 0.234375 0.0390625 0.16875
0 0.7921875 0.23203125 0.028125 0.159375
0 0.7859375 0.0703125 0.03125 0.13125
0 0.26015625 0.1859375 0.0234375 0.1640625
0 0.234375 0.1859375 0.0359375 0.1453125
0 0.22578125 0.07265625 0.028125 0.1453125
0 0.196875 0.0703125 0.0265625 0.140625
0 0.84375 0.015625 0.01875 0.03125
0 0.60390625 0.04921875 0.034375 0.0984375