0 0.84453125 0.65390625 0.05 0.215625
0 0.2921875 0.60859375 0.0609375 0.221875
0 0.9140625 0.51796875 0.05 0.19375
0 0.51171875 0.9296875 0.0390625 0.140625
0 0.37734375 0.24140625 0.0390625 0.1046875
0 0.3671875 0.32421875 0.0296875 0.1125
0 0.4328125 0.2125 0.034375 0.15625
0 0.5109375 0.0234375 0.0265625 0.046875
0 0.33359375 0.12578125 0.0203125 0.13125
0 0.146875 0.3140625 0.03125 0.1703125
0 0.11796875 0.30546875 0.034375 0.1875
0 0.60546875 0.928125 0.053125 0.14375
0 0.63984375 0.93515625 0.0453125 0.1296875
0 0.40234375 0.14453125 0.0234375 0.140625
0 0.4109375 0.1234375 0.0265625 0.159375
0 0.2703125 0.14375 0.0234375 0.1453125
0 0.65078125 0.08125 0.03125 0.109375
0 0.19453125 0.9609375 0.053125 0.078125
0 0.3 0.1828125 0.03125 0.1640625
0 0.1546875 0.07109375 0.03125 0.1421875
0 0.2 0.18203125 0.025 0.159375
0 0.1625 0.1921875 0.025 0.15625
0 0.13359375 0.19765625 0.021875 0.146875
0 0.14921875 0.165625 0.0296875 0.1625
0 0.46875 0.0390625 0.0265625 0.078125
0 0.1953125 0.3703125 0.034375 0.190625
0 0.2640625 0.096875 0.03125 0.1609375
0 0.81328125 0.95390625 0.046875 0.0921875
0 0.7703125 0.96484375 0.040625 0.0703125
0 0.865625 0.271875 0.0375 0.175
0 0.80703125 0.25703125 0.034375 0.165625
0 0.7859375 0.0703125 0.03125 0.13125
0 0.8359375 0.0421875 0.028125 0.084375
0 0.2484375 0.1609375 0.0234375 0.1609375
0 0.22890625 0.16796875 0.025 0.1421875
0 0.23359375 0.05859375 0.0296875 0.1171875
0 0.196875 0.05546875 0.028125 0.1109375