0 0.846875 0.64921875 0.0390625 0.21875
0 0.253125 0.065625 0.03125 0.13125
0 0.4015625 0.66015625 0.0453125 0.2296875
0 0.915625 0.51796875 0.0421875 0.1953125
0 0.54765625 0.9296875 0.04375 0.140625
0 0.37734375 0.24140625 0.0390625 0.1046875
0 0.3671875 0.32421875 0.0296875 0.1125
0 0.428125 0.21328125 0.0359375 0.15625
0 0.525 0.03984375 0.0265625 0.0796875
0 0.4953125 0.03984375 0.028125 0.0796875
0 0.33125 0.1265625 0.021875 0.134375
0 0.12109375 0.3546875 0.0328125 0.175
0 0.08984375 0.3375 0.03125 0.1890625
0 0.56328125 0.865625 0.065625 0.246875
0 0.6 0.86796875 0.05 0.225
0 0.40390625 0.14375 0.021875 0.140625
0 0.43828125 0.14140625 0.0296875 0.1546875
0 0.2421875 0.1953125 0.0265625 0.146875
0 0.65078125 0.08125 0.03125 0.109375
0 0.14921875 0.9203125 0.0421875 0.159375
0 0.1671875 0.8921875 0.053125 0.215625
0 0.296875 0.1859375 0.0265625 0.1546875
0 0.17265625 0.10078125 0.028125 0.15
0 0.2 0.18203125 0.028125 0.1609375
0 0.1625 0.1921875 0.025 0.15625
0 0.1265625 0.19921875 0.0265625 0.146875
0 0.46640625 0.04921875 0.0265625 0.0984375
0 0.2125 0.30390625 0.034375 0.178125
0 0.25703125 0.15546875 0.03125 0.1640625
0 0.884375 0.3390625 0.034375 0.1859375
0 0.82890625 0.31796875 0.0296875 0.1703125
0 0.78671875 0.06953125 0.03125 0.13125
0 0.9671875 0.3125 0.0375 0.1640625
0 0.87421875 0.0640625 0.0265625 0.128125
0 0.83359375 0.06171875 0.028125 0.1234375
0 0.2296875 0.128125 0.0234375 0.15625
0 0.20546875 0.13828125 0.028125 0.1390625
0 0.20703125 0.0359375 0.0265625 0.071875