0 0.8453125 0.65390625 0.0515625 0.215625
0 0.359375 0.6484375 0.0390625 0.2328125
0 0.915625 0.51640625 0.040625 0.1953125
0 0.47109375 0.93515625 0.0421875 0.1296875
0 0.37734375 0.24140625 0.0390625 0.1046875
0 0.3671875 0.32421875 0.0296875 0.1125
0 0.43203125 0.2078125 0.040625 0.1609375
0 0.19375 0.2359375 0.025 0.15625
0 0.171875 0.23828125 0.0359375 0.1765625
0 0.40546875 0.1375 0.028125 0.146875
0 0.3984375 0.115625 0.0296875 0.15625
0 0.253125 0.02734375 0.0234375 0.0546875
0 0.65078125 0.08046875 0.03125 0.109375
0 0.30546875 0.1875 0.03125 0.159375
0 0.17421875 0.05859375 0.0234375 0.1171875
0 0.19921875 0.178125 0.025 0.159375
0 0.1625 0.19140625 0.025 0.15625
0 0.1375 0.1984375 0.025 0.1546875
0 0.125 0.18046875 0.025 0.16875
0 0.46640625 0.0234375 0.0265625 0.046875
0 0.15859375 0.65625 0.040625 0.2203125
0 0.55078125 0.58984375 0.0375 0.21875
0 0.50625 0.6078125 0.0359375 0.2203125
0 0.80546875 0.09609375 0.03125 0.15
0 0.75078125 0.10078125 0.028125 0.14375
0 0.8734375 0.09140625 0.0296875 0.1453125
0 0.82421875 0.065625 0.025 0.13125
0 0.7796875 0.1234375 0.03125 0.1390625
0 0.5703125 0.0484375 0.0296875 0.096875
0 0.390625 0.03203125 0.021875 0.0640625
0 0.271875 0.0453125 0.0265625 0.090625
0 0.23984375 0.34296875 0.028125 0.184375
0 0.20390625 0.34453125 0.040625 0.1671875
0 0.1453125 0.05546875 0.028125 0.1109375
0 0.26171875 0.20625 0.03125 0.165625
0 0.23125 0.20234375 0.0296875 0.159375
0 0.41015625 0.03046875 0.0234375 0.0609375