0 0.84609375 0.65546875 0.053125 0.21875
0 0.33203125 0.61953125 0.0515625 0.2203125
0 0.915625 0.51875 0.040625 0.1953125
0 0.4890625 0.93828125 0.0421875 0.1234375
0 0.37734375 0.24140625 0.0390625 0.1046875
0 0.3671875 0.32421875 0.0296875 0.1125
0 0.43125 0.20703125 0.0375 0.1578125
0 0.21015625 0.23359375 0.0265625 0.153125
0 0.23828125 0.2421875 0.03125 0.1796875
0 0.4046875 0.14140625 0.0265625 0.1484375
0 0.39609375 0.10859375 0.028125 0.153125
0 0.65078125 0.08046875 0.03125 0.109375
0 0.2953125 0.1875 0.03125 0.1546875
0 0.17265625 0.059375 0.0203125 0.11875
0 0.21171875 0.17734375 0.0296875 0.1609375
0 0.16328125 0.19375 0.025 0.1546875
0 0.1984375 0.15859375 0.0234375 0.1609375
0 0.13359375 0.20546875 0.0265625 0.15
0 0.11640625 0.18125 0.025 0.1703125
0 0.1515625 0.1609375 0.0328125 0.15625
0 0.18984375 0.1453125 0.025 0.15
0 0.20390625 0.91015625 0.0515625 0.1796875
0 0.49921875 0.35078125 0.0359375 0.1921875
0 0.45546875 0.359375 0.0328125 0.184375
0 0.6265625 0.69921875 0.0484375 0.24375
0 0.9296875 0.74140625 0.0484375 0.228125
0 0.75859375 0.034375 0.0296875 0.06875
0 0.7203125 0.03359375 0.0234375 0.0671875
0 0.96328125 0.275 0.03125 0.1734375
0 0.8921875 0.234375 0.0296875 0.1625
0 0.78203125 0.24609375 0.0328125 0.146875
0 0.65078125 0.215625 0.03125 0.1546875
0 0.45703125 0.0359375 0.0265625 0.071875
0 0.40703125 0.0390625 0.0265625 0.078125
0 0.27734375 0.15546875 0.028125 0.140625
0 0.2140625 0.53828125 0.0328125 0.2109375
0 0.1765625 0.540625 0.0453125 0.1859375
0 0.2421875 0.14140625 0.0328125 0.159375
0 0.2546875 0.10546875 0.03125 0.1515625
0 0.2125 0.06953125 0.0296875 0.1390625
0 0.221875 0.3546875 0.0390625 0.1796875
0 0.175 0.3578125 0.0328125 0.18125
0 0.2765625 0.34453125 0.034375 0.1703125