0 0.81875 0.67421875 0.0375 0.2296875
0 0.25078125 0.1140625 0.0359375 0.1703125
0 0.44765625 0.66171875 0.0515625 0.234375
0 0.9078125 0.51875 0.05625 0.19375
0 0.55625 0.92578125 0.046875 0.1484375
0 0.37734375 0.24140625 0.0390625 0.1046875
0 0.3671875 0.32421875 0.0296875 0.1125
0 0.4296875 0.2140625 0.025 0.1609375
0 0.53671875 0.07109375 0.0265625 0.1421875
0 0.5015625 0.06796875 0.03125 0.1359375
0 0.0765625 0.40703125 0.028125 0.1765625
0 0.5015625 0.69140625 0.0625 0.2265625
0 0.53515625 0.70390625 0.04375 0.2078125
0 0.40546875 0.153125 0.0265625 0.1265625
0 0.384375 0.1609375 0.0265625 0.1546875
0 0.39921875 0.02734375 0.025 0.0546875
0 0.16015625 0.27421875 0.028125 0.1609375
0 0.65078125 0.08125 0.03125 0.109375
0 0.190625 0.77578125 0.0375 0.2265625
0 0.14375 0.759375 0.0484375 0.2453125
0 0.28359375 0.1546875 0.03125 0.15625
0 0.18515625 0.1265625 0.0296875 0.15
0 0.2 0.18125 0.028125 0.1640625
0 0.80625 0.615625 0.0328125 0.190625
0 0.16328125 0.19375 0.028125 0.1578125
0 0.12890625 0.19921875 0.0328125 0.146875
0 0.46875 0.06015625 0.028125 0.1203125
0 0.23671875 0.2140625 0.03125 0.165625
0 0.25390625 0.2609375 0.0375 0.1765625
0 0.9546875 0.4359375 0.0484375 0.1953125
0 0.87109375 0.4078125 0.034375 0.184375
0 0.7984375 0.0515625 0.0296875 0.103125
0 0.9125 0.234375 0.0375 0.1515625
0 0.90703125 0.12890625 0.025 0.1546875
0 0.88125 0.121875 0.028125 0.159375
0 0.93828125 0.20859375 0.040625 0.1625
0 0.22578125 0.071875 0.0234375 0.14375
0 0.19921875 0.07109375 0.0296875 0.125