0 0.734375 0.63671875 0.053125 0.2234375
0 0.24140625 0.3765625 0.0390625 0.2015625
0 0.0734375 0.621875 0.04375 0.23125
0 0.915625 0.51875 0.0390625 0.19375
0 0.61484375 0.9328125 0.0421875 0.134375
0 0.353125 0.81953125 0.053125 0.23125
0 0.3671875 0.32421875 0.0296875 0.1125
0 0.42890625 0.21796875 0.03125 0.1609375
0 0.78828125 0.13125 0.028125 0.1359375
0 0.75625 0.2515625 0.028125 0.1578125
0 0.73515625 0.259375 0.03125 0.175
0 0.37734375 0.24921875 0.028125 0.1609375
0 0.50703125 0.275 0.0359375 0.171875
0 0.06875 0.41015625 0.0265625 0.175
0 0.078125 0.39140625 0.028125 0.1859375
0 0.43359375 0.26796875 0.0328125 0.175
0 0.45546875 0.27734375 0.028125 0.1515625
0 0.66796875 0.2515625 0.0234375 0.15
0 0.6203125 0.21796875 0.0328125 0.159375
0 0.3796875 0.07265625 0.028125 0.1453125
0 0.04140625 0.73203125 0.040625 0.2078125
0 0.65078125 0.08046875 0.03125 0.109375
0 0.29609375 0.28671875 0.0265625 0.171875
0 0.28203125 0.303125 0.0359375 0.184375
0 0.2421875 0.07265625 0.0265625 0.14375
0 0.2078125 0.078125 0.025 0.1484375
0 0.2921875 0.1359375 0.0234375 0.1546875
0 0.265625 0.11171875 0.0296875 0.1484375
0 0.19921875 0.178125 0.028125 0.1640625
0 0.2640625 0.2140625 0.028125 0.146875
0 0.16640625 0.19296875 0.028125 0.15625
0 0.12109375 0.19375 0.025 0.1515625
0 0.15234375 0.16875 0.0375 0.1703125
0 0.22734375 0.87734375 0.0515625 0.2453125