0 0.73359375 0.6359375 0.0546875 0.2234375
0 0.23828125 0.33359375 0.0390625 0.2046875
0 0.07421875 0.61875 0.04375 0.23125
0 0.915625 0.51875 0.040625 0.19375
0 0.559375 0.9203125 0.0359375 0.159375
0 0.353125 0.81953125 0.053125 0.23125
0 0.37734375 0.24140625 0.0390625 0.1046875
0 0.3671875 0.32421875 0.0296875 0.1125
0 0.42890625 0.21796875 0.03125 0.1609375
0 0.7890625 0.13125 0.028125 0.1359375
0 0.690625 0.23359375 0.0265625 0.146875
0 0.6765625 0.2390625 0.03125 0.165625
0 0.3203125 0.23203125 0.0328125 0.1515625
0 0.46328125 0.271875 0.0359375 0.1765625
0 0.06875 0.409375 0.025 0.1734375
0 0.07890625 0.3921875 0.0296875 0.1875
0 0.41015625 0.31953125 0.0359375 0.178125
0 0.43359375 0.3265625 0.0328125 0.16875
0 0.6125 0.221875 0.0234375 0.1484375
0 0.53984375 0.2015625 0.034375 0.15625
0 0.3796875 0.07265625 0.028125 0.1453125
0 0.11640625 0.66171875 0.0328125 0.1984375
0 0.65078125 0.08125 0.03125 0.109375
0 0.3234375 0.33203125 0.03125 0.1765625
0 0.29140625 0.34453125 0.03125 0.190625
0 0.25 0.05546875 0.0265625 0.1109375
0 0.21171875 0.05625 0.0234375 0.1125
0 0.29296875 0.1359375 0.025 0.1546875
0 0.246875 0.11015625 0.028125 0.15
0 0.1984375 0.178125 0.028125 0.1625
0 0.2703125 0.26484375 0.0296875 0.1546875
0 0.16328125 0.19453125 0.028125 0.1578125
0 0.18984375 0.16171875 0.0234375 0.159375
0 0.125 0.19140625 0.028125 0.153125
0 0.14609375 0.17109375 0.028125 0.1703125
0 0.1984375 0.040625 0.0234375 0.08125
0 0.234375 0.7734375 0.046875 0.2453125
0 0.80234375 0.03515625 0.025 0.0703125