0 0.84609375 0.65390625 0.053125 0.215625
0 0.35703125 0.64609375 0.040625 0.228125
0 0.915625 0.5171875 0.040625 0.1953125
0 0.490625 0.93984375 0.040625 0.1203125
0 0.37734375 0.24140625 0.0390625 0.1046875
0 0.3671875 0.32421875 0.0296875 0.1125
0 0.43125 0.20703125 0.0390625 0.1578125
0 0.1734375 0.2390625 0.0359375 0.178125
0 0.4046875 0.13984375 0.028125 0.146875
0 0.65078125 0.08046875 0.03125 0.109375
0 0.30390625 0.18671875 0.0296875 0.1578125
0 0.17421875 0.059375 0.0234375 0.11875
0 0.2078125 0.17734375 0.028125 0.159375
0 0.13828125 0.19921875 0.028125 0.1515625
0 0.12421875 0.18046875 0.028125 0.1703125
0 0.46640625 0.0234375 0.0265625 0.046875
0 0.18203125 0.77109375 0.0453125 0.2359375
0 0.5140625 0.47578125 0.0359375 0.2109375
0 0.4671875 0.48828125 0.0328125 0.2
0 0.6953125 0.8875 0.05 0.225
0 0.934375 0.74140625 0.046875 0.2296875
0 0.79296875 0.059375 0.0296875 0.11875
0 0.75703125 0.06171875 0.0234375 0.1234375
0 0.91171875 0.16640625 0.028125 0.1578125
0 0.85078125 0.13828125 0.0265625 0.1453125
0 0.78359375 0.171875 0.0328125 0.14375
0 0.596875 0.10859375 0.0296875 0.1484375
0 0.3796875 0.0390625 0.0484375 0.078125
0 0.25703125 0.08359375 0.0265625 0.1375
0 0.22734375 0.42421875 0.03125 0.1921875
0 0.19140625 0.4296875 0.040625 0.1765625
0 0.23515625 0.14140625 0.03125 0.1640625
0 0.23203125 0.05 0.0359375 0.1
0 0.21171875 0.0375 0.0234375 0.075
0 0.1453125 0.05546875 0.028125 0.1109375
0 0.25703125 0.27578125 0.0359375 0.178125
0 0.209375 0.27265625 0.0296875 0.1703125