0 0.84609375 0.65390625 0.053125 0.215625
0 0.35546875 0.6484375 0.0421875 0.2265625
0 0.915625 0.5171875 0.040625 0.1953125
0 0.4921875 0.9375 0.0421875 0.125
0 0.37734375 0.24140625 0.0390625 0.1046875
0 0.3671875 0.32421875 0.0296875 0.1125
0 0.43203125 0.20703125 0.0390625 0.1578125
0 0.19453125 0.234375 0.0265625 0.1546875
0 0.17421875 0.23828125 0.034375 0.1765625
0 0.40546875 0.14140625 0.0265625 0.146875
0 0.4 0.115625 0.025 0.1546875
0 0.65078125 0.08046875 0.03125 0.109375
0 0.3046875 0.18671875 0.0296875 0.1578125
0 0.17421875 0.059375 0.0234375 0.11875
0 0.2078125 0.1765625 0.028125 0.159375
0 0.1390625 0.19921875 0.0296875 0.1515625
0 0.1234375 0.18046875 0.0265625 0.1703125
0 0.46640625 0.0234375 0.0265625 0.046875
0 0.18125 0.7484375 0.0484375 0.234375
0 0.52265625 0.4890625 0.03125 0.209375
0 0.47109375 0.50625 0.034375 0.20625
0 0.70859375 0.91015625 0.05 0.1796875
0 0.9328125 0.7390625 0.05 0.221875
0 0.79609375 0.0640625 0.0296875 0.128125
0 0.7578125 0.06640625 0.0234375 0.1328125
0 0.90546875 0.15625 0.028125 0.1609375
0 0.84453125 0.12421875 0.0265625 0.1453125
0 0.78671875 0.1640625 0.028125 0.1421875
0 0.5921875 0.09453125 0.0296875 0.146875
0 0.38828125 0.03515625 0.03125 0.0703125
0 0.25625 0.07421875 0.025 0.134375
0 0.23125 0.4078125 0.0296875 0.190625
0 0.1921875 0.40859375 0.04375 0.171875
0 0.23203125 0.140625 0.0265625 0.1609375
0 0.23046875 0.0453125 0.0359375 0.090625
0 0.1453125 0.05546875 0.028125 0.1109375
0 0.26328125 0.26328125 0.0328125 0.1734375
0 0.21484375 0.259375 0.028125 0.1703125