0 0.73359375 0.6359375 0.053125 0.2234375
0 0.23828125 0.34609375 0.0390625 0.2046875
0 0.0734375 0.62109375 0.04375 0.2328125
0 0.915625 0.51875 0.040625 0.19375
0 0.57421875 0.925 0.0421875 0.15
0 0.353125 0.81953125 0.053125 0.23125
0 0.37734375 0.24140625 0.0390625 0.1046875
0 0.3671875 0.32421875 0.0296875 0.1125
0 0.42890625 0.21796875 0.03125 0.1609375
0 0.7890625 0.13125 0.028125 0.1359375
0 0.7078125 0.2328125 0.0265625 0.1453125
0 0.69609375 0.24375 0.028125 0.1671875
0 0.475 0.27890625 0.0375 0.1765625
0 0.06875 0.409375 0.025 0.1734375
0 0.07890625 0.3921875 0.0296875 0.1875
0 0.415625 0.30234375 0.03125 0.1703125
0 0.4359375 0.30859375 0.0296875 0.159375
0 0.63203125 0.23046875 0.028125 0.15
0 0.5640625 0.20625 0.046875 0.1578125
0 0.3796875 0.07265625 0.028125 0.1453125
0 0.10078125 0.68515625 0.046875 0.2
0 0.65078125 0.08125 0.03125 0.109375
0 0.31640625 0.31796875 0.028125 0.178125
0 0.29140625 0.3328125 0.028125 0.190625
0 0.24765625 0.0609375 0.025 0.121875
0 0.21015625 0.06328125 0.0234375 0.1265625
0 0.29296875 0.1359375 0.0265625 0.15625
0 0.26015625 0.1078125 0.028125 0.146875
0 0.1984375 0.178125 0.028125 0.1625
0 0.2640625 0.24765625 0.03125 0.15625
0 0.16328125 0.19375 0.028125 0.1578125
0 0.18984375 0.16328125 0.0234375 0.1640625
0 0.1265625 0.19140625 0.025 0.153125
0 0.1484375 0.16953125 0.0265625 0.171875
0 0.22734375 0.80625 0.053125 0.246875
0 0.79375 0.03125 0.025 0.0625