0 0.75 0.6328125 0.0515625 0.225
0 0.25390625 0.2484375 0.0390625 0.19375
0 0.09453125 0.6375 0.04375 0.2296875
0 0.915625 0.51875 0.040625 0.19375
0 0.50703125 0.91953125 0.0390625 0.1609375
0 0.37734375 0.24140625 0.0390625 0.1046875
0 0.42890625 0.21796875 0.03125 0.1609375
0 0.78359375 0.115625 0.0265625 0.1359375
0 0.6078125 0.17109375 0.0265625 0.153125
0 0.56875 0.1875 0.028125 0.171875
0 0.28046875 0.1890625 0.0296875 0.165625
0 0.5046875 0.1765625 0.0359375 0.1625
0 0.06875 0.409375 0.025 0.1734375
0 0.05 0.3921875 0.0453125 0.1875
0 0.4359375 0.4171875 0.0421875 0.1921875
0 0.46953125 0.42109375 0.040625 0.1765625
0 0.47578125 0.1734375 0.025 0.140625
0 0.4078125 0.16953125 0.0234375 0.1578125
0 0.3796875 0.0734375 0.0265625 0.146875
0 0.1328125 0.5125 0.03125 0.184375
0 0.65078125 0.08125 0.03125 0.109375
0 0.315625 0.45078125 0.0328125 0.1875
0 0.27109375 0.44921875 0.0375 0.2078125
0 0.27109375 0.02109375 0.0265625 0.0421875
0 0.23203125 0.0234375 0.028125 0.046875
0 0.29296875 0.1359375 0.025 0.1546875
0 0.19765625 0.18046875 0.025 0.1625
0 0.365625 0.36953125 0.028125 0.1609375
0 0.1640625 0.19375 0.028125 0.15625
0 0.1875 0.1640625 0.025 0.1625
0 0.12421875 0.19296875 0.028125 0.1515625
0 0.14140625 0.17265625 0.021875 0.16875
0 0.20546875 0.07421875 0.0296875 0.146875
0 0.2234375 0.565625 0.04375 0.21875
0 0.98515625 0.66484375 0.0296875 0.2140625
0 0.8578125 0.0796875 0.0328125 0.1359375
0 0.78515625 0.01796875 0.0234375 0.0359375
0 0.14375 0.8140625 0.0453125 0.25
0 0.1328125 0.74140625 0.05 0.234375