0 0.73359375 0.6359375 0.053125 0.2234375
0 0.23828125 0.309375 0.040625 0.203125
0 0.07265625 0.6203125 0.0453125 0.2296875
0 0.915625 0.51875 0.040625 0.19375
0 0.5328125 0.921875 0.0359375 0.15625
0 0.353125 0.81953125 0.053125 0.23125
0 0.37734375 0.24140625 0.0390625 0.1046875
0 0.3671875 0.32421875 0.0296875 0.1125
0 0.42890625 0.21796875 0.03125 0.1609375
0 0.7890625 0.13046875 0.028125 0.1375
0 0.66171875 0.21796875 0.0203125 0.1515625
0 0.6390625 0.225 0.03125 0.1671875
0 0.29765625 0.209375 0.03125 0.153125
0 0.47109375 0.24609375 0.040625 0.16875
0 0.06875 0.409375 0.025 0.1734375
0 0.0796875 0.3921875 0.03125 0.1875
0 0.40546875 0.3453125 0.0375 0.18125
0 0.4328125 0.3546875 0.0359375 0.16875
0 0.58046875 0.20859375 0.0234375 0.146875
0 0.4984375 0.18984375 0.0390625 0.1578125
0 0.3796875 0.07265625 0.028125 0.1453125
0 0.1375 0.61953125 0.0328125 0.1953125
0 0.65078125 0.08125 0.03125 0.109375
0 0.33046875 0.36328125 0.0296875 0.1765625
0 0.28984375 0.36875 0.0296875 0.190625
0 0.25 0.04609375 0.025 0.0921875
0 0.2203125 0.0453125 0.0234375 0.090625
0 0.29296875 0.1359375 0.025 0.1546875
0 0.228125 0.11171875 0.0328125 0.146875
0 0.1984375 0.178125 0.028125 0.1625
0 0.28515625 0.29296875 0.0296875 0.15625
0 0.16328125 0.19453125 0.028125 0.1578125
0 0.1875 0.1640625 0.0234375 0.1640625
0 0.12421875 0.19296875 0.028125 0.1515625
0 0.14609375 0.171875 0.028125 0.1703125
0 0.190625 0.0484375 0.0265625 0.096875
0 0.23828125 0.71328125 0.0453125 0.234375
0 0.8078125 0.04609375 0.0265625 0.0921875
0 0.034375 0.68125 0.059375 0.21875