0 0.84609375 0.65390625 0.053125 0.215625
0 0.3578125 0.64921875 0.040625 0.2296875
0 0.915625 0.51640625 0.040625 0.1953125
0 0.4890625 0.9328125 0.04375 0.134375
0 0.37734375 0.24140625 0.0390625 0.1046875
0 0.3671875 0.32421875 0.0296875 0.1125
0 0.4328125 0.2078125 0.040625 0.1578125
0 0.19453125 0.23515625 0.0265625 0.1546875
0 0.17421875 0.23828125 0.0359375 0.1765625
0 0.4046875 0.140625 0.028125 0.146875
0 0.3984375 0.115625 0.028125 0.15625
0 0.65078125 0.08046875 0.03125 0.109375
0 0.30546875 0.1875 0.03125 0.159375
0 0.17421875 0.05859375 0.0234375 0.1171875
0 0.19921875 0.1765625 0.025 0.159375
0 0.1625 0.19296875 0.025 0.1546875
0 0.1375 0.1984375 0.0265625 0.1546875
0 0.1265625 0.1796875 0.025 0.1703125
0 0.46640625 0.0234375 0.0265625 0.046875
0 0.1671875 0.70234375 0.04375 0.2296875
0 0.53125 0.5390625 0.034375 0.2109375
0 0.48515625 0.5546875 0.0375 0.2109375
0 0.73828125 0.9484375 0.05 0.103125
0 0.940625 0.740625 0.05625 0.2140625
0 0.97890625 0.70078125 0.0421875 0.2359375
0 0.79453125 0.071875 0.0265625 0.14375
0 0.7515625 0.08125 0.0265625 0.1421875
0 0.89453125 0.12265625 0.0265625 0.1546875
0 0.83515625 0.0921875 0.028125 0.1359375
0 0.78515625 0.14453125 0.03125 0.14375
0 0.58046875 0.0671875 0.03125 0.134375
0 0.39375 0.03203125 0.021875 0.0640625
0 0.259375 0.059375 0.021875 0.11875
0 0.23671875 0.37421875 0.028125 0.1890625
0 0.1953125 0.37734375 0.0421875 0.1640625
0 0.2109375 0.13046875 0.0265625 0.153125
0 0.225 0.034375 0.0296875 0.06875
0 0.1453125 0.05546875 0.028125 0.1109375
0 0.2640625 0.23515625 0.03125 0.1703125
0 0.22734375 0.228125 0.0296875 0.1609375