0 0.83046875 0.6859375 0.0484375 0.221875
0 0.24921875 0.17890625 0.0375 0.184375
0 0.27265625 0.64453125 0.046875 0.2234375
0 0.91484375 0.51875 0.040625 0.19375
0 0.5171875 0.92734375 0.0421875 0.1453125
0 0.37734375 0.24140625 0.0390625 0.1046875
0 0.3671875 0.32421875 0.0296875 0.1125
0 0.42890625 0.21796875 0.03125 0.1609375
0 0.7640625 0.05078125 0.0265625 0.1015625
0 0.5515625 0.13125 0.028125 0.1484375
0 0.51875 0.1296875 0.03125 0.165625
0 0.278125 0.165625 0.01875 0.159375
0 0.49609375 0.0890625 0.03125 0.1515625
0 0.06953125 0.41015625 0.0265625 0.175
0 0.46015625 0.52265625 0.04375 0.203125
0 0.48671875 0.5328125 0.040625 0.1921875
0 0.409375 0.1546875 0.0203125 0.140625
0 0.384375 0.165625 0.03125 0.15625
0 0.38046875 0.0765625 0.025 0.1421875
0 0.13125 0.39453125 0.0296875 0.1703125
0 0.65078125 0.08125 0.03125 0.109375
0 0.2265625 0.5625 0.0453125 0.2140625
0 0.29375 0.134375 0.025 0.153125
0 0.18515625 0.12109375 0.028125 0.15
0 0.203125 0.17890625 0.028125 0.1625
0 0.53984375 0.47109375 0.028125 0.18125
0 0.16328125 0.19921875 0.028125 0.1578125
0 0.121875 0.2015625 0.0296875 0.1453125
0 0.1296875 0.18203125 0.0234375 0.175
0 0.14765625 0.1546875 0.0296875 0.1609375
0 0.4515625 0.04453125 0.025 0.0890625
0 0.2375 0.13828125 0.0296875 0.159375
0 0.24453125 0.4125 0.0390625 0.1953125
0 0.96875 0.5390625 0.034375 0.19375
0 0.92265625 0.14609375 0.0296875 0.14375
0 0.98515625 0.13125 0.0296875 0.1484375
0 0.8546875 0.06640625 0.03125 0.1328125
0 0.24609375 0.9515625 0.053125 0.096875
0 0.26640625 0.91484375 0.046875 0.1703125
0 0.23046875 0.03671875 0.0234375 0.0734375
0 0.20703125 0.0359375 0.021875 0.0703125