0 0.73359375 0.6359375 0.0546875 0.2234375
0 0.23828125 0.33515625 0.0390625 0.2046875
0 0.07421875 0.61875 0.04375 0.234375
0 0.915625 0.51875 0.040625 0.19375
0 0.5609375 0.92109375 0.0359375 0.1578125
0 0.353125 0.81953125 0.053125 0.23125
0 0.37734375 0.24140625 0.0390625 0.1046875
0 0.3671875 0.32421875 0.0296875 0.1125
0 0.42890625 0.21796875 0.03125 0.1609375
0 0.7890625 0.13125 0.028125 0.1359375
0 0.69296875 0.234375 0.0265625 0.1453125
0 0.6796875 0.240625 0.0328125 0.165625
0 0.32265625 0.23359375 0.03125 0.15
0 0.4640625 0.2734375 0.0359375 0.1765625
0 0.06875 0.409375 0.025 0.1734375
0 0.07890625 0.3921875 0.0296875 0.1875
0 0.41015625 0.31796875 0.0359375 0.1765625
0 0.434375 0.325 0.0328125 0.16875
0 0.61484375 0.2234375 0.025 0.1484375
0 0.54375 0.20078125 0.028125 0.1578125
0 0.3796875 0.07265625 0.028125 0.1453125
0 0.1140625 0.6640625 0.0328125 0.2
0 0.65078125 0.08125 0.03125 0.109375
0 0.32265625 0.33046875 0.03125 0.1765625
0 0.29140625 0.34375 0.0296875 0.190625
0 0.2109375 0.05625 0.0234375 0.1125
0 0.29296875 0.1359375 0.025 0.1546875
0 0.2484375 0.109375 0.0265625 0.15
0 0.1984375 0.178125 0.028125 0.1625
0 0.26953125 0.26328125 0.0296875 0.15625
0 0.16328125 0.19375 0.028125 0.1578125
0 0.18984375 0.1609375 0.0234375 0.1578125
0 0.125 0.19140625 0.0265625 0.153125
0 0.146875 0.17109375 0.028125 0.1703125
0 0.23359375 0.7765625 0.046875 0.24375
0 0.8015625 0.034375 0.025 0.06875