0 0.7328125 0.6359375 0.053125 0.2234375
0 0.23984375 0.2875 0.0390625 0.2
0 0.07265625 0.6234375 0.046875 0.2296875
0 0.915625 0.51875 0.040625 0.19375
0 0.5109375 0.9203125 0.0359375 0.159375
0 0.353125 0.81953125 0.0515625 0.23125
0 0.37734375 0.24140625 0.0390625 0.1046875
0 0.3671875 0.32421875 0.0296875 0.1125
0 0.42890625 0.21796875 0.03125 0.1609375
0 0.78984375 0.13046875 0.028125 0.1375
0 0.6375 0.20078125 0.0203125 0.153125
0 0.60390625 0.209375 0.028125 0.1703125
0 0.28359375 0.19453125 0.025 0.1609375
0 0.4859375 0.2203125 0.0375 0.16875
0 0.06875 0.409375 0.025 0.1734375
0 0.07578125 0.390625 0.0328125 0.1859375
0 0.4125 0.37421875 0.0375 0.1859375
0 0.44140625 0.38046875 0.0375 0.1765625
0 0.534375 0.19140625 0.021875 0.1453125
0 0.45390625 0.1796875 0.0296875 0.159375
0 0.38046875 0.0734375 0.028125 0.146875
0 0.13125 0.571875 0.03125 0.190625
0 0.65078125 0.08125 0.03125 0.109375
0 0.328125 0.3953125 0.0296875 0.178125
0 0.28125 0.4015625 0.0375 0.2
0 0.25546875 0.03671875 0.025 0.0734375
0 0.22109375 0.03671875 0.0234375 0.0734375
0 0.29296875 0.1359375 0.025 0.1546875
0 0.2078125 0.11328125 0.0265625 0.1515625
0 0.1984375 0.17734375 0.028125 0.1625
0 0.30859375 0.3296875 0.028125 0.1625
0 0.16328125 0.19453125 0.028125 0.1578125
0 0.18671875 0.16171875 0.021875 0.159375
0 0.12421875 0.19296875 0.028125 0.1515625
0 0.146875 0.171875 0.028125 0.165625
0 0.19296875 0.0640625 0.028125 0.128125
0 0.23125 0.65234375 0.04375 0.2265625
0 0.82265625 0.0578125 0.028125 0.115625
0 0.0796875 0.72890625 0.053125 0.2328125
0 0.0375 0.67890625 0.059375 0.221875