0 0.8421875 0.6546875 0.034375 0.21875
0 0.25 0.0765625 0.034375 0.153125
0 0.4390625 0.675 0.040625 0.2390625
0 0.91484375 0.51953125 0.040625 0.196875
0 0.5578125 0.93125 0.04375 0.1375
0 0.37734375 0.24140625 0.0390625 0.1046875
0 0.3671875 0.32421875 0.0296875 0.1125
0 0.42109375 0.21328125 0.03125 0.1578125
0 0.52890625 0.04921875 0.0265625 0.0984375
0 0.49765625 0.04765625 0.0296875 0.0953125
0 0.31796875 0.12890625 0.0171875 0.1375
0 0.10546875 0.378125 0.034375 0.178125
0 0.07734375 0.3546875 0.028125 0.190625
0 0.5359375 0.8046875 0.0640625 0.240625
0 0.56875 0.80703125 0.0421875 0.215625
0 0.41328125 0.15625 0.028125 0.1546875
0 0.21015625 0.2203125 0.028125 0.1515625
0 0.65078125 0.08125 0.03125 0.109375
0 0.15703125 0.8890625 0.040625 0.221875
0 0.12578125 0.86796875 0.05 0.259375
0 0.284375 0.17734375 0.03125 0.1609375
0 0.16640625 0.1140625 0.0234375 0.1515625
0 0.2 0.18203125 0.028125 0.1625
0 0.95546875 0.715625 0.0390625 0.2
0 0.16328125 0.19296875 0.0265625 0.1578125
0 0.128125 0.19921875 0.03125 0.146875
0 0.471875 0.05234375 0.0265625 0.1046875
0 0.2171875 0.27421875 0.03125 0.1765625
0 0.25625 0.18828125 0.0328125 0.16875
0 0.89921875 0.36953125 0.0390625 0.184375
0 0.84140625 0.346875 0.0296875 0.175
0 0.7875 0.0640625 0.028125 0.128125
0 0.9390625 0.284375 0.0375 0.1609375
0 0.87890625 0.0796875 0.028125 0.15
0 0.8484375 0.07578125 0.028125 0.1515625
0 0.9890625 0.30703125 0.021875 0.1796875
0 0.221875 0.10859375 0.025 0.1484375
0 0.19765625 0.11328125 0.028125 0.1375