0 0.73515625 0.63671875 0.0546875 0.2234375
0 0.22734375 0.4375 0.04375 0.215625
0 0.07421875 0.62265625 0.04375 0.23125
0 0.915625 0.51875 0.0390625 0.19375
0 0.64453125 0.953125 0.0390625 0.09375
0 0.35390625 0.81953125 0.053125 0.23125
0 0.37734375 0.24140625 0.0390625 0.1046875
0 0.3671875 0.32421875 0.0296875 0.1125
0 0.42890625 0.21796875 0.03125 0.1609375
0 0.98125 0.33671875 0.0375 0.1765625
0 0.78828125 0.13125 0.028125 0.1359375
0 0.8265625 0.2859375 0.0265625 0.1609375
0 0.7890625 0.29140625 0.03125 0.18125
0 0.48203125 0.2640625 0.034375 0.1609375
0 0.54296875 0.2359375 0.040625 0.165625
0 0.103125 0.42421875 0.0359375 0.1765625
0 0.46171875 0.2234375 0.03125 0.16875
0 0.53125 0.01875 0.0234375 0.0375
0 0.72890625 0.278125 0.021875 0.1546875
0 0.70546875 0.2421875 0.028125 0.1546875
0 0.3796875 0.07265625 0.028125 0.1453125
0 0.2953125 0.040625 0.0171875 0.08125
0 0.01796875 0.83828125 0.0359375 0.221875
0 0.65 0.0796875 0.034375 0.10625
0 0.278125 0.25 0.046875 0.1796875
0 0.24375 0.11328125 0.028125 0.15
0 0.2203125 0.1234375 0.0265625 0.15
0 0.2921875 0.1359375 0.0234375 0.1546875
0 0.2671875 0.11171875 0.028125 0.1484375
0 0.1984375 0.178125 0.028125 0.1640625
0 0.23046875 0.15859375 0.028125 0.1421875
0 0.16015625 0.19140625 0.028125 0.1578125
0 0.1234375 0.19375 0.0265625 0.1515625
0 0.14453125 0.16875 0.025 0.1703125
0 0.22265625 0.94765625 0.0515625 0.1046875