0 0.825 0.6640625 0.04375 0.225
0 0.25234375 0.09765625 0.0390625 0.16875
0 0.44375 0.68046875 0.0421875 0.240625
0 0.91484375 0.51875 0.04375 0.1921875
0 0.553125 0.93359375 0.046875 0.1328125
0 0.37734375 0.24140625 0.0390625 0.1046875
0 0.3671875 0.32421875 0.0296875 0.1125
0 0.428125 0.2125 0.0296875 0.1609375
0 0.53359375 0.0609375 0.028125 0.121875
0 0.49921875 0.06015625 0.028125 0.1203125
0 0.29609375 0.12578125 0.0203125 0.1453125
0 0.08984375 0.39453125 0.034375 0.178125
0 0.06015625 0.378125 0.021875 0.2
0 0.51015625 0.7375 0.0625 0.23125
0 0.54765625 0.74453125 0.0390625 0.215625
0 0.40546875 0.15546875 0.0265625 0.121875
0 0.3875 0.16171875 0.0328125 0.1546875
0 0.175 0.246875 0.025 0.1546875
0 0.65078125 0.08125 0.03125 0.109375
0 0.17421875 0.828125 0.0390625 0.240625
0 0.13515625 0.80390625 0.0515625 0.246875
0 0.278125 0.1640625 0.03125 0.159375
0 0.178125 0.1265625 0.028125 0.153125
0 0.2 0.18203125 0.028125 0.1625
0 0.87265625 0.65078125 0.0359375 0.1953125
0 0.16328125 0.19375 0.028125 0.1578125
0 0.12890625 0.19921875 0.0328125 0.146875
0 0.46953125 0.05859375 0.025 0.1171875
0 0.2265625 0.23671875 0.03125 0.16875
0 0.259375 0.23046875 0.03125 0.1765625
0 0.93046875 0.4140625 0.0390625 0.2
0 0.86171875 0.38359375 0.03125 0.1828125
0 0.79375 0.059375 0.0296875 0.11875
0 0.9203125 0.25546875 0.0359375 0.1578125
0 0.8921875 0.1109375 0.0265625 0.1515625
0 0.8609375 0.10546875 0.0296875 0.1625
0 0.96875 0.25078125 0.04375 0.1734375
0 0.221875 0.08671875 0.0234375 0.146875
0 0.19453125 0.09453125 0.028125 0.1359375