0 0.796875 0.665625 0.0453125 0.228125
0 0.25390625 0.20703125 0.0375 0.1875
0 0.17890625 0.65390625 0.046875 0.2390625
0 0.91484375 0.51875 0.040625 0.19375
0 0.50234375 0.91953125 0.0390625 0.1609375
0 0.37734375 0.24140625 0.0390625 0.1046875
0 0.3671875 0.32421875 0.0296875 0.1125
0 0.42890625 0.21796875 0.03125 0.1609375
0 0.77265625 0.0765625 0.028125 0.13125
0 0.565625 0.14921875 0.028125 0.146875
0 0.53828125 0.1578125 0.03125 0.16875
0 0.2765625 0.17109375 0.021875 0.159375
0 0.50234375 0.1265625 0.03125 0.1546875
0 0.06875 0.409375 0.0265625 0.1734375
0 0.45078125 0.48046875 0.04375 0.196875
0 0.4796875 0.4828125 0.0359375 0.1796875
0 0.43828125 0.16796875 0.0265625 0.14375
0 0.39375 0.16875 0.0234375 0.1546875
0 0.3796875 0.0734375 0.0265625 0.146875
0 0.1375 0.43984375 0.0296875 0.1765625
0 0.65078125 0.08125 0.03125 0.109375
0 0.29296875 0.5203125 0.034375 0.1953125
0 0.25 0.50859375 0.034375 0.2109375
0 0.29375 0.1359375 0.0234375 0.1546875
0 0.17734375 0.121875 0.028125 0.15
0 0.19921875 0.18125 0.028125 0.1640625
0 0.15859375 0.2 0.028125 0.1578125
0 0.1921875 0.1640625 0.0265625 0.1609375
0 0.12578125 0.19609375 0.028125 0.15
0 0.459375 0.03359375 0.01875 0.0671875
0 0.23046875 0.10625 0.03125 0.1546875
0 0.2265625 0.48046875 0.04375 0.209375
0 0.97890625 0.59296875 0.0359375 0.196875
0 0.89609375 0.11796875 0.0296875 0.1421875
0 0.8265625 0.04140625 0.0328125 0.0828125
0 0.19296875 0.90234375 0.05 0.1953125
0 0.21640625 0.85703125 0.0515625 0.2546875
0 0.20234375 0.025 0.0234375 0.05