0 0.82890625 0.68046875 0.0390625 0.225
0 0.25 0.128125 0.0359375 0.1734375
0 0.4296875 0.64375 0.0421875 0.228125
0 0.91484375 0.51875 0.0421875 0.19375
0 0.5515625 0.92578125 0.046875 0.1484375
0 0.37734375 0.24140625 0.0390625 0.1046875
0 0.3671875 0.32421875 0.0296875 0.1125
0 0.428125 0.2171875 0.0265625 0.159375
0 0.5375 0.08203125 0.0265625 0.14375
0 0.50234375 0.07109375 0.03125 0.1421875
0 0.278125 0.1234375 0.021875 0.1546875
0 0.071875 0.40859375 0.028125 0.171875
0 0.490625 0.65703125 0.0625 0.221875
0 0.52421875 0.66328125 0.0421875 0.203125
0 0.40546875 0.15 0.025 0.1359375
0 0.384375 0.159375 0.028125 0.15625
0 0.3921875 0.04140625 0.025 0.0828125
0 0.1421875 0.2921875 0.025 0.165625
0 0.65078125 0.08125 0.03125 0.109375
0 0.2015625 0.73828125 0.0375 0.2296875
0 0.15625 0.71640625 0.0484375 0.234375
0 0.28671875 0.14609375 0.028125 0.159375
0 0.1828125 0.1265625 0.0296875 0.15
0 0.2 0.18125 0.028125 0.1640625
0 0.73828125 0.5953125 0.0484375 0.1890625
0 0.1625 0.19375 0.028125 0.1578125
0 0.19296875 0.16328125 0.0265625 0.1609375
0 0.128125 0.2 0.0296875 0.1453125
0 0.4609375 0.06328125 0.0265625 0.1265625
0 0.2375 0.18984375 0.0296875 0.159375
0 0.25 0.284375 0.040625 0.184375
0 0.978125 0.45546875 0.04375 0.1890625
0 0.8859375 0.42890625 0.0328125 0.1859375
0 0.79921875 0.0453125 0.028125 0.090625
0 0.925 0.21875 0.0328125 0.15625
0 0.93125 0.13828125 0.0328125 0.15625
0 0.90703125 0.18046875 0.034375 0.1640625
0 0.2296875 0.06484375 0.021875 0.1296875
0 0.20234375 0.06328125 0.034375 0.1265625