0 0.8234375 0.6640625 0.0453125 0.225
0 0.2515625 0.1 0.0390625 0.16875
0 0.44140625 0.6796875 0.0453125 0.240625
0 0.9109375 0.51796875 0.05 0.1921875
0 0.5515625 0.93359375 0.046875 0.1328125
0 0.37734375 0.24140625 0.0390625 0.1046875
0 0.3671875 0.32421875 0.0296875 0.1125
0 0.4296875 0.21171875 0.0296875 0.1609375
0 0.53359375 0.0625 0.028125 0.125
0 0.4984375 0.0609375 0.028125 0.121875
0 0.29296875 0.12421875 0.021875 0.1453125
0 0.0890625 0.39609375 0.0359375 0.1765625
0 0.059375 0.38125 0.021875 0.196875
0 0.5078125 0.728125 0.059375 0.2296875
0 0.54453125 0.73828125 0.0390625 0.2140625
0 0.40546875 0.1546875 0.0265625 0.121875
0 0.38671875 0.16171875 0.0328125 0.1546875
0 0.171875 0.2484375 0.0265625 0.15625
0 0.65078125 0.08125 0.03125 0.109375
0 0.17578125 0.8234375 0.0390625 0.2390625
0 0.13671875 0.7984375 0.0546875 0.2484375
0 0.27734375 0.16328125 0.03125 0.159375
0 0.1796875 0.1265625 0.028125 0.153125
0 0.2 0.18203125 0.028125 0.1625
0 0.86171875 0.64609375 0.0375 0.1953125
0 0.16328125 0.19375 0.028125 0.1578125
0 0.12890625 0.19921875 0.0328125 0.146875
0 0.46875 0.05859375 0.025 0.1171875
0 0.22734375 0.23359375 0.03125 0.1703125
0 0.25703125 0.234375 0.03125 0.1765625
0 0.934375 0.41796875 0.0390625 0.1984375
0 0.8625 0.3875 0.0328125 0.1828125
0 0.79296875 0.05703125 0.0296875 0.1140625
0 0.9203125 0.2515625 0.0359375 0.15625
0 0.89453125 0.1125 0.0265625 0.1515625
0 0.8640625 0.10546875 0.0296875 0.1609375
0 0.9625 0.24609375 0.0390625 0.171875
0 0.22265625 0.08359375 0.0234375 0.1453125
0 0.1953125 0.08984375 0.028125 0.134375