0 0.734375 0.63671875 0.053125 0.2234375
0 0.24140625 0.38046875 0.0390625 0.2046875
0 0.0734375 0.621875 0.04375 0.23125
0 0.915625 0.51875 0.0390625 0.19375
0 0.6171875 0.934375 0.04375 0.13125
0 0.353125 0.81953125 0.053125 0.23125
0 0.3671875 0.32421875 0.0296875 0.1125
0 0.42890625 0.21796875 0.03125 0.1609375
0 0.78828125 0.13125 0.028125 0.1359375
0 0.759375 0.25234375 0.028125 0.1578125
0 0.73671875 0.2609375 0.03125 0.1765625
0 0.37890625 0.24921875 0.028125 0.1625
0 0.509375 0.27421875 0.0359375 0.171875
0 0.06875 0.4109375 0.0265625 0.175
0 0.078125 0.39140625 0.028125 0.1859375
0 0.43515625 0.2671875 0.0328125 0.175
0 0.45703125 0.27578125 0.028125 0.15
0 0.66953125 0.25390625 0.0234375 0.15
0 0.6234375 0.21875 0.0375 0.159375
0 0.3796875 0.07265625 0.028125 0.1453125
0 0.03828125 0.734375 0.0390625 0.20625
0 0.65078125 0.08046875 0.03125 0.109375
0 0.29453125 0.2859375 0.025 0.171875
0 0.28125 0.3015625 0.0359375 0.184375
0 0.24140625 0.0734375 0.0265625 0.14375
0 0.2078125 0.078125 0.025 0.1484375
0 0.2921875 0.1359375 0.0234375 0.1546875
0 0.26640625 0.11171875 0.0296875 0.1484375
0 0.19921875 0.178125 0.028125 0.1640625
0 0.2640625 0.2125 0.028125 0.146875
0 0.16640625 0.19296875 0.028125 0.15625
0 0.12109375 0.19453125 0.025 0.1515625
0 0.1515625 0.16875 0.0375 0.1703125
0 0.228125 0.8796875 0.0515625 0.240625