0 0.84453125 0.65390625 0.05 0.215625
0 0.2609375 0.60859375 0.0453125 0.221875
0 0.915625 0.51796875 0.0515625 0.19375
0 0.49140625 0.92890625 0.0390625 0.1421875
0 0.37734375 0.24140625 0.0390625 0.1046875
0 0.3671875 0.32421875 0.0296875 0.1125
0 0.4328125 0.21328125 0.0328125 0.1578125
0 0.15390625 0.30234375 0.03125 0.1703125
0 0.1265625 0.296875 0.028125 0.1875
0 0.609375 0.94765625 0.053125 0.1046875
0 0.403125 0.146875 0.021875 0.140625
0 0.403125 0.12109375 0.0265625 0.1578125
0 0.265625 0.128125 0.0234375 0.14375
0 0.65078125 0.08125 0.03125 0.109375
0 0.3 0.184375 0.03125 0.1609375
0 0.1609375 0.06796875 0.0265625 0.1359375
0 0.2 0.18203125 0.025 0.159375
0 0.1625 0.1921875 0.025 0.15625
0 0.13125 0.19765625 0.025 0.146875
0 0.15078125 0.165625 0.0296875 0.1625
0 0.47109375 0.03671875 0.0265625 0.0734375
0 0.19140625 0.39375 0.034375 0.190625
0 0.25859375 0.078125 0.03125 0.1546875
0 0.7859375 0.93046875 0.0453125 0.1390625
0 0.740625 0.940625 0.04375 0.11875
0 0.85859375 0.25234375 0.0328125 0.16875
0 0.79921875 0.24375 0.028125 0.1640625
0 0.7859375 0.0703125 0.03125 0.13125
0 0.25546875 0.175 0.0234375 0.1609375
0 0.234375 0.18046875 0.028125 0.1421875
0 0.22734375 0.06953125 0.0296875 0.1390625
0 0.19765625 0.06484375 0.025 0.1296875
0 0.84609375 0.01328125 0.015625 0.0265625
0 0.63203125 0.05703125 0.034375 0.1140625