0 0.84375 0.65234375 0.034375 0.21875
0 0.25 0.07578125 0.034375 0.1515625
0 0.4359375 0.671875 0.040625 0.2375
0 0.91484375 0.51875 0.0421875 0.196875
0 0.5578125 0.93203125 0.04375 0.1359375
0 0.37734375 0.24140625 0.0390625 0.1046875
0 0.3671875 0.32421875 0.0296875 0.1125
0 0.421875 0.21328125 0.0328125 0.1578125
0 0.528125 0.04921875 0.028125 0.0984375
0 0.496875 0.046875 0.028125 0.09375
0 0.31953125 0.128125 0.01875 0.1359375
0 0.10625 0.37578125 0.034375 0.1765625
0 0.078125 0.353125 0.028125 0.19375
0 0.5390625 0.80859375 0.065625 0.240625
0 0.57109375 0.8140625 0.0421875 0.2203125
0 0.4046875 0.146875 0.025 0.1375
0 0.41640625 0.15390625 0.028125 0.15625
0 0.21328125 0.21875 0.028125 0.1515625
0 0.65078125 0.08125 0.03125 0.109375
0 0.15625 0.89140625 0.0421875 0.2171875
0 0.1265625 0.871875 0.05 0.25625
0 0.28515625 0.178125 0.03125 0.1609375
0 0.165625 0.11328125 0.025 0.1515625
0 0.2 0.18203125 0.028125 0.1625
0 0.96015625 0.72109375 0.0421875 0.2
0 0.16328125 0.19296875 0.0265625 0.1578125
0 0.128125 0.19921875 0.03125 0.146875
0 0.47109375 0.0515625 0.0265625 0.103125
0 0.2171875 0.2765625 0.03125 0.1765625
0 0.2546875 0.18359375 0.034375 0.16875
0 0.89609375 0.3640625 0.0390625 0.1828125
0 0.83984375 0.34296875 0.0296875 0.1734375
0 0.78828125 0.06484375 0.028125 0.1296875
0 0.940625 0.28671875 0.0375 0.1609375
0 0.87734375 0.07578125 0.028125 0.1484375
0 0.84765625 0.07421875 0.028125 0.1484375
0 0.990625 0.3125 0.01875 0.1796875
0 0.22265625 0.109375 0.025 0.15
0 0.19765625 0.11484375 0.025 0.1390625