0 0.84453125 0.65390625 0.05 0.215625
0 0.2734375 0.60703125 0.0453125 0.221875
0 0.91484375 0.51796875 0.05 0.19375
0 0.496875 0.928125 0.0375 0.14375
0 0.37734375 0.24140625 0.0390625 0.1046875
0 0.3671875 0.32421875 0.0296875 0.1125
0 0.4328125 0.2125 0.034375 0.15625
0 0.33359375 0.12578125 0.0203125 0.13125
0 0.15234375 0.30546875 0.03125 0.1703125
0 0.12421875 0.29921875 0.0296875 0.1875
0 0.609375 0.94296875 0.053125 0.1140625
0 0.40234375 0.14453125 0.0234375 0.1421875
0 0.265625 0.13125 0.0234375 0.14375
0 0.65078125 0.08125 0.03125 0.109375
0 0.2984375 0.184375 0.03125 0.1609375
0 0.15703125 0.06796875 0.0265625 0.1359375
0 0.2 0.18203125 0.025 0.159375
0 0.1625 0.1921875 0.025 0.15625
0 0.1328125 0.19765625 0.025 0.146875
0 0.15078125 0.165625 0.0296875 0.1625
0 0.4703125 0.03828125 0.0265625 0.0765625
0 0.19296875 0.38828125 0.034375 0.190625
0 0.25859375 0.08515625 0.03125 0.1546875
0 0.79609375 0.9390625 0.0453125 0.121875
0 0.75234375 0.94765625 0.040625 0.1046875
0 0.86015625 0.26171875 0.034375 0.171875
0 0.80078125 0.2484375 0.028125 0.1640625
0 0.7859375 0.0703125 0.03125 0.13125
0 0.8265625 0.03671875 0.028125 0.0734375
0 0.25390625 0.1703125 0.0234375 0.1609375
0 0.2328125 0.1765625 0.028125 0.1421875
0 0.18359375 0.04921875 0.0234375 0.0984375
0 0.23046875 0.06796875 0.0296875 0.1359375
0 0.1984375 0.06171875 0.0265625 0.1234375
0 0.63984375 0.05703125 0.0234375 0.1140625