0 0.8328125 0.6640625 0.0328125 0.225
0 0.25234375 0.08203125 0.0390625 0.1640625
0 0.44765625 0.67890625 0.0359375 0.2390625
0 0.915625 0.51640625 0.040625 0.1953125
0 0.559375 0.9296875 0.04375 0.140625
0 0.37734375 0.24140625 0.0390625 0.1046875
0 0.3671875 0.32421875 0.0296875 0.1125
0 0.42421875 0.21171875 0.0296875 0.1578125
0 0.53046875 0.05546875 0.028125 0.1109375
0 0.49765625 0.0515625 0.0296875 0.103125
0 0.3109375 0.13125 0.0203125 0.14375
0 0.1 0.3859375 0.0359375 0.175
0 0.0734375 0.365625 0.0375 0.1953125
0 0.525 0.77890625 0.0609375 0.2390625
0 0.55703125 0.78515625 0.0390625 0.2171875
0 0.3984375 0.16171875 0.034375 0.15625
0 0.19375 0.2265625 0.0234375 0.153125
0 0.65078125 0.08125 0.03125 0.109375
0 0.16171875 0.86875 0.040625 0.240625
0 0.125 0.8453125 0.0484375 0.25
0 0.2828125 0.17109375 0.028125 0.1609375
0 0.17109375 0.121875 0.021875 0.1515625
0 0.2 0.18203125 0.028125 0.1625
0 0.92578125 0.68828125 0.0359375 0.2
0 0.16328125 0.19375 0.028125 0.1578125
0 0.128125 0.19921875 0.0328125 0.146875
0 0.47421875 0.05546875 0.025 0.1109375
0 0.21875 0.25625 0.0328125 0.16875
0 0.25625 0.20390625 0.0359375 0.16875
0 0.9125 0.3859375 0.04375 0.1859375
0 0.8484375 0.36328125 0.0328125 0.1796875
0 0.78984375 0.0640625 0.0296875 0.128125
0 0.9328125 0.2703125 0.0296875 0.159375
0 0.88359375 0.090625 0.028125 0.1515625
0 0.85234375 0.08515625 0.028125 0.159375
0 0.9828125 0.2859375 0.034375 0.175
0 0.21953125 0.1015625 0.0234375 0.146875
0 0.19609375 0.10703125 0.0296875 0.1359375