0 0.84609375 0.65625 0.053125 0.2203125
0 0.3203125 0.61328125 0.0328125 0.234375
0 0.915625 0.51875 0.040625 0.1953125
0 0.4765625 0.93125 0.040625 0.1375
0 0.37734375 0.24140625 0.0390625 0.1046875
0 0.3671875 0.32421875 0.0296875 0.1125
0 0.43125 0.20703125 0.0375 0.1578125
0 0.25390625 0.2359375 0.0296875 0.15625
0 0.28203125 0.24453125 0.0390625 0.175
0 0.4046875 0.1421875 0.0265625 0.15
0 0.3953125 0.10703125 0.0296875 0.1515625
0 0.65078125 0.08046875 0.03125 0.109375
0 0.29609375 0.18671875 0.0296875 0.1546875
0 0.16875 0.0609375 0.0171875 0.121875
0 0.2078125 0.17578125 0.0296875 0.1609375
0 0.16328125 0.19453125 0.025 0.1546875
0 0.1984375 0.15703125 0.0234375 0.159375
0 0.13359375 0.20390625 0.028125 0.15
0 0.12265625 0.18046875 0.0375 0.16875
0 0.18984375 0.14609375 0.025 0.15
0 0.2328125 0.94921875 0.0515625 0.1015625
0 0.5046875 0.31015625 0.034375 0.1859375
0 0.459375 0.31328125 0.034375 0.18125
0 0.60625 0.628125 0.04375 0.2296875
0 0.884375 0.73671875 0.0484375 0.21875
0 0.74140625 0.02421875 0.028125 0.0484375
0 0.98359375 0.32265625 0.0328125 0.1734375
0 0.909375 0.27890625 0.0296875 0.1640625
0 0.7734375 0.02890625 0.025 0.0578125
0 0.784375 0.27578125 0.0390625 0.1515625
0 0.69140625 0.25703125 0.0328125 0.1546875
0 0.4578125 0.0390625 0.028125 0.078125
0 0.43125 0.03125 0.025 0.0625
0 0.40703125 0.0390625 0.0265625 0.078125
0 0.2109375 0.58203125 0.0359375 0.2125
0 0.16796875 0.5953125 0.0484375 0.1984375
0 0.240625 0.14296875 0.034375 0.159375
0 0.27109375 0.13671875 0.03125 0.1515625
0 0.221875 0.096875 0.0328125 0.15625
0 0.20546875 0.39375 0.0390625 0.1859375
0 0.16953125 0.39609375 0.0359375 0.190625
0 0.26640625 0.3859375 0.0375 0.178125