0 0.8453125 0.65390625 0.0515625 0.215625
0 0.34765625 0.65078125 0.0453125 0.23125
0 0.915625 0.515625 0.0390625 0.196875
0 0.4734375 0.93203125 0.0421875 0.1359375
0 0.37734375 0.24140625 0.0390625 0.1046875
0 0.3671875 0.32421875 0.0296875 0.1125
0 0.42265625 0.2015625 0.0265625 0.1640625
0 0.19296875 0.246875 0.0265625 0.1625
0 0.159375 0.24296875 0.0296875 0.178125
0 0.4046875 0.14140625 0.0296875 0.146875
0 0.3984375 0.1140625 0.028125 0.1546875
0 0.2390625 0.03671875 0.021875 0.0734375
0 0.65078125 0.08046875 0.03125 0.109375
0 0.30234375 0.1859375 0.0328125 0.159375
0 0.17421875 0.05859375 0.0234375 0.1171875
0 0.19921875 0.17890625 0.025 0.159375
0 0.13359375 0.19921875 0.0265625 0.1515625
0 0.12109375 0.18046875 0.0265625 0.16875
0 0.46640625 0.0234375 0.0265625 0.046875
0 0.16484375 0.60078125 0.040625 0.21875
0 0.5765625 0.64453125 0.0359375 0.2296875
0 0.5375 0.66328125 0.0390625 0.215625
0 0.81875 0.121875 0.0328125 0.1546875
0 0.76015625 0.1234375 0.0265625 0.146875
0 0.85625 0.0640625 0.03125 0.128125
0 0.78203125 0.1 0.03125 0.1375
0 0.565625 0.02890625 0.0234375 0.0578125
0 0.27265625 0.034375 0.01875 0.06875
0 0.24296875 0.30625 0.028125 0.1765625
0 0.21484375 0.30703125 0.0390625 0.1609375
0 0.1453125 0.05546875 0.028125 0.1109375
0 0.26328125 0.1765625 0.0328125 0.1640625
0 0.23515625 0.1734375 0.028125 0.159375
0 0.41171875 0.0296875 0.0234375 0.059375