0 0.7875 0.66015625 0.046875 0.2296875
0 0.25546875 0.21328125 0.0375 0.1890625
0 0.15625 0.653125 0.0546875 0.2375
0 0.91484375 0.51875 0.040625 0.19375
0 0.50546875 0.921875 0.040625 0.15625
0 0.37734375 0.24140625 0.0390625 0.1046875
0 0.3671875 0.32421875 0.0296875 0.1125
0 0.42890625 0.21796875 0.03125 0.1609375
0 0.7734375 0.08515625 0.0265625 0.134375
0 0.57421875 0.1515625 0.0265625 0.146875
0 0.540625 0.165625 0.03125 0.16875
0 0.278125 0.17578125 0.0234375 0.1609375
0 0.503125 0.13828125 0.0328125 0.1609375
0 0.06875 0.409375 0.0265625 0.1734375
0 0.4484375 0.46796875 0.0484375 0.2015625
0 0.4796875 0.475 0.0375 0.184375
0 0.44296875 0.16953125 0.025 0.1421875
0 0.396875 0.171875 0.0234375 0.15625
0 0.3796875 0.0734375 0.0265625 0.146875
0 0.13828125 0.45625 0.03125 0.18125
0 0.65078125 0.08125 0.03125 0.109375
0 0.29609375 0.509375 0.034375 0.2
0 0.25546875 0.496875 0.0328125 0.209375
0 0.29375 0.1359375 0.0234375 0.1546875
0 0.17734375 0.121875 0.028125 0.15
0 0.1984375 0.18125 0.0265625 0.1640625
0 0.16015625 0.19921875 0.028125 0.1578125
0 0.1890625 0.1640625 0.0234375 0.1625
0 0.128125 0.19453125 0.0296875 0.1484375
0 0.1390625 0.17578125 0.025 0.1703125
0 0.46015625 0.03125 0.01875 0.0625
0 0.22578125 0.1 0.028125 0.1546875
0 0.21796875 0.5015625 0.04375 0.2109375
0 0.97890625 0.60703125 0.034375 0.1984375
0 0.8890625 0.10859375 0.0296875 0.1421875
0 0.18203125 0.88984375 0.0515625 0.2203125
0 0.1984375 0.83359375 0.0390625 0.246875
0 0.20234375 0.02109375 0.0234375 0.0421875