0 0.84609375 0.65546875 0.053125 0.21875
0 0.35 0.62890625 0.04375 0.225
0 0.915625 0.51796875 0.040625 0.1953125
0 0.49609375 0.9328125 0.0421875 0.134375
0 0.37734375 0.24140625 0.0390625 0.1046875
0 0.3671875 0.32421875 0.0296875 0.1125
0 0.43125 0.20703125 0.0375 0.1578125
0 0.209375 0.24375 0.0328125 0.178125
0 0.4046875 0.14140625 0.028125 0.146875
0 0.3953125 0.10859375 0.0296875 0.1515625
0 0.65078125 0.08046875 0.03125 0.109375
0 0.29765625 0.18671875 0.028125 0.1546875
0 0.17421875 0.059375 0.0234375 0.11875
0 0.20625 0.17890625 0.0296875 0.1578125
0 0.16328125 0.19375 0.025 0.15625
0 0.1328125 0.203125 0.028125 0.1546875
0 0.1203125 0.1796875 0.028125 0.1703125
0 0.1515625 0.1609375 0.0328125 0.15625
0 0.190625 0.14375 0.0265625 0.15
0 0.196875 0.8859375 0.0484375 0.228125
0 0.49609375 0.378125 0.0328125 0.19375
0 0.45390625 0.38828125 0.0375 0.19375
0 0.64375 0.75234375 0.04375 0.25
0 0.9296875 0.740625 0.0484375 0.228125
0 0.76875 0.0421875 0.0296875 0.084375
0 0.73203125 0.04140625 0.0234375 0.0828125
0 0.95 0.24609375 0.0359375 0.16875
0 0.88203125 0.20859375 0.028125 0.15625
0 0.78203125 0.228125 0.034375 0.1484375
0 0.63046875 0.18515625 0.028125 0.1546875
0 0.4515625 0.0328125 0.025 0.065625
0 0.27109375 0.1359375 0.025 0.1421875
0 0.21875 0.50546875 0.034375 0.2046875
0 0.178125 0.5078125 0.04375 0.184375
0 0.246875 0.14140625 0.028125 0.1609375
0 0.24375 0.08203125 0.03125 0.14375
0 0.2109375 0.06171875 0.028125 0.1234375
0 0.228125 0.33671875 0.0359375 0.1796875
0 0.18046875 0.33125 0.0328125 0.1796875
0 0.27421875 0.315625 0.034375 0.16875