0 0.8296875 0.68046875 0.0390625 0.225
0 0.24921875 0.12890625 0.034375 0.1734375
0 0.428125 0.64296875 0.0421875 0.2296875
0 0.91484375 0.51875 0.0421875 0.19375
0 0.55078125 0.92578125 0.046875 0.1484375
0 0.37734375 0.24140625 0.0390625 0.1046875
0 0.3671875 0.32421875 0.0296875 0.1125
0 0.428125 0.2171875 0.0265625 0.159375
0 0.5375 0.08203125 0.0265625 0.14375
0 0.5015625 0.07109375 0.03125 0.1421875
0 0.278125 0.1234375 0.021875 0.1546875
0 0.071875 0.409375 0.028125 0.171875
0 0.48984375 0.65546875 0.0625 0.221875
0 0.52421875 0.6625 0.0421875 0.203125
0 0.40546875 0.14921875 0.0234375 0.1359375
0 0.384375 0.159375 0.0296875 0.15625
0 0.3921875 0.0421875 0.025 0.084375
0 0.14140625 0.29375 0.025 0.165625
0 0.65078125 0.08125 0.03125 0.109375
0 0.203125 0.73671875 0.0375 0.228125
0 0.15703125 0.715625 0.046875 0.2359375
0 0.2875 0.1453125 0.028125 0.159375
0 0.18203125 0.1265625 0.03125 0.15
0 0.2 0.18125 0.028125 0.1640625
0 0.7359375 0.59375 0.046875 0.1890625
0 0.1625 0.19375 0.028125 0.1578125
0 0.1921875 0.16328125 0.025 0.1609375
0 0.128125 0.2 0.0296875 0.1453125
0 0.46015625 0.06328125 0.0265625 0.1265625
0 0.2375 0.18984375 0.0296875 0.159375
0 0.25078125 0.28671875 0.040625 0.184375
0 0.978125 0.45546875 0.04375 0.1859375
0 0.88671875 0.4296875 0.034375 0.1859375
0 0.79921875 0.0453125 0.0265625 0.090625
0 0.925 0.21875 0.0328125 0.15625
0 0.93203125 0.13828125 0.03125 0.15625
0 0.91484375 0.13828125 0.034375 0.15625
0 0.90625 0.1796875 0.034375 0.165625
0 0.22890625 0.0640625 0.0203125 0.128125
0 0.20234375 0.06328125 0.034375 0.1265625