0 0.8453125 0.65390625 0.0515625 0.215625
0 0.29453125 0.640625 0.046875 0.2296875
0 0.91640625 0.515625 0.0421875 0.19375
0 0.47578125 0.94140625 0.046875 0.1171875
0 0.37734375 0.24140625 0.0390625 0.1046875
0 0.3671875 0.32421875 0.0296875 0.1125
0 0.42265625 0.20390625 0.034375 0.159375
0 0.18515625 0.25703125 0.028125 0.159375
0 0.15546875 0.25078125 0.0296875 0.1796875
0 0.403125 0.14296875 0.0265625 0.1421875
0 0.2515625 0.053125 0.021875 0.10625
0 0.65078125 0.08046875 0.03125 0.109375
0 0.29921875 0.18671875 0.03125 0.1609375
0 0.17421875 0.05859375 0.0234375 0.1171875
0 0.19921875 0.1796875 0.025 0.159375
0 0.1625 0.19140625 0.025 0.15625
0 0.134375 0.19921875 0.025 0.1515625
0 0.12109375 0.17890625 0.0265625 0.1703125
0 0.175 0.540625 0.040625 0.2078125
0 0.61640625 0.7265625 0.05 0.24375
0 0.57890625 0.74296875 0.040625 0.2390625
0 0.83515625 0.15546875 0.0328125 0.1609375
0 0.76953125 0.15234375 0.0296875 0.15
0 0.7921875 0.08359375 0.0296875 0.1359375
0 0.25 0.2703125 0.028125 0.1703125
0 0.2234375 0.27265625 0.0359375 0.159375
0 0.14609375 0.05546875 0.025 0.1109375
0 0.25546875 0.14140625 0.0296875 0.1546875
0 0.225 0.1421875 0.0296875 0.1546875
0 0.44765625 0.03125 0.0265625 0.0625