0 0.7953125 0.6640625 0.046875 0.2296875
0 0.2546875 0.20859375 0.0375 0.1875
0 0.1734375 0.65390625 0.0484375 0.2390625
0 0.91484375 0.51875 0.040625 0.19375
0 0.503125 0.91953125 0.0390625 0.1609375
0 0.37734375 0.24140625 0.0390625 0.1046875
0 0.3671875 0.32421875 0.0296875 0.1125
0 0.42890625 0.21796875 0.03125 0.1609375
0 0.77265625 0.07890625 0.0265625 0.13125
0 0.5671875 0.14921875 0.028125 0.146875
0 0.53828125 0.159375 0.03125 0.16875
0 0.27734375 0.171875 0.021875 0.159375
0 0.503125 0.12890625 0.03125 0.15625
0 0.06875 0.409375 0.0265625 0.1734375
0 0.45078125 0.47734375 0.04375 0.2
0 0.4796875 0.48203125 0.0359375 0.1796875
0 0.4390625 0.16796875 0.025 0.1421875
0 0.39453125 0.16953125 0.0234375 0.15625
0 0.3796875 0.0734375 0.0265625 0.146875
0 0.1375 0.44296875 0.0296875 0.1765625
0 0.65078125 0.08125 0.03125 0.109375
0 0.29375 0.51875 0.034375 0.1984375
0 0.2515625 0.50625 0.0328125 0.2125
0 0.29375 0.1359375 0.0234375 0.1546875
0 0.17734375 0.121875 0.028125 0.15
0 0.19921875 0.18125 0.028125 0.1640625
0 0.15859375 0.2 0.028125 0.1578125
0 0.19140625 0.1640625 0.0265625 0.1609375
0 0.1265625 0.1953125 0.0296875 0.15
0 0.46015625 0.03359375 0.01875 0.0671875
0 0.2296875 0.10546875 0.03125 0.1546875
0 0.22421875 0.484375 0.04375 0.209375
0 0.97890625 0.59609375 0.0359375 0.1984375
0 0.89453125 0.11640625 0.0296875 0.1421875
0 0.82578125 0.03984375 0.034375 0.0796875
0 0.19140625 0.9 0.05 0.2
0 0.2125 0.853125 0.0484375 0.2515625
0 0.2015625 0.02421875 0.021875 0.0484375