0 0.84609375 0.65625 0.053125 0.2203125
0 0.31953125 0.61328125 0.03125 0.2359375
0 0.915625 0.51875 0.040625 0.1953125
0 0.47421875 0.93125 0.0390625 0.1375
0 0.37734375 0.24140625 0.0390625 0.1046875
0 0.3671875 0.32421875 0.0296875 0.1125
0 0.43125 0.20703125 0.0375 0.1578125
0 0.2625 0.23671875 0.025 0.1546875
0 0.2859375 0.24453125 0.0375 0.175
0 0.4046875 0.1421875 0.0265625 0.15
0 0.3953125 0.10703125 0.0296875 0.1515625
0 0.65078125 0.08046875 0.03125 0.109375
0 0.296875 0.18671875 0.0296875 0.1546875
0 0.16953125 0.06171875 0.0203125 0.1234375
0 0.2078125 0.17421875 0.0296875 0.1609375
0 0.16328125 0.19296875 0.025 0.1546875
0 0.19765625 0.15703125 0.025 0.159375
0 0.1328125 0.203125 0.028125 0.1515625
0 0.12421875 0.18046875 0.040625 0.16875
0 0.18984375 0.14453125 0.025 0.15
0 0.23828125 0.9546875 0.0515625 0.090625
0 0.50234375 0.3015625 0.034375 0.1796875
0 0.459375 0.30859375 0.0359375 0.1796875
0 0.60234375 0.61640625 0.04375 0.225
0 0.88203125 0.73515625 0.0484375 0.21875
0 0.86953125 0.70546875 0.059375 0.234375
0 0.7390625 0.02421875 0.0296875 0.0484375
0 0.9859375 0.33203125 0.028125 0.175
0 0.91171875 0.28359375 0.0296875 0.165625
0 0.8 0.028125 0.0265625 0.05625
0 0.77578125 0.03046875 0.025 0.0609375
0 0.78515625 0.28125 0.0375 0.1515625
0 0.6984375 0.2609375 0.03125 0.153125
0 0.45625 0.0375 0.028125 0.075
0 0.434375 0.03125 0.0265625 0.0625
0 0.40703125 0.0390625 0.0265625 0.078125
0 0.253125 0.19453125 0.0296875 0.1515625
0 0.2109375 0.58984375 0.0359375 0.215625
0 0.1671875 0.60390625 0.0453125 0.2
0 0.23984375 0.14296875 0.0359375 0.159375
0 0.27109375 0.14140625 0.03125 0.1515625
0 0.225 0.10078125 0.0328125 0.1609375
0 0.20390625 0.40390625 0.0375 0.19375
0 0.1671875 0.40546875 0.0359375 0.190625
0 0.265625 0.39296875 0.0390625 0.18125