0 0.834375 0.6625 0.03125 0.2234375
0 0.25234375 0.08125 0.0390625 0.1625
0 0.446875 0.67890625 0.0359375 0.2390625
0 0.915625 0.5171875 0.040625 0.1953125
0 0.55859375 0.9296875 0.0421875 0.140625
0 0.37734375 0.24140625 0.0390625 0.1046875
0 0.3671875 0.32421875 0.0296875 0.1125
0 0.4234375 0.21171875 0.0296875 0.1578125
0 0.53046875 0.05390625 0.028125 0.1078125
0 0.4984375 0.05078125 0.028125 0.1015625
0 0.3125 0.13046875 0.0203125 0.14375
0 0.1015625 0.384375 0.0359375 0.175
0 0.07421875 0.36328125 0.0375 0.19375
0 0.52734375 0.784375 0.0625 0.2390625
0 0.559375 0.7890625 0.0390625 0.2140625
0 0.40078125 0.16171875 0.0328125 0.15625
0 0.196875 0.225 0.025 0.1515625
0 0.65078125 0.08125 0.03125 0.109375
0 0.16015625 0.87421875 0.0421875 0.240625
0 0.12421875 0.85 0.0484375 0.2515625
0 0.2828125 0.17265625 0.028125 0.1609375
0 0.16953125 0.1203125 0.021875 0.1515625
0 0.2 0.18203125 0.028125 0.1625
0 0.93203125 0.69375 0.034375 0.2
0 0.16328125 0.19296875 0.0265625 0.1578125
0 0.128125 0.19921875 0.0328125 0.146875
0 0.1609375 0.1609375 0.0296875 0.1640625
0 0.47421875 0.05546875 0.025 0.1109375
0 0.21796875 0.26015625 0.0328125 0.1703125
0 0.25703125 0.2015625 0.034375 0.1703125
0 0.909375 0.3828125 0.0421875 0.1859375
0 0.846875 0.359375 0.03125 0.1796875
0 0.7890625 0.0640625 0.0296875 0.128125
0 0.934375 0.2734375 0.03125 0.159375
0 0.88359375 0.08984375 0.028125 0.1515625
0 0.8515625 0.0828125 0.028125 0.159375
0 0.984375 0.28984375 0.03125 0.1765625
0 0.21953125 0.103125 0.0234375 0.1453125
0 0.19609375 0.10859375 0.0296875 0.1359375