0 0.853125 0.69296875 0.0453125 0.225
0 0.25546875 0.15546875 0.0359375 0.1796875
0 0.35859375 0.628125 0.0546875 0.2265625
0 0.91484375 0.51875 0.0421875 0.19375
0 0.53125 0.9171875 0.046875 0.165625
0 0.37734375 0.24140625 0.0390625 0.1046875
0 0.3671875 0.32421875 0.0296875 0.1125
0 0.42890625 0.21796875 0.03125 0.159375
0 0.76171875 0.03515625 0.0265625 0.0703125
0 0.53984375 0.1140625 0.028125 0.1484375
0 0.509375 0.103125 0.0328125 0.1609375
0 0.27265625 0.1453125 0.0265625 0.1546875
0 0.49296875 0.059375 0.0296875 0.11875
0 0.06953125 0.409375 0.0265625 0.1734375
0 0.46328125 0.57578125 0.04375 0.2140625
0 0.49765625 0.58203125 0.040625 0.1984375
0 0.40625 0.159375 0.0328125 0.1125
0 0.38203125 0.16171875 0.0296875 0.1546875
0 0.38203125 0.065625 0.028125 0.13125
0 0.1203125 0.3484375 0.028125 0.16875
0 0.65078125 0.08125 0.03125 0.109375
0 0.24453125 0.6390625 0.0375 0.2109375
0 0.19140625 0.62890625 0.05 0.2296875
0 0.2953125 0.134375 0.0296875 0.1515625
0 0.18125 0.1265625 0.0328125 0.1515625
0 0.2 0.1796875 0.028125 0.1640625
0 0.60625 0.528125 0.0421875 0.1859375
0 0.1609375 0.19453125 0.028125 0.15625
0 0.19296875 0.16171875 0.0265625 0.1609375
0 0.128125 0.20078125 0.0296875 0.1453125
0 0.44453125 0.05390625 0.0296875 0.1078125
0 0.2359375 0.15546875 0.0296875 0.1625
0 0.25234375 0.35546875 0.040625 0.19375
0 0.93984375 0.490625 0.0359375 0.1921875
0 0.940625 0.17734375 0.0359375 0.1515625
0 0.94609375 0.134375 0.034375 0.1546875
0 0.8703125 0.109375 0.034375 0.1546875
0 0.31953125 0.96875 0.0453125 0.0625
0 0.23203125 0.04453125 0.0234375 0.0890625
0 0.20625 0.04765625 0.0328125 0.0953125