0 0.8453125 0.65390625 0.0515625 0.215625
0 0.26015625 0.6359375 0.04375 0.23125
0 0.91484375 0.51640625 0.0453125 0.190625
0 0.46015625 0.9390625 0.04375 0.121875
0 0.37734375 0.24140625 0.0390625 0.1046875
0 0.3671875 0.32421875 0.0296875 0.1125
0 0.41953125 0.20546875 0.0296875 0.1609375
0 0.1875 0.259375 0.028125 0.15625
0 0.1484375 0.259375 0.03125 0.18125
0 0.403125 0.1453125 0.0234375 0.1390625
0 0.253125 0.06171875 0.021875 0.1234375
0 0.65078125 0.08046875 0.03125 0.109375
0 0.3015625 0.18671875 0.0296875 0.1609375
0 0.17421875 0.05859375 0.0234375 0.1171875
0 0.19921875 0.18046875 0.025 0.159375
0 0.1625 0.19140625 0.025 0.15625
0 0.1359375 0.19921875 0.0265625 0.1515625
0 0.12109375 0.17890625 0.0265625 0.1703125
0 0.1734375 0.50859375 0.0375 0.209375
0 0.64453125 0.775 0.0453125 0.246875
0 0.6046875 0.78671875 0.0421875 0.2359375
0 0.846875 0.17421875 0.0296875 0.1625
0 0.775 0.16875 0.0265625 0.1546875
0 0.7890625 0.07578125 0.03125 0.13125
0 0.2578125 0.25078125 0.0265625 0.1703125
0 0.2265625 0.25390625 0.0375 0.1546875
0 0.14609375 0.05546875 0.025 0.1109375
0 0.24296875 0.128125 0.0296875 0.15625
0 0.21640625 0.1234375 0.0265625 0.15625
0 0.8296875 0.015625 0.0171875 0.03125
0 0.4796875 0.034375 0.025 0.06875