0 0.84296875 0.6515625 0.046875 0.21875
0 0.25703125 0.0609375 0.03125 0.121875
0 0.378125 0.63671875 0.053125 0.2390625
0 0.91484375 0.51875 0.0421875 0.1953125
0 0.54140625 0.928125 0.040625 0.14375
0 0.37734375 0.24140625 0.0390625 0.1046875
0 0.3671875 0.32421875 0.0296875 0.1125
0 0.4328125 0.21171875 0.03125 0.1578125
0 0.52109375 0.0359375 0.0265625 0.0703125
0 0.49296875 0.0359375 0.028125 0.071875
0 0.3328125 0.12578125 0.021875 0.13125
0 0.1296875 0.34140625 0.0328125 0.1734375
0 0.09609375 0.32890625 0.0296875 0.190625
0 0.5796875 0.88671875 0.065625 0.2265625
0 0.6171875 0.88984375 0.0515625 0.2203125
0 0.403125 0.14453125 0.021875 0.140625
0 0.43984375 0.13359375 0.0265625 0.1515625
0 0.25390625 0.178125 0.025 0.146875
0 0.65078125 0.08125 0.03125 0.109375
0 0.15 0.93984375 0.04375 0.1203125
0 0.18046875 0.90859375 0.0515625 0.1828125
0 0.303125 0.18359375 0.025 0.1609375
0 0.16953125 0.090625 0.0296875 0.1484375
0 0.2 0.18203125 0.028125 0.1609375
0 0.1625 0.1921875 0.025 0.15625
0 0.125 0.19921875 0.0265625 0.1484375
0 0.46640625 0.04609375 0.0265625 0.0921875
0 0.21171875 0.32421875 0.034375 0.178125
0 0.2625 0.140625 0.03125 0.1640625
0 0.87890625 0.31796875 0.040625 0.184375
0 0.8265625 0.3015625 0.0296875 0.1703125
0 0.7859375 0.06953125 0.03125 0.13125
0 0.98046875 0.32734375 0.034375 0.1640625
0 0.8703125 0.0578125 0.028125 0.115625
0 0.8234375 0.05625 0.028125 0.1125
0 0.2328125 0.134375 0.0234375 0.1546875
0 0.20859375 0.14140625 0.028125 0.1390625
0 0.2015625 0.04140625 0.025 0.0828125