0 0.84296875 0.65078125 0.0453125 0.2203125
0 0.2546875 0.06171875 0.03125 0.1234375
0 0.38984375 0.64609375 0.040625 0.228125
0 0.91484375 0.51875 0.04375 0.19375
0 0.54375 0.92734375 0.040625 0.1453125
0 0.37734375 0.24140625 0.0390625 0.1046875
0 0.3671875 0.32421875 0.0296875 0.1125
0 0.43203125 0.21171875 0.0328125 0.1578125
0 0.521875 0.03671875 0.025 0.0734375
0 0.49375 0.03828125 0.028125 0.0765625
0 0.3328125 0.1265625 0.021875 0.1328125
0 0.1265625 0.34453125 0.0328125 0.1734375
0 0.09453125 0.33125 0.03125 0.190625
0 0.575 0.88203125 0.0671875 0.234375
0 0.6109375 0.88515625 0.05 0.2296875
0 0.403125 0.14453125 0.021875 0.140625
0 0.440625 0.1359375 0.028125 0.153125
0 0.25 0.18125 0.0265625 0.146875
0 0.65078125 0.08125 0.03125 0.109375
0 0.15 0.93359375 0.04375 0.1328125
0 0.178125 0.903125 0.053125 0.19375
0 0.30234375 0.18359375 0.025 0.159375
0 0.17109375 0.09375 0.0296875 0.1484375
0 0.2 0.18203125 0.028125 0.1609375
0 0.1625 0.1921875 0.025 0.15625
0 0.125 0.2 0.025 0.1484375
0 0.46640625 0.046875 0.0265625 0.09375
0 0.21328125 0.31875 0.034375 0.178125
0 0.25859375 0.14921875 0.03125 0.1671875
0 0.878125 0.32109375 0.040625 0.1859375
0 0.828125 0.30625 0.03125 0.171875
0 0.7859375 0.06953125 0.03125 0.13125
0 0.97578125 0.3234375 0.034375 0.165625
0 0.871875 0.06171875 0.028125 0.1234375
0 0.8265625 0.05859375 0.028125 0.1171875
0 0.23125 0.13125 0.0234375 0.1546875
0 0.20390625 0.04140625 0.025 0.0828125