0 0.73828125 0.63515625 0.0546875 0.2234375
0 0.25078125 0.26171875 0.0390625 0.1953125
0 0.08046875 0.63125 0.04375 0.228125
0 0.915625 0.51875 0.040625 0.19375
0 0.503125 0.915625 0.0375 0.16875
0 0.37734375 0.24140625 0.0390625 0.1046875
0 0.3671875 0.32421875 0.0296875 0.1125
0 0.42890625 0.21796875 0.03125 0.1609375
0 0.78515625 0.12265625 0.028125 0.1375
0 0.61875 0.18125 0.0265625 0.1515625
0 0.57890625 0.19140625 0.028125 0.1671875
0 0.28125 0.19140625 0.0265625 0.1640625
0 0.50234375 0.19453125 0.0359375 0.165625
0 0.06875 0.409375 0.025 0.1734375
0 0.05 0.39140625 0.04375 0.1859375
0 0.43046875 0.40390625 0.0421875 0.1890625
0 0.4609375 0.40703125 0.040625 0.1765625
0 0.415625 0.17109375 0.028125 0.1515625
0 0.38046875 0.0734375 0.028125 0.146875
0 0.13046875 0.53125 0.03125 0.1890625
0 0.65078125 0.08125 0.03125 0.109375
0 0.321875 0.43125 0.03125 0.1875
0 0.27578125 0.4359375 0.0375 0.2046875
0 0.26640625 0.028125 0.0265625 0.05625
0 0.2234375 0.028125 0.0234375 0.05625
0 0.29296875 0.1359375 0.025 0.1546875
0 0.1984375 0.17890625 0.0265625 0.1625
0 0.1640625 0.19375 0.028125 0.15625
0 0.18671875 0.1625 0.021875 0.159375
0 0.12421875 0.19296875 0.028125 0.1515625
0 0.14375 0.171875 0.0234375 0.165625
0 0.2 0.0703125 0.028125 0.140625
0 0.22265625 0.59609375 0.0453125 0.2234375
0 0.9890625 0.6859375 0.021875 0.215625
0 0.84375 0.06796875 0.0296875 0.1328125
0 0.12421875 0.78125 0.04375 0.2359375
0 0.10546875 0.72109375 0.053125 0.23125