0 0.734375 0.63671875 0.053125 0.2234375
0 0.240625 0.37265625 0.040625 0.203125
0 0.0734375 0.621875 0.04375 0.23125
0 0.915625 0.51875 0.0390625 0.19375
0 0.61015625 0.93046875 0.0421875 0.1390625
0 0.353125 0.81953125 0.053125 0.23125
0 0.3671875 0.32421875 0.0296875 0.1125
0 0.42890625 0.21796875 0.03125 0.1609375
0 0.78828125 0.13125 0.028125 0.1359375
0 0.74921875 0.2484375 0.0265625 0.1578125
0 0.7296875 0.25546875 0.03125 0.1734375
0 0.3734375 0.246875 0.028125 0.1609375
0 0.50234375 0.278125 0.034375 0.1734375
0 0.06796875 0.409375 0.025 0.1734375
0 0.078125 0.39140625 0.028125 0.1859375
0 0.43046875 0.271875 0.0328125 0.1765625
0 0.45234375 0.28125 0.028125 0.153125
0 0.66328125 0.24921875 0.0234375 0.15
0 0.61171875 0.21484375 0.0265625 0.159375
0 0.3796875 0.07265625 0.028125 0.1453125
0 0.04765625 0.72578125 0.0453125 0.20625
0 0.65078125 0.08046875 0.03125 0.109375
0 0.2984375 0.290625 0.0265625 0.171875
0 0.284375 0.30546875 0.0359375 0.184375
0 0.24375 0.07109375 0.0265625 0.1421875
0 0.2078125 0.075 0.025 0.1484375
0 0.2921875 0.1359375 0.0234375 0.1546875
0 0.265625 0.11171875 0.0296875 0.1484375
0 0.19921875 0.178125 0.028125 0.1640625
0 0.26328125 0.21875 0.028125 0.146875
0 0.165625 0.19296875 0.028125 0.1578125
0 0.18828125 0.159375 0.021875 0.159375
0 0.12109375 0.19375 0.025 0.1515625
0 0.15234375 0.16875 0.0390625 0.16875
0 0.228125 0.86875 0.0515625 0.2515625
0 0.7734375 0.02109375 0.0234375 0.0421875