0 0.84453125 0.65390625 0.05 0.215625
0 0.23359375 0.60390625 0.04375 0.2296875
0 0.91640625 0.51796875 0.053125 0.19375
0 0.4671875 0.92890625 0.0390625 0.1421875
0 0.37734375 0.24140625 0.0390625 0.1046875
0 0.3671875 0.32421875 0.0296875 0.1125
0 0.4328125 0.21328125 0.0328125 0.1578125
0 0.15859375 0.28984375 0.0296875 0.1640625
0 0.13359375 0.28671875 0.0296875 0.1796875
0 0.5921875 0.96953125 0.0515625 0.0609375
0 0.40234375 0.14453125 0.025 0.1421875
0 0.26171875 0.109375 0.0234375 0.134375
0 0.65078125 0.08125 0.03125 0.109375
0 0.3046875 0.1828125 0.025 0.1640625
0 0.165625 0.0625 0.0265625 0.125
0 0.19921875 0.18203125 0.025 0.159375
0 0.1625 0.19296875 0.025 0.15625
0 0.1296875 0.1984375 0.028125 0.1484375
0 0.47265625 0.0328125 0.0265625 0.065625
0 0.18203125 0.41640625 0.0359375 0.1953125
0 0.25625 0.0671875 0.028125 0.134375
0 0.75625 0.90703125 0.0546875 0.1859375
0 0.71015625 0.915625 0.04375 0.16875
0 0.8640625 0.23046875 0.0390625 0.165625
0 0.79140625 0.2296875 0.028125 0.1578125
0 0.7859375 0.0703125 0.03125 0.13125
0 0.2609375 0.1875 0.0234375 0.1640625
0 0.234375 0.1890625 0.0375 0.146875
0 0.22578125 0.07421875 0.028125 0.146875
0 0.196875 0.071875 0.0265625 0.1421875
0 0.84296875 0.015625 0.0203125 0.03125
0 0.5984375 0.046875 0.03125 0.09375