0 0.8421875 0.68203125 0.046875 0.2234375
0 0.25234375 0.1390625 0.034375 0.175
0 0.4109375 0.63359375 0.0453125 0.2234375
0 0.91484375 0.51875 0.0421875 0.19375
0 0.53671875 0.92734375 0.0453125 0.1453125
0 0.37734375 0.24140625 0.0390625 0.1046875
0 0.3671875 0.32421875 0.0296875 0.1125
0 0.428125 0.2171875 0.028125 0.159375
0 0.7734375 0.0203125 0.0265625 0.040625
0 0.53828125 0.09375 0.028125 0.1484375
0 0.5046875 0.08046875 0.03125 0.15625
0 0.2703125 0.12890625 0.021875 0.153125
0 0.48359375 0.0421875 0.028125 0.084375
0 0.0703125 0.409375 0.028125 0.1734375
0 0.47890625 0.63046875 0.05625 0.2203125
0 0.5140625 0.63125 0.0421875 0.1953125
0 0.40390625 0.14921875 0.021875 0.1390625
0 0.38671875 0.16171875 0.03125 0.15625
0 0.38671875 0.0515625 0.0265625 0.103125
0 0.128125 0.309375 0.0265625 0.159375
0 0.65078125 0.08125 0.03125 0.109375
0 0.21640625 0.71015625 0.0375 0.2234375
0 0.1703125 0.6875 0.0484375 0.2359375
0 0.29375 0.140625 0.0296875 0.1515625
0 0.2 0.18125 0.028125 0.1640625
0 0.6890625 0.571875 0.0359375 0.190625
0 0.1625 0.19375 0.028125 0.1578125
0 0.190625 0.16171875 0.0265625 0.1609375
0 0.134375 0.1984375 0.0390625 0.1421875
0 0.45078125 0.06171875 0.0234375 0.1234375
0 0.23671875 0.1765625 0.028125 0.1609375
0 0.25234375 0.30390625 0.040625 0.184375
0 0.98203125 0.4734375 0.0359375 0.178125
0 0.90625 0.44609375 0.0359375 0.1859375
0 0.803125 0.04140625 0.0265625 0.0828125
0 0.9296875 0.20390625 0.0265625 0.15
0 0.946875 0.14296875 0.0453125 0.1578125
0 0.88828125 0.15390625 0.0328125 0.159375
0 0.23125 0.06015625 0.021875 0.1203125
0 0.203125 0.059375 0.034375 0.11875