0 0.85234375 0.7 0.0390625 0.225
0 0.24921875 0.15859375 0.0359375 0.1796875
0 0.33203125 0.634375 0.05 0.2234375
0 0.91484375 0.51875 0.0421875 0.19375
0 0.52734375 0.91796875 0.0453125 0.1640625
0 0.37734375 0.24140625 0.0390625 0.1046875
0 0.3671875 0.32421875 0.0296875 0.1125
0 0.42890625 0.21796875 0.03125 0.1609375
0 0.76015625 0.040625 0.0265625 0.08125
0 0.54296875 0.12109375 0.028125 0.1484375
0 0.5109375 0.1109375 0.03125 0.1609375
0 0.27578125 0.15078125 0.025 0.15625
0 0.49453125 0.0609375 0.028125 0.121875
0 0.06953125 0.41015625 0.0265625 0.175
0 0.465625 0.5609375 0.046875 0.2125
0 0.4921875 0.5640625 0.034375 0.1921875
0 0.40546875 0.15625 0.0265625 0.121875
0 0.38203125 0.16328125 0.0296875 0.15625
0 0.37890625 0.06953125 0.0265625 0.1390625
0 0.121875 0.3625 0.028125 0.1703125
0 0.65078125 0.08125 0.03125 0.109375
0 0.253125 0.6234375 0.0359375 0.2140625
0 0.19765625 0.60703125 0.0453125 0.225
0 0.29375 0.134375 0.0265625 0.153125
0 0.18125 0.1265625 0.0328125 0.1515625
0 0.2 0.17890625 0.028125 0.1625
0 0.5875 0.50703125 0.03125 0.1859375
0 0.16015625 0.19609375 0.028125 0.15625
0 0.128125 0.2015625 0.028125 0.1453125
0 0.44453125 0.05078125 0.028125 0.1015625
0 0.2359375 0.146875 0.0296875 0.159375
0 0.25234375 0.375 0.0375 0.196875
0 0.9515625 0.51015625 0.0328125 0.1921875
0 0.9375 0.16953125 0.0296875 0.146875
0 0.9515625 0.13671875 0.0375 0.15
0 0.86796875 0.09375 0.034375 0.1515625
0 0.30703125 0.95078125 0.0484375 0.0984375
0 0.23359375 0.0390625 0.0234375 0.078125
0 0.21015625 0.04453125 0.0265625 0.0890625