0 0.84453125 0.65390625 0.05 0.215625
0 0.22890625 0.60390625 0.046875 0.2296875
0 0.91640625 0.51796875 0.0515625 0.1921875
0 0.4640625 0.92890625 0.0390625 0.1421875
0 0.37734375 0.24140625 0.0390625 0.1046875
0 0.3671875 0.32421875 0.0296875 0.1125
0 0.4328125 0.21328125 0.0328125 0.1578125
0 0.16015625 0.28828125 0.0296875 0.1625
0 0.134375 0.28515625 0.0328125 0.1796875
0 0.590625 0.9734375 0.0515625 0.053125
0 0.40234375 0.14453125 0.025 0.140625
0 0.26171875 0.10703125 0.0234375 0.134375
0 0.65078125 0.08125 0.03125 0.109375
0 0.30546875 0.18203125 0.025 0.1640625
0 0.16640625 0.06171875 0.0265625 0.1234375
0 0.19921875 0.18203125 0.025 0.159375
0 0.1625 0.19296875 0.025 0.15625
0 0.12890625 0.1984375 0.028125 0.1484375
0 0.471875 0.03203125 0.025 0.0640625
0 0.18125 0.41953125 0.0359375 0.1953125
0 0.25625 0.06640625 0.028125 0.1328125
0 0.7515625 0.903125 0.053125 0.19375
0 0.70546875 0.91328125 0.04375 0.1734375
0 0.8640625 0.22890625 0.0390625 0.1671875
0 0.790625 0.22890625 0.028125 0.1578125
0 0.7859375 0.0703125 0.03125 0.13125
0 0.26171875 0.190625 0.0234375 0.1640625
0 0.234375 0.19375 0.0375 0.1484375
0 0.22578125 0.0765625 0.028125 0.1484375
0 0.196875 0.07265625 0.0265625 0.1421875
0 0.8421875 0.015625 0.0203125 0.03125
0 0.59453125 0.04609375 0.0296875 0.0921875