0 0.8484375 0.64921875 0.0359375 0.215625
0 0.2515625 0.0671875 0.0328125 0.134375
0 0.40703125 0.66171875 0.0421875 0.2265625
0 0.91640625 0.51796875 0.040625 0.1953125
0 0.55078125 0.93203125 0.04375 0.1359375
0 0.37734375 0.24140625 0.0390625 0.1046875
0 0.3671875 0.32421875 0.0296875 0.1125
0 0.4265625 0.2140625 0.034375 0.1578125
0 0.525 0.0421875 0.0265625 0.084375
0 0.49609375 0.040625 0.028125 0.08125
0 0.33125 0.1265625 0.021875 0.134375
0 0.11953125 0.35625 0.0328125 0.1734375
0 0.08671875 0.3390625 0.028125 0.1875
0 0.56015625 0.853125 0.059375 0.24375
0 0.5953125 0.85390625 0.05 0.21875
0 0.4046875 0.14375 0.0234375 0.140625
0 0.43515625 0.14375 0.0296875 0.1546875
0 0.2375 0.19921875 0.0265625 0.146875
0 0.65078125 0.08125 0.03125 0.109375
0 0.14765625 0.915625 0.0421875 0.16875
0 0.16015625 0.88984375 0.05 0.2203125
0 0.2953125 0.1859375 0.0296875 0.1546875
0 0.17265625 0.10390625 0.028125 0.15
0 0.2 0.18203125 0.028125 0.1609375
0 0.1625 0.1921875 0.025 0.15625
0 0.12734375 0.19921875 0.028125 0.146875
0 0.4671875 0.05078125 0.0265625 0.1015625
0 0.21171875 0.30078125 0.0328125 0.1796875
0 0.25703125 0.16171875 0.034375 0.1671875
0 0.8859375 0.34140625 0.0375 0.184375
0 0.82890625 0.31953125 0.028125 0.171875
0 0.78828125 0.06953125 0.03125 0.13125
0 0.96484375 0.30625 0.0359375 0.1625
0 0.875 0.06640625 0.028125 0.1328125
0 0.83671875 0.06328125 0.028125 0.1265625
0 0.22890625 0.125 0.0234375 0.15625
0 0.20859375 0.03359375 0.0265625 0.0671875