0 0.8453125 0.65390625 0.0515625 0.215625
0 0.31171875 0.64609375 0.0359375 0.2359375
0 0.91640625 0.515625 0.0375 0.196875
0 0.47734375 0.94296875 0.0453125 0.1140625
0 0.37734375 0.24140625 0.0390625 0.1046875
0 0.3671875 0.32421875 0.0296875 0.1125
0 0.421875 0.2015625 0.0296875 0.159375
0 0.18515625 0.2515625 0.028125 0.159375
0 0.15859375 0.246875 0.0296875 0.178125
0 0.403125 0.13984375 0.0265625 0.146875
0 0.246875 0.04453125 0.021875 0.0890625
0 0.65078125 0.08046875 0.03125 0.109375
0 0.29921875 0.18671875 0.03125 0.1609375
0 0.17421875 0.05859375 0.0234375 0.1171875
0 0.19921875 0.1796875 0.025 0.159375
0 0.13359375 0.19921875 0.0265625 0.1515625
0 0.12109375 0.1796875 0.0265625 0.16875
0 0.46640625 0.0234375 0.0265625 0.046875
0 0.17109375 0.5609375 0.0390625 0.2078125
0 0.60078125 0.69453125 0.040625 0.2296875
0 0.56484375 0.715625 0.0390625 0.2296875
0 0.83359375 0.14765625 0.03125 0.1625
0 0.765625 0.13984375 0.025 0.1484375
0 0.83203125 0.05 0.0296875 0.1
0 0.78984375 0.08515625 0.0296875 0.1359375
0 0.2765625 0.02421875 0.01875 0.0484375
0 0.246875 0.28046875 0.0265625 0.175
0 0.22109375 0.28359375 0.0375 0.1609375
0 0.1453125 0.05546875 0.025 0.1109375
0 0.2609375 0.1515625 0.03125 0.1546875
0 0.23203125 0.1515625 0.0296875 0.1546875
0 0.434375 0.03046875 0.034375 0.0609375