0 0.84609375 0.65625 0.053125 0.2203125
0 0.31875 0.615625 0.0375 0.228125
0 0.915625 0.51875 0.040625 0.1953125
0 0.4828125 0.934375 0.040625 0.13125
0 0.37734375 0.24140625 0.0390625 0.1046875
0 0.3671875 0.32421875 0.0296875 0.1125
0 0.43125 0.20703125 0.0375 0.1578125
0 0.24375 0.23359375 0.03125 0.1546875
0 0.2703125 0.24296875 0.03125 0.178125
0 0.40390625 0.14375 0.028125 0.1484375
0 0.3953125 0.10859375 0.0296875 0.1515625
0 0.65078125 0.08046875 0.03125 0.109375
0 0.29609375 0.1875 0.03125 0.1546875
0 0.16875 0.06015625 0.0171875 0.1203125
0 0.2078125 0.17734375 0.0296875 0.1609375
0 0.16328125 0.19453125 0.025 0.1546875
0 0.19921875 0.159375 0.0234375 0.1625
0 0.13515625 0.2046875 0.028125 0.1484375
0 0.11953125 0.18046875 0.03125 0.16875
0 0.18984375 0.14609375 0.025 0.15
0 0.22109375 0.9375 0.0515625 0.125
0 0.5046875 0.31875 0.034375 0.1859375
0 0.4578125 0.32890625 0.03125 0.18125
0 0.6125 0.6484375 0.0453125 0.234375
0 0.89609375 0.7390625 0.04375 0.21875
0 0.8984375 0.70078125 0.05625 0.2375
0 0.7453125 0.0265625 0.028125 0.053125
0 0.97890625 0.3109375 0.0328125 0.175
0 0.90234375 0.26796875 0.0328125 0.165625
0 0.79296875 0.0234375 0.028125 0.046875
0 0.7828125 0.26796875 0.0359375 0.1484375
0 0.67578125 0.2484375 0.034375 0.153125
0 0.46015625 0.03828125 0.0296875 0.0765625
0 0.4265625 0.03125 0.0234375 0.0625
0 0.40703125 0.0390625 0.0265625 0.078125
0 0.265625 0.17890625 0.025 0.1453125
0 0.21171875 0.57109375 0.0328125 0.2109375
0 0.171875 0.578125 0.0453125 0.1921875
0 0.24140625 0.14375 0.03125 0.159375
0 0.2671875 0.128125 0.03125 0.1515625
0 0.2171875 0.08359375 0.0328125 0.15
0 0.24453125 0.0828125 0.0265625 0.1390625
0 0.209375 0.38359375 0.0390625 0.18125
0 0.1703125 0.38515625 0.0328125 0.1875
0 0.27109375 0.37578125 0.0375 0.178125