0 0.815625 0.67578125 0.04375 0.2265625
0 0.25234375 0.1953125 0.0375 0.1859375
0 0.2171875 0.6515625 0.0484375 0.2296875
0 0.91484375 0.51875 0.040625 0.19375
0 0.503125 0.92109375 0.0390625 0.1578125
0 0.37734375 0.24140625 0.0390625 0.1046875
0 0.3671875 0.32421875 0.0296875 0.1125
0 0.42890625 0.21796875 0.03125 0.1609375
0 0.76875 0.06171875 0.028125 0.1234375
0 0.55546875 0.14375 0.0265625 0.15
0 0.52890625 0.146875 0.03125 0.16875
0 0.28046875 0.16875 0.0203125 0.1546875
0 0.49921875 0.10859375 0.0328125 0.15625
0 0.06875 0.409375 0.0265625 0.1734375
0 0.45546875 0.5015625 0.0421875 0.196875
0 0.48515625 0.50390625 0.0375 0.184375
0 0.41796875 0.159375 0.0234375 0.1421875
0 0.38984375 0.16640625 0.0265625 0.15625
0 0.38203125 0.0765625 0.0265625 0.1421875
0 0.1375 0.41875 0.0296875 0.1765625
0 0.65078125 0.08125 0.03125 0.109375
0 0.2828125 0.55078125 0.0359375 0.203125
0 0.23671875 0.5375 0.04375 0.2140625
0 0.29375 0.13515625 0.0234375 0.1546875
0 0.17734375 0.121875 0.028125 0.15
0 0.20234375 0.18046875 0.0296875 0.165625
0 0.5015625 0.4484375 0.0359375 0.175
0 0.16015625 0.2 0.028125 0.1578125
0 0.1234375 0.20078125 0.028125 0.1515625
0 0.15234375 0.15859375 0.0296875 0.15
0 0.45625 0.0390625 0.021875 0.078125
0 0.23203125 0.12109375 0.028125 0.15625
0 0.22890625 0.45 0.04375 0.2
0 0.9703125 0.565625 0.0359375 0.19375
0 0.91015625 0.1296875 0.0328125 0.1453125
0 0.840625 0.05546875 0.0359375 0.1109375
0 0.21875 0.9265625 0.053125 0.146875
0 0.2359375 0.8890625 0.040625 0.221875
0 0.22734375 0.03046875 0.021875 0.0609375
0 0.2046875 0.0296875 0.0234375 0.059375