0 0.834375 0.68828125 0.046875 0.221875
0 0.2484375 0.17421875 0.0375 0.1828125
0 0.2796875 0.64296875 0.0515625 0.221875
0 0.91484375 0.51875 0.040625 0.19375
0 0.51796875 0.9265625 0.040625 0.146875
0 0.37734375 0.24140625 0.0390625 0.1046875
0 0.3671875 0.32421875 0.0296875 0.1125
0 0.42890625 0.21796875 0.03125 0.1609375
0 0.7609375 0.0484375 0.0265625 0.096875
0 0.55 0.13046875 0.028125 0.1484375
0 0.51640625 0.128125 0.03125 0.1640625
0 0.278125 0.1625 0.021875 0.15625
0 0.496875 0.08203125 0.0328125 0.1515625
0 0.06953125 0.41015625 0.0265625 0.175
0 0.46015625 0.53203125 0.04375 0.20625
0 0.490625 0.53671875 0.0421875 0.190625
0 0.40859375 0.153125 0.0203125 0.1359375
0 0.3828125 0.16640625 0.0296875 0.15625
0 0.38046875 0.0765625 0.025 0.1421875
0 0.1296875 0.38828125 0.0296875 0.1703125
0 0.65078125 0.08125 0.03125 0.109375
0 0.26640625 0.5859375 0.034375 0.20625
0 0.22265625 0.57265625 0.046875 0.21875
0 0.29375 0.134375 0.0265625 0.153125
0 0.18515625 0.121875 0.028125 0.15
0 0.203125 0.17890625 0.028125 0.1625
0 0.54765625 0.48046875 0.03125 0.18125
0 0.16328125 0.1984375 0.028125 0.1578125
0 0.121875 0.2015625 0.03125 0.1453125
0 0.1296875 0.1828125 0.025 0.1703125
0 0.146875 0.1546875 0.0296875 0.1609375
0 0.45 0.04609375 0.0265625 0.0921875
0 0.2359375 0.140625 0.0296875 0.159375
0 0.24296875 0.4078125 0.0421875 0.2
0 0.96640625 0.5359375 0.034375 0.1953125
0 0.92578125 0.1515625 0.03125 0.146875
0 0.9796875 0.13046875 0.0265625 0.1515625
0 0.86015625 0.07109375 0.0375 0.1421875
0 0.253125 0.96015625 0.053125 0.0796875
0 0.271875 0.92265625 0.046875 0.1546875
0 0.2296875 0.03671875 0.025 0.0734375
0 0.20703125 0.03828125 0.021875 0.0765625