0 0.84609375 0.65390625 0.053125 0.215625
0 0.35703125 0.65 0.040625 0.228125
0 0.915625 0.51640625 0.040625 0.1953125
0 0.4953125 0.9328125 0.040625 0.134375
0 0.37734375 0.24140625 0.0390625 0.1046875
0 0.3671875 0.32421875 0.0296875 0.1125
0 0.43203125 0.20703125 0.0390625 0.1578125
0 0.19453125 0.23515625 0.0265625 0.1546875
0 0.17421875 0.23828125 0.0359375 0.1765625
0 0.40625 0.140625 0.028125 0.146875
0 0.39921875 0.115625 0.0265625 0.1546875
0 0.65078125 0.08046875 0.03125 0.109375
0 0.30546875 0.18671875 0.0296875 0.1578125
0 0.17421875 0.059375 0.0234375 0.11875
0 0.203125 0.1765625 0.0265625 0.159375
0 0.1625 0.19296875 0.025 0.1546875
0 0.1375 0.19921875 0.0265625 0.1546875
0 0.12265625 0.18046875 0.025 0.1703125
0 0.46640625 0.0234375 0.0265625 0.046875
0 0.1734375 0.72890625 0.040625 0.2328125
0 0.525 0.515625 0.040625 0.2109375
0 0.47890625 0.5296875 0.034375 0.209375
0 0.725 0.92734375 0.05 0.1453125
0 0.934375 0.7390625 0.04375 0.21875
0 0.79375 0.06796875 0.034375 0.1359375
0 0.75546875 0.07578125 0.0265625 0.1375
0 0.9015625 0.13359375 0.0265625 0.1546875
0 0.840625 0.10859375 0.0265625 0.1453125
0 0.7859375 0.15546875 0.0296875 0.1453125
0 0.5875 0.07734375 0.028125 0.1421875
0 0.39296875 0.0328125 0.0234375 0.065625
0 0.2578125 0.0640625 0.025 0.128125
0 0.234375 0.3984375 0.028125 0.1890625
0 0.19375 0.396875 0.040625 0.16875
0 0.2265625 0.134375 0.0296875 0.1609375
0 0.22734375 0.0390625 0.0328125 0.078125
0 0.1453125 0.05546875 0.028125 0.1109375
0 0.26484375 0.253125 0.03125 0.175
0 0.2234375 0.2453125 0.0296875 0.16875