0 0.7328125 0.6359375 0.053125 0.2234375
0 0.23828125 0.290625 0.0390625 0.2
0 0.07265625 0.621875 0.0484375 0.2296875
0 0.915625 0.51875 0.040625 0.19375
0 0.5140625 0.921875 0.0359375 0.15625
0 0.35390625 0.82109375 0.053125 0.2328125
0 0.37734375 0.24140625 0.0390625 0.1046875
0 0.3671875 0.32421875 0.0296875 0.1125
0 0.42890625 0.21796875 0.03125 0.1609375
0 0.78984375 0.13046875 0.028125 0.1375
0 0.6390625 0.203125 0.0203125 0.1515625
0 0.60625 0.2125 0.0296875 0.171875
0 0.284375 0.1953125 0.0265625 0.1609375
0 0.48515625 0.2234375 0.0359375 0.1703125
0 0.06875 0.409375 0.025 0.1734375
0 0.0765625 0.390625 0.03125 0.184375
0 0.4109375 0.37109375 0.0359375 0.1875
0 0.4390625 0.378125 0.0359375 0.1765625
0 0.53828125 0.19375 0.0234375 0.1453125
0 0.4578125 0.18046875 0.025 0.159375
0 0.38046875 0.0734375 0.028125 0.146875
0 0.1328125 0.578125 0.0296875 0.1921875
0 0.65078125 0.08125 0.03125 0.109375
0 0.3296875 0.38984375 0.0296875 0.171875
0 0.28203125 0.396875 0.0390625 0.1984375
0 0.25546875 0.03828125 0.025 0.0765625
0 0.221875 0.03828125 0.0234375 0.0765625
0 0.29296875 0.1359375 0.025 0.1546875
0 0.209375 0.11328125 0.0265625 0.1515625
0 0.1984375 0.17734375 0.028125 0.1625
0 0.30625 0.328125 0.028125 0.1640625
0 0.16328125 0.19453125 0.028125 0.1578125
0 0.18671875 0.16171875 0.021875 0.159375
0 0.12421875 0.19296875 0.028125 0.1515625
0 0.146875 0.171875 0.028125 0.1671875
0 0.19296875 0.0640625 0.028125 0.128125
0 0.2296875 0.65625 0.0421875 0.225
0 0.82109375 0.05703125 0.028125 0.1140625
0 0.075 0.72421875 0.05625 0.23125
0 0.0296875 0.67421875 0.059375 0.2203125