0 0.73515625 0.63671875 0.053125 0.2234375
0 0.2328125 0.41796875 0.04375 0.2140625
0 0.07421875 0.62265625 0.04375 0.23125
0 0.915625 0.51875 0.0390625 0.19375
0 0.640625 0.94765625 0.0453125 0.1046875
0 0.35390625 0.81953125 0.053125 0.23125
0 0.37734375 0.24140625 0.0390625 0.1046875
0 0.3671875 0.32421875 0.0296875 0.1125
0 0.42890625 0.21796875 0.03125 0.1609375
0 0.990625 0.3671875 0.01875 0.1765625
0 0.78828125 0.13125 0.028125 0.1359375
0 0.80390625 0.2734375 0.0265625 0.1609375
0 0.77109375 0.2765625 0.0390625 0.1796875
0 0.43671875 0.26171875 0.0421875 0.159375
0 0.534375 0.25390625 0.0359375 0.1625
0 0.0875 0.41875 0.0296875 0.178125
0 0.47734375 0.24609375 0.0296875 0.15625
0 0.71171875 0.265625 0.0203125 0.1515625
0 0.6796875 0.2359375 0.0296875 0.1515625
0 0.3796875 0.07265625 0.028125 0.1453125
0 0.02265625 0.79609375 0.0359375 0.2109375
0 0.65078125 0.0796875 0.03125 0.10625
0 0.2734375 0.26640625 0.040625 0.178125
0 0.23984375 0.09765625 0.0265625 0.1453125
0 0.21171875 0.10546875 0.028125 0.1515625
0 0.2921875 0.1359375 0.0234375 0.1546875
0 0.26640625 0.11171875 0.028125 0.1484375
0 0.1984375 0.178125 0.028125 0.1640625
0 0.25546875 0.1734375 0.0296875 0.1421875
0 0.16328125 0.19140625 0.028125 0.1578125
0 0.18828125 0.159375 0.021875 0.1609375
0 0.121875 0.1953125 0.0265625 0.1515625
0 0.1453125 0.16875 0.025 0.1703125
0 0.228125 0.92265625 0.05 0.1546875