0 0.828125 0.6640625 0.0390625 0.225
0 0.25234375 0.09140625 0.0390625 0.1671875
0 0.446875 0.68125 0.0390625 0.2375
0 0.91640625 0.51953125 0.0390625 0.190625
0 0.5578125 0.93125 0.0453125 0.1375
0 0.37734375 0.24140625 0.0390625 0.1046875
0 0.3671875 0.32421875 0.0296875 0.1125
0 0.42578125 0.2125 0.03125 0.159375
0 0.53359375 0.05703125 0.028125 0.1140625
0 0.49921875 0.05703125 0.0296875 0.1140625
0 0.3015625 0.13046875 0.0203125 0.14375
0 0.09375 0.39140625 0.0328125 0.1765625
0 0.0640625 0.371875 0.0234375 0.196875
0 0.515625 0.75546875 0.0640625 0.2359375
0 0.55234375 0.76015625 0.040625 0.2171875
0 0.39140625 0.16171875 0.034375 0.1546875
0 0.18203125 0.240625 0.025 0.15625
0 0.65078125 0.08125 0.03125 0.109375
0 0.17109375 0.84609375 0.0375 0.240625
0 0.13046875 0.82265625 0.046875 0.25
0 0.28046875 0.165625 0.03125 0.159375
0 0.17421875 0.125 0.025 0.1515625
0 0.2 0.18203125 0.028125 0.1625
0 0.89296875 0.665625 0.040625 0.196875
0 0.16328125 0.19375 0.028125 0.1578125
0 0.12890625 0.19921875 0.0328125 0.146875
0 0.4703125 0.05703125 0.025 0.1140625
0 0.22421875 0.246875 0.0328125 0.16875
0 0.25859375 0.21796875 0.0375 0.1734375
0 0.9203125 0.40625 0.04375 0.1984375
0 0.8578125 0.37421875 0.0328125 0.18125
0 0.79296875 0.0609375 0.0296875 0.121875
0 0.92265625 0.2625 0.0328125 0.1609375
0 0.8875 0.103125 0.0265625 0.153125
0 0.85625 0.09921875 0.0296875 0.1609375
0 0.9765625 0.2625 0.0421875 0.175
0 0.21953125 0.09296875 0.0234375 0.146875
0 0.19375 0.09921875 0.0296875 0.1359375