0 0.84453125 0.65390625 0.05 0.215625
0 0.26484375 0.60859375 0.0453125 0.221875
0 0.91484375 0.51796875 0.05 0.19375
0 0.49375 0.92890625 0.0390625 0.1421875
0 0.37734375 0.24140625 0.0390625 0.1046875
0 0.3671875 0.32421875 0.0296875 0.1125
0 0.4328125 0.21328125 0.0328125 0.1578125
0 0.15390625 0.303125 0.03125 0.1703125
0 0.12578125 0.2984375 0.028125 0.1875
0 0.609375 0.94609375 0.053125 0.1078125
0 0.40234375 0.14609375 0.021875 0.140625
0 0.403125 0.12109375 0.0265625 0.1578125
0 0.265625 0.12890625 0.0234375 0.14375
0 0.65078125 0.08125 0.03125 0.109375
0 0.29921875 0.184375 0.03125 0.1609375
0 0.159375 0.06796875 0.0265625 0.1359375
0 0.2 0.18203125 0.025 0.159375
0 0.1625 0.1921875 0.025 0.15625
0 0.13203125 0.19765625 0.025 0.146875
0 0.15078125 0.165625 0.0296875 0.1625
0 0.4703125 0.03671875 0.025 0.0734375
0 0.1921875 0.39140625 0.034375 0.190625
0 0.25859375 0.08046875 0.03125 0.1546875
0 0.7890625 0.93359375 0.0453125 0.1328125
0 0.7453125 0.94296875 0.0421875 0.1140625
0 0.859375 0.25546875 0.0328125 0.1703125
0 0.79921875 0.2453125 0.028125 0.1625
0 0.7859375 0.0703125 0.03125 0.13125
0 0.2546875 0.1734375 0.0234375 0.1609375
0 0.23359375 0.17890625 0.028125 0.140625
0 0.18203125 0.04921875 0.0234375 0.0984375
0 0.22890625 0.06875 0.0296875 0.1375
0 0.19765625 0.0640625 0.025 0.128125
0 0.84609375 0.0125 0.015625 0.025
0 0.634375 0.05703125 0.0296875 0.1140625