0 0.73515625 0.63671875 0.053125 0.2234375
0 0.2234375 0.4515625 0.0453125 0.215625
0 0.07421875 0.6234375 0.04375 0.23125
0 0.915625 0.51875 0.0390625 0.19375
0 0.62890625 0.95234375 0.0390625 0.0953125
0 0.35390625 0.81953125 0.053125 0.23125
0 0.37734375 0.24140625 0.0390625 0.1046875
0 0.3671875 0.32421875 0.0296875 0.1125
0 0.42890625 0.21796875 0.03125 0.1609375
0 0.971875 0.3171875 0.034375 0.175
0 0.7875 0.13125 0.028125 0.1359375
0 0.840625 0.3 0.028125 0.165625
0 0.79765625 0.296875 0.03125 0.178125
0 0.5203125 0.26484375 0.0421875 0.1625
0 0.54609375 0.228125 0.040625 0.1671875
0 0.11484375 0.43046875 0.034375 0.1796875
0 0.46640625 0.2140625 0.028125 0.16875
0 0.48828125 0.21875 0.025 0.15
0 0.5515625 0.02421875 0.0234375 0.0484375
0 0.53359375 0.02265625 0.021875 0.0453125
0 0.74296875 0.2875 0.025 0.15625
0 0.72109375 0.24921875 0.025 0.15625
0 0.3796875 0.07265625 0.028125 0.1453125
0 0.015625 0.86328125 0.03125 0.2203125
0 0.646875 0.08203125 0.0390625 0.109375
0 0.27578125 0.23984375 0.046875 0.175
0 0.24765625 0.128125 0.0234375 0.153125
0 0.2265625 0.1390625 0.0265625 0.153125
0 0.2921875 0.1359375 0.0234375 0.1546875
0 0.2671875 0.11171875 0.028125 0.1484375
0 0.1984375 0.17890625 0.028125 0.165625
0 0.21015625 0.1515625 0.025 0.14375
0 0.1609375 0.19140625 0.028125 0.1578125
0 0.18828125 0.16015625 0.025 0.1609375
0 0.1234375 0.19375 0.025 0.1515625
0 0.14375 0.16953125 0.025 0.1671875
0 0.22265625 0.96796875 0.0453125 0.0640625