0 0.84609375 0.65625 0.053125 0.2203125
0 0.3203125 0.61328125 0.03125 0.2359375
0 0.915625 0.51875 0.040625 0.1953125
0 0.475 0.93125 0.0390625 0.1375
0 0.37734375 0.24140625 0.0390625 0.1046875
0 0.3671875 0.32421875 0.0296875 0.1125
0 0.43125 0.20703125 0.0375 0.1578125
0 0.259375 0.23671875 0.0265625 0.1546875
0 0.284375 0.24453125 0.0375 0.175
0 0.4046875 0.1421875 0.0265625 0.15
0 0.3953125 0.10703125 0.0296875 0.1515625
0 0.65078125 0.08046875 0.03125 0.109375
0 0.296875 0.18671875 0.0296875 0.1546875
0 0.16953125 0.0609375 0.0203125 0.121875
0 0.2078125 0.17421875 0.0296875 0.1609375
0 0.16328125 0.19375 0.025 0.15625
0 0.19765625 0.15703125 0.025 0.159375
0 0.1328125 0.203125 0.028125 0.1515625
0 0.1234375 0.18046875 0.0390625 0.16875
0 0.18984375 0.1453125 0.025 0.15
0 0.23515625 0.95234375 0.0515625 0.0953125
0 0.50390625 0.30546875 0.034375 0.18125
0 0.459375 0.309375 0.0359375 0.1796875
0 0.60390625 0.62109375 0.04375 0.2265625
0 0.88359375 0.7359375 0.0484375 0.21875
0 0.87421875 0.70390625 0.0546875 0.234375
0 0.73984375 0.02421875 0.0296875 0.0484375
0 0.98515625 0.32890625 0.0296875 0.175
0 0.9109375 0.28125 0.0296875 0.165625
0 0.775 0.0296875 0.025 0.059375
0 0.784375 0.27890625 0.0390625 0.15
0 0.69609375 0.259375 0.03125 0.1546875
0 0.45703125 0.03984375 0.028125 0.0796875
0 0.4328125 0.03125 0.0265625 0.0625
0 0.40703125 0.0390625 0.0265625 0.078125
0 0.2546875 0.1921875 0.028125 0.15
0 0.2109375 0.58671875 0.0359375 0.2140625
0 0.16640625 0.60078125 0.0484375 0.2
0 0.23984375 0.14296875 0.034375 0.159375
0 0.27109375 0.13984375 0.03125 0.1515625
0 0.2234375 0.09921875 0.0328125 0.159375
0 0.2046875 0.39921875 0.0390625 0.190625
0 0.16796875 0.4015625 0.0359375 0.190625
0 0.265625 0.390625 0.0390625 0.1796875