0 0.84453125 0.65390625 0.05 0.215625
0 0.234375 0.621875 0.0484375 0.2265625
0 0.91484375 0.5171875 0.046875 0.1921875
0 0.46015625 0.93515625 0.0421875 0.1296875
0 0.37734375 0.24140625 0.0390625 0.1046875
0 0.3671875 0.32421875 0.0296875 0.1125
0 0.42109375 0.20703125 0.0265625 0.1640625
0 0.18125 0.265625 0.03125 0.1640625
0 0.14921875 0.265625 0.0296875 0.1859375
0 0.403125 0.14453125 0.0234375 0.140625
0 0.25234375 0.07109375 0.021875 0.13125
0 0.65078125 0.08046875 0.03125 0.109375
0 0.3015625 0.1859375 0.0296875 0.1625
0 0.178125 0.05859375 0.025 0.1171875
0 0.19921875 0.18046875 0.025 0.159375
0 0.1625 0.19140625 0.025 0.15625
0 0.1359375 0.19921875 0.0265625 0.1515625
0 0.12109375 0.178125 0.0265625 0.171875
0 0.46875 0.0265625 0.0265625 0.053125
0 0.17421875 0.48828125 0.0375 0.2015625
0 0.665625 0.8046875 0.0515625 0.2484375
0 0.62578125 0.82265625 0.0421875 0.240625
0 0.84609375 0.184375 0.03125 0.165625
0 0.77890625 0.17890625 0.028125 0.15625
0 0.76484375 0.028125 0.0234375 0.05625
0 0.78515625 0.07109375 0.03125 0.13125
0 0.26015625 0.23828125 0.025 0.16875
0 0.23125 0.24296875 0.0328125 0.15
0 0.146875 0.05546875 0.025 0.1109375
0 0.2359375 0.11171875 0.03125 0.146875
0 0.20546875 0.1109375 0.028125 0.1453125
0 0.8328125 0.01796875 0.021875 0.0359375
0 0.5046875 0.03671875 0.034375 0.0734375