0 0.73515625 0.6359375 0.0546875 0.2234375
0 0.24765625 0.26640625 0.0390625 0.196875
0 0.07734375 0.6296875 0.04375 0.2296875
0 0.915625 0.51875 0.040625 0.19375
0 0.50390625 0.915625 0.0375 0.16875
0 0.35234375 0.81953125 0.05 0.23125
0 0.37734375 0.24140625 0.0390625 0.1046875
0 0.3671875 0.32421875 0.0296875 0.1125
0 0.42890625 0.21796875 0.03125 0.1609375
0 0.78828125 0.12734375 0.028125 0.1390625
0 0.6234375 0.184375 0.025 0.1515625
0 0.5828125 0.1953125 0.03125 0.1671875
0 0.28125 0.1921875 0.0265625 0.1640625
0 0.49921875 0.19921875 0.0359375 0.165625
0 0.06875 0.409375 0.025 0.1734375
0 0.42734375 0.3984375 0.040625 0.190625
0 0.45703125 0.4015625 0.0390625 0.1765625
0 0.421875 0.171875 0.025 0.1515625
0 0.38046875 0.0734375 0.028125 0.146875
0 0.1296875 0.540625 0.0296875 0.190625
0 0.65078125 0.08125 0.03125 0.109375
0 0.32265625 0.421875 0.03125 0.184375
0 0.278125 0.4265625 0.0359375 0.2015625
0 0.2625 0.02890625 0.025 0.0578125
0 0.221875 0.0296875 0.0234375 0.059375
0 0.29296875 0.1359375 0.025 0.1546875
0 0.196875 0.1171875 0.0265625 0.1515625
0 0.1984375 0.178125 0.028125 0.1625
0 0.1640625 0.19375 0.028125 0.15625
0 0.18671875 0.16328125 0.021875 0.1578125
0 0.12421875 0.19296875 0.028125 0.1515625
0 0.14453125 0.171875 0.025 0.165625
0 0.1984375 0.06875 0.028125 0.1375
0 0.2203125 0.60546875 0.046875 0.225
0 0.990625 0.6984375 0.01875 0.215625
0 0.83984375 0.065625 0.0296875 0.13125
0 0.11484375 0.765625 0.046875 0.2328125
0 0.0921875 0.71015625 0.0484375 0.2296875