0 0.84609375 0.65390625 0.053125 0.215625
0 0.35546875 0.64765625 0.0421875 0.225
0 0.915625 0.5171875 0.040625 0.1953125
0 0.490625 0.93984375 0.040625 0.1203125
0 0.37734375 0.24140625 0.0390625 0.1046875
0 0.3671875 0.32421875 0.0296875 0.1125
0 0.43203125 0.20703125 0.0390625 0.1578125
0 0.17421875 0.2390625 0.034375 0.178125
0 0.40546875 0.1421875 0.0265625 0.146875
0 0.4 0.115625 0.0234375 0.1546875
0 0.65078125 0.08046875 0.03125 0.109375
0 0.30390625 0.18671875 0.0296875 0.1578125
0 0.17421875 0.059375 0.0234375 0.11875
0 0.2078125 0.1765625 0.028125 0.159375
0 0.1390625 0.19921875 0.0296875 0.1515625
0 0.1234375 0.18046875 0.0265625 0.1703125
0 0.46640625 0.0234375 0.0265625 0.046875
0 0.18359375 0.76484375 0.046875 0.240625
0 0.51796875 0.484375 0.0328125 0.2109375
0 0.46953125 0.4984375 0.0328125 0.203125
0 0.703125 0.90234375 0.05 0.1953125
0 0.9328125 0.7390625 0.0515625 0.225
0 0.79609375 0.0625 0.0296875 0.125
0 0.75859375 0.065625 0.0234375 0.13125
0 0.9078125 0.1625 0.028125 0.1640625
0 0.84609375 0.13125 0.028125 0.146875
0 0.78515625 0.16875 0.03125 0.14375
0 0.59375 0.103125 0.0328125 0.15
0 0.38515625 0.0375 0.0375 0.075
0 0.25625 0.08125 0.0234375 0.1359375
0 0.2296875 0.4171875 0.03125 0.1921875
0 0.190625 0.4171875 0.04375 0.1734375
0 0.2328125 0.140625 0.028125 0.1640625
0 0.23125 0.0484375 0.0359375 0.096875
0 0.1453125 0.05546875 0.028125 0.1109375
0 0.26171875 0.2703125 0.0359375 0.1734375
0 0.21171875 0.265625 0.0296875 0.1703125