0 0.73515625 0.63671875 0.053125 0.2234375
0 0.22421875 0.446875 0.0453125 0.2171875
0 0.07421875 0.62265625 0.04375 0.23125
0 0.915625 0.51875 0.0390625 0.19375
0 0.63671875 0.953125 0.0390625 0.09375
0 0.35390625 0.81953125 0.053125 0.23125
0 0.37734375 0.24140625 0.0390625 0.1046875
0 0.3671875 0.32421875 0.0296875 0.1125
0 0.42890625 0.21796875 0.03125 0.1609375
0 0.97578125 0.31953125 0.0375 0.1765625
0 0.7875 0.13125 0.028125 0.1359375
0 0.8359375 0.296875 0.0296875 0.1671875
0 0.7953125 0.29453125 0.03125 0.178125
0 0.50625 0.26484375 0.0484375 0.1625
0 0.5453125 0.23046875 0.040625 0.16875
0 0.11015625 0.4296875 0.034375 0.178125
0 0.46484375 0.21875 0.0296875 0.16875
0 0.5515625 0.02265625 0.0234375 0.0453125
0 0.53203125 0.02265625 0.0234375 0.0453125
0 0.7375 0.284375 0.0234375 0.1546875
0 0.71640625 0.24921875 0.028125 0.1546875
0 0.3796875 0.07265625 0.028125 0.1453125
0 0.01640625 0.85546875 0.0328125 0.2203125
0 0.6484375 0.08203125 0.0390625 0.109375
0 0.27421875 0.24140625 0.046875 0.175
0 0.24609375 0.121875 0.0265625 0.1515625
0 0.22578125 0.134375 0.0265625 0.153125
0 0.2921875 0.1359375 0.0234375 0.1546875
0 0.2671875 0.11171875 0.028125 0.1484375
0 0.1984375 0.178125 0.028125 0.1640625
0 0.215625 0.1515625 0.0265625 0.14375
0 0.1609375 0.19140625 0.028125 0.1578125
0 0.1890625 0.1609375 0.0265625 0.1609375
0 0.1234375 0.19375 0.025 0.1515625
0 0.14375 0.16875 0.025 0.16875
0 0.2234375 0.96015625 0.046875 0.0796875