0 0.84453125 0.653125 0.05 0.215625
0 0.34453125 0.6203125 0.04375 0.23125
0 0.91328125 0.51796875 0.046875 0.19375
0 0.5328125 0.93515625 0.040625 0.1296875
0 0.37734375 0.24140625 0.0390625 0.1046875
0 0.3671875 0.32421875 0.0296875 0.1125
0 0.4328125 0.2125 0.034375 0.15625
0 0.5171875 0.0296875 0.0265625 0.059375
0 0.4890625 0.0296875 0.028125 0.059375
0 0.3328125 0.12578125 0.0203125 0.13125
0 0.1390625 0.3265625 0.0328125 0.1703125
0 0.103125 0.31875 0.0296875 0.1890625
0 0.59453125 0.90625 0.065625 0.1875
0 0.63359375 0.9109375 0.05 0.178125
0 0.403125 0.14453125 0.021875 0.140625
0 0.425 0.125 0.028125 0.1515625
0 0.265625 0.16171875 0.0234375 0.1453125
0 0.65078125 0.08125 0.03125 0.109375
0 0.15390625 0.96171875 0.04375 0.0765625
0 0.190625 0.9296875 0.053125 0.140625
0 0.3046875 0.184375 0.0265625 0.1609375
0 0.1640625 0.08203125 0.028125 0.146875
0 0.2 0.18203125 0.025 0.159375
0 0.1625 0.1921875 0.025 0.15625
0 0.12734375 0.1984375 0.028125 0.1484375
0 0.15859375 0.16640625 0.028125 0.1546875
0 0.46640625 0.0421875 0.0265625 0.084375
0 0.20546875 0.34453125 0.0328125 0.18125
0 0.265625 0.1203125 0.0328125 0.1609375
0 0.875 0.296875 0.0359375 0.1796875
0 0.82265625 0.2796875 0.0265625 0.165625
0 0.7859375 0.06953125 0.03125 0.13125
0 0.98984375 0.34921875 0.0203125 0.1640625
0 0.85625 0.05078125 0.028125 0.1015625
0 0.23828125 0.14453125 0.025 0.15625
0 0.21640625 0.15390625 0.025 0.140625
0 0.234375 0.05078125 0.03125 0.1015625
0 0.2015625 0.046875 0.0265625 0.09375