0 0.84609375 0.65625 0.053125 0.2203125
0 0.31875 0.615625 0.0359375 0.2296875
0 0.915625 0.51875 0.040625 0.1953125
0 0.48125 0.93359375 0.0421875 0.1328125
0 0.37734375 0.24140625 0.0390625 0.1046875
0 0.3671875 0.32421875 0.0296875 0.1125
0 0.43125 0.20703125 0.0375 0.1578125
0 0.2453125 0.234375 0.03125 0.1546875
0 0.2734375 0.24296875 0.034375 0.1765625
0 0.40390625 0.14375 0.028125 0.1484375
0 0.3953125 0.10859375 0.0296875 0.1515625
0 0.65078125 0.08046875 0.03125 0.109375
0 0.29609375 0.1875 0.03125 0.1546875
0 0.16875 0.06015625 0.0171875 0.1203125
0 0.2078125 0.1765625 0.0296875 0.1609375
0 0.16328125 0.19453125 0.025 0.1546875
0 0.19921875 0.159375 0.025 0.1609375
0 0.13515625 0.2046875 0.028125 0.1484375
0 0.1203125 0.18046875 0.0328125 0.16875
0 0.18984375 0.14609375 0.025 0.15
0 0.22265625 0.93984375 0.0515625 0.1203125
0 0.5046875 0.31640625 0.034375 0.184375
0 0.45859375 0.328125 0.03125 0.18125
0 0.6109375 0.64453125 0.0453125 0.234375
0 0.89296875 0.73828125 0.0453125 0.21875
0 0.89609375 0.70078125 0.0515625 0.2375
0 0.7453125 0.02578125 0.028125 0.0515625
0 0.9796875 0.3125 0.0328125 0.175
0 0.90390625 0.2703125 0.03125 0.165625
0 0.79375 0.02421875 0.028125 0.0484375
0 0.76953125 0.02578125 0.025 0.0515625
0 0.7828125 0.26875 0.0359375 0.15
0 0.67890625 0.25078125 0.034375 0.1546875
0 0.46015625 0.03828125 0.0296875 0.0765625
0 0.42734375 0.03125 0.025 0.0625
0 0.40703125 0.0390625 0.0265625 0.078125
0 0.2640625 0.18046875 0.0234375 0.1453125
0 0.21171875 0.57265625 0.034375 0.2109375
0 0.17109375 0.5828125 0.0453125 0.19375
0 0.24140625 0.14296875 0.03125 0.159375
0 0.26796875 0.1296875 0.03125 0.1515625
0 0.21796875 0.08671875 0.0328125 0.1515625
0 0.2078125 0.384375 0.0375 0.18125
0 0.1703125 0.38671875 0.0328125 0.1875
0 0.2703125 0.378125 0.0390625 0.1796875