0 0.84609375 0.65390625 0.053125 0.215625
0 0.36640625 0.64375 0.0421875 0.2265625
0 0.915625 0.51796875 0.040625 0.1953125
0 0.49921875 0.93125 0.0421875 0.1375
0 0.37734375 0.24140625 0.0390625 0.1046875
0 0.3671875 0.32421875 0.0296875 0.1125
0 0.43125 0.20703125 0.0375 0.1578125
0 0.178125 0.2390625 0.028125 0.1765625
0 0.4046875 0.13984375 0.0296875 0.1453125
0 0.4 0.11328125 0.0265625 0.1546875
0 0.65078125 0.08046875 0.03125 0.109375
0 0.3015625 0.18671875 0.0296875 0.1578125
0 0.17421875 0.059375 0.0234375 0.11875
0 0.19921875 0.18125 0.028125 0.159375
0 0.16328125 0.19296875 0.025 0.1546875
0 0.13671875 0.203125 0.0296875 0.1546875
0 0.1265625 0.1796875 0.0328125 0.1671875
0 0.46640625 0.0234375 0.0265625 0.046875
0 0.19140625 0.83203125 0.0484375 0.2453125
0 0.503125 0.428125 0.0359375 0.1984375
0 0.46171875 0.44140625 0.034375 0.196875
0 0.6703125 0.828125 0.0453125 0.25
0 0.93046875 0.74375 0.0484375 0.2296875
0 0.7859375 0.05078125 0.028125 0.1015625
0 0.7484375 0.05390625 0.0234375 0.1078125
0 0.9296875 0.20390625 0.0328125 0.165625
0 0.865625 0.1703125 0.0265625 0.15
0 0.7828125 0.19921875 0.034375 0.146875
0 0.61015625 0.14296875 0.028125 0.1515625
0 0.440625 0.02578125 0.025 0.0515625
0 0.4171875 0.0265625 0.025 0.053125
0 0.37734375 0.0390625 0.0328125 0.078125
0 0.2625 0.10625 0.0265625 0.14375
0 0.22109375 0.45703125 0.0359375 0.19375
0 0.18828125 0.46875 0.040625 0.1828125
0 0.240625 0.14765625 0.028125 0.1625
0 0.23515625 0.06171875 0.03125 0.1234375
0 0.21328125 0.04921875 0.0265625 0.0984375
0 0.14296875 0.05546875 0.028125 0.1109375
0 0.23984375 0.303125 0.0359375 0.1765625
0 0.19453125 0.29921875 0.0328125 0.1703125
0 0.26484375 0.284375 0.03125 0.16875