0 0.79453125 0.6640625 0.046875 0.228125
0 0.2546875 0.209375 0.0375 0.1875
0 0.17109375 0.65390625 0.0484375 0.2390625
0 0.91484375 0.51875 0.040625 0.19375
0 0.503125 0.9203125 0.0375 0.159375
0 0.37734375 0.24140625 0.0390625 0.1046875
0 0.3671875 0.32421875 0.0296875 0.1125
0 0.42890625 0.21796875 0.03125 0.1609375
0 0.77265625 0.08046875 0.0265625 0.1328125
0 0.56875 0.14921875 0.028125 0.146875
0 0.53828125 0.1609375 0.03125 0.16875
0 0.27734375 0.17265625 0.021875 0.1609375
0 0.503125 0.13046875 0.03125 0.15625
0 0.06875 0.409375 0.0265625 0.1734375
0 0.45 0.4765625 0.0453125 0.2
0 0.4796875 0.48125 0.0359375 0.18125
0 0.43984375 0.16875 0.025 0.14375
0 0.3953125 0.16953125 0.0234375 0.15625
0 0.3796875 0.0734375 0.0265625 0.146875
0 0.1375 0.44453125 0.0296875 0.178125
0 0.65078125 0.08125 0.03125 0.109375
0 0.29375 0.51796875 0.034375 0.1984375
0 0.25234375 0.50546875 0.0328125 0.2109375
0 0.29375 0.1359375 0.0234375 0.1546875
0 0.17734375 0.121875 0.028125 0.15
0 0.19921875 0.18125 0.028125 0.1640625
0 0.159375 0.2 0.028125 0.1578125
0 0.19140625 0.1640625 0.025 0.1609375
0 0.1265625 0.1953125 0.0296875 0.15
0 0.46015625 0.03359375 0.01875 0.0671875
0 0.22890625 0.10546875 0.0296875 0.1546875
0 0.22421875 0.4859375 0.04375 0.209375
0 0.97890625 0.59765625 0.0359375 0.196875
0 0.89375 0.115625 0.0296875 0.1421875
0 0.82421875 0.0390625 0.0328125 0.078125
0 0.18984375 0.8984375 0.05 0.203125
0 0.2109375 0.85078125 0.046875 0.25
0 0.20234375 0.02421875 0.0234375 0.0484375