0 0.825 0.68125 0.04375 0.225
0 0.25078125 0.1875 0.0375 0.184375
0 0.240625 0.64609375 0.053125 0.234375
0 0.91484375 0.51875 0.040625 0.19375
0 0.51015625 0.9234375 0.0390625 0.153125
0 0.37734375 0.24140625 0.0390625 0.1046875
0 0.3671875 0.32421875 0.0296875 0.1125
0 0.42890625 0.21796875 0.03125 0.1609375
0 0.76640625 0.05703125 0.0296875 0.1140625
0 0.55390625 0.13984375 0.0265625 0.15
0 0.52421875 0.14140625 0.03125 0.16875
0 0.28125 0.16796875 0.0203125 0.15625
0 0.49921875 0.096875 0.03125 0.153125
0 0.06953125 0.41015625 0.0265625 0.175
0 0.459375 0.51640625 0.0453125 0.20625
0 0.4859375 0.51796875 0.0359375 0.1875
0 0.41171875 0.15625 0.0203125 0.140625
0 0.3859375 0.165625 0.028125 0.1578125
0 0.38203125 0.0765625 0.0265625 0.1421875
0 0.134375 0.403125 0.03125 0.171875
0 0.65078125 0.08125 0.03125 0.109375
0 0.278125 0.559375 0.034375 0.2
0 0.23125 0.55546875 0.0453125 0.2140625
0 0.29375 0.13515625 0.025 0.1546875
0 0.18125 0.12109375 0.028125 0.15
0 0.203125 0.17890625 0.0296875 0.1640625
0 0.5203125 0.46015625 0.034375 0.18125
0 0.16171875 0.19921875 0.028125 0.1578125
0 0.1234375 0.2015625 0.028125 0.1484375
0 0.1296875 0.18046875 0.0234375 0.175
0 0.1484375 0.1546875 0.0296875 0.159375
0 0.45234375 0.040625 0.0234375 0.08125
0 0.234375 0.1265625 0.0296875 0.1546875
0 0.24140625 0.43046875 0.0421875 0.2
0 0.9703125 0.55546875 0.0359375 0.19375
0 0.9140625 0.1375 0.0296875 0.14375
0 0.99296875 0.1328125 0.0140625 0.146875
0 0.84375 0.059375 0.0265625 0.11875
0 0.22890625 0.93671875 0.05 0.1265625
0 0.25546875 0.90234375 0.0546875 0.1953125
0 0.22890625 0.0328125 0.0234375 0.065625
0 0.2046875 0.03359375 0.021875 0.0671875