0 0.734375 0.63671875 0.0546875 0.2234375
0 0.2359375 0.40546875 0.0421875 0.2125
0 0.07421875 0.621875 0.04375 0.2296875
0 0.915625 0.51875 0.0390625 0.19375
0 0.63515625 0.94375 0.04375 0.1125
0 0.35390625 0.81953125 0.053125 0.23125
0 0.37734375 0.24140625 0.0390625 0.1046875
0 0.3671875 0.32421875 0.0296875 0.1125
0 0.42890625 0.21796875 0.03125 0.1609375
0 0.78828125 0.13125 0.028125 0.1359375
0 0.7890625 0.26953125 0.0265625 0.1609375
0 0.759375 0.2734375 0.0359375 0.175
0 0.4140625 0.25390625 0.028125 0.1640625
0 0.5265625 0.26015625 0.0359375 0.1703125
0 0.078125 0.41484375 0.0234375 0.178125
0 0.08359375 0.39296875 0.0328125 0.1875
0 0.45078125 0.24921875 0.028125 0.171875
0 0.471875 0.2546875 0.028125 0.1546875
0 0.70078125 0.2625 0.0203125 0.15
0 0.66015625 0.22890625 0.0421875 0.15
0 0.3796875 0.07265625 0.028125 0.1453125
0 0.0234375 0.778125 0.034375 0.215625
0 0.65078125 0.08046875 0.03125 0.109375
0 0.27578125 0.278125 0.040625 0.18125
0 0.23984375 0.0921875 0.028125 0.15
0 0.21171875 0.09921875 0.028125 0.15
0 0.2921875 0.1359375 0.0234375 0.1546875
0 0.26640625 0.11171875 0.0296875 0.1484375
0 0.19921875 0.178125 0.028125 0.1640625
0 0.26328125 0.18515625 0.03125 0.14375
0 0.16484375 0.19140625 0.028125 0.1578125
0 0.18671875 0.159375 0.025 0.1640625
0 0.121875 0.1953125 0.0265625 0.1515625
0 0.14609375 0.16953125 0.025 0.1703125
0 0.18828125 0.01875 0.0265625 0.0375
0 0.228125 0.9078125 0.0515625 0.184375