0 0.7640625 0.640625 0.05 0.228125
0 0.2546875 0.23515625 0.0390625 0.190625
0 0.11484375 0.64453125 0.0453125 0.2328125
0 0.915625 0.51875 0.040625 0.19375
0 0.51328125 0.92421875 0.0453125 0.1515625
0 0.37734375 0.24140625 0.0390625 0.1046875
0 0.3671875 0.32421875 0.0296875 0.1125
0 0.42890625 0.21796875 0.03125 0.1609375
0 0.78125 0.10625 0.0265625 0.1359375
0 0.59375 0.165625 0.03125 0.1515625
0 0.55703125 0.178125 0.03125 0.16875
0 0.27890625 0.18671875 0.025 0.165625
0 0.50703125 0.1640625 0.0359375 0.1640625
0 0.06875 0.409375 0.0265625 0.1734375
0 0.05078125 0.3921875 0.04375 0.1875
0 0.44296875 0.43828125 0.04375 0.2015625
0 0.4765625 0.440625 0.0390625 0.1796875
0 0.46015625 0.171875 0.0203125 0.140625
0 0.403125 0.17109375 0.0234375 0.159375
0 0.3796875 0.0734375 0.0265625 0.146875
0 0.1359375 0.48984375 0.0296875 0.1859375
0 0.65078125 0.08125 0.03125 0.109375
0 0.309375 0.4734375 0.0328125 0.1953125
0 0.2640625 0.46796875 0.0390625 0.2078125
0 0.29375 0.1359375 0.0234375 0.1546875
0 0.19765625 0.18125 0.025 0.1609375
0 0.3875 0.39140625 0.0359375 0.16875
0 0.1640625 0.19375 0.028125 0.15625
0 0.18828125 0.16484375 0.021875 0.1625
0 0.1265625 0.19296875 0.03125 0.15
0 0.14140625 0.175 0.025 0.1703125
0 0.4640625 0.021875 0.01875 0.04375
0 0.21484375 0.0828125 0.0296875 0.146875
0 0.2203125 0.54375 0.046875 0.21875
0 0.98359375 0.640625 0.0328125 0.2140625
0 0.86796875 0.0859375 0.0296875 0.1359375
0 0.79453125 0.0234375 0.0234375 0.046875
0 0.15703125 0.84453125 0.0453125 0.2515625
0 0.16171875 0.77578125 0.0484375 0.240625