0 0.73359375 0.6359375 0.053125 0.2234375
0 0.23828125 0.32890625 0.0390625 0.2046875
0 0.07421875 0.61953125 0.0421875 0.23125
0 0.915625 0.51875 0.040625 0.19375
0 0.55546875 0.91796875 0.0359375 0.1640625
0 0.353125 0.81953125 0.053125 0.23125
0 0.37734375 0.24140625 0.0390625 0.1046875
0 0.3671875 0.32421875 0.0296875 0.1125
0 0.42890625 0.21796875 0.03125 0.1609375
0 0.7890625 0.13046875 0.028125 0.1375
0 0.6859375 0.22890625 0.025 0.146875
0 0.66875 0.23671875 0.028125 0.165625
0 0.31484375 0.2265625 0.034375 0.15625
0 0.46171875 0.26796875 0.0375 0.1734375
0 0.06875 0.409375 0.025 0.1734375
0 0.07890625 0.3921875 0.0296875 0.1875
0 0.40859375 0.3234375 0.0359375 0.18125
0 0.43203125 0.33203125 0.03125 0.16875
0 0.60625 0.21953125 0.025 0.1484375
0 0.53359375 0.20078125 0.04375 0.15625
0 0.3796875 0.07265625 0.028125 0.1453125
0 0.121875 0.65625 0.0328125 0.1984375
0 0.65078125 0.08125 0.03125 0.109375
0 0.32578125 0.3359375 0.03125 0.1765625
0 0.29140625 0.346875 0.0328125 0.190625
0 0.2484375 0.05390625 0.025 0.1078125
0 0.2140625 0.05546875 0.0234375 0.1109375
0 0.29296875 0.1359375 0.025 0.1546875
0 0.2421875 0.1125 0.0328125 0.1515625
0 0.1984375 0.178125 0.028125 0.1625
0 0.27265625 0.2703125 0.0296875 0.1546875
0 0.16328125 0.19453125 0.028125 0.1578125
0 0.18984375 0.16171875 0.0234375 0.159375
0 0.12421875 0.19140625 0.028125 0.1515625
0 0.1453125 0.17109375 0.0296875 0.1703125
0 0.196875 0.040625 0.0234375 0.08125
0 0.2359375 0.7640625 0.046875 0.246875
0 0.80234375 0.0375 0.025 0.075