0 0.84609375 0.65390625 0.053125 0.215625
0 0.3578125 0.646875 0.0421875 0.225
0 0.915625 0.5171875 0.040625 0.1953125
0 0.49296875 0.9390625 0.0421875 0.121875
0 0.37734375 0.24140625 0.0390625 0.1046875
0 0.3671875 0.32421875 0.0296875 0.1125
0 0.43125 0.20703125 0.0390625 0.1578125
0 0.1734375 0.2390625 0.0359375 0.178125
0 0.40390625 0.13828125 0.03125 0.1453125
0 0.65078125 0.08046875 0.03125 0.109375
0 0.303125 0.18671875 0.0296875 0.1578125
0 0.17421875 0.059375 0.0234375 0.11875
0 0.2078125 0.17734375 0.028125 0.159375
0 0.16328125 0.19296875 0.025 0.1546875
0 0.13828125 0.19921875 0.028125 0.1546875
0 0.1265625 0.18671875 0.0375 0.159375
0 0.46640625 0.0234375 0.0265625 0.046875
0 0.18515625 0.79296875 0.04375 0.240625
0 0.51171875 0.45859375 0.0421875 0.203125
0 0.46484375 0.4734375 0.0328125 0.1984375
0 0.6859375 0.878125 0.05 0.24375
0 0.93359375 0.74140625 0.0484375 0.2296875
0 0.7875 0.05625 0.03125 0.1125
0 0.75390625 0.0609375 0.0234375 0.121875
0 0.915625 0.18359375 0.0265625 0.159375
0 0.85625 0.146875 0.0265625 0.1484375
0 0.78359375 0.18203125 0.03125 0.1421875
0 0.60078125 0.11875 0.028125 0.1515625
0 0.43671875 0.02109375 0.025 0.0421875
0 0.3765625 0.0390625 0.0546875 0.078125
0 0.26015625 0.0921875 0.028125 0.1390625
0 0.22421875 0.434375 0.03125 0.1921875
0 0.19140625 0.43828125 0.0390625 0.1765625
0 0.23828125 0.14296875 0.0328125 0.1640625
0 0.23125 0.05390625 0.034375 0.1078125
0 0.2125 0.03984375 0.0265625 0.0796875
0 0.1453125 0.05546875 0.028125 0.1109375
0 0.25234375 0.284375 0.0359375 0.1765625
0 0.20703125 0.2828125 0.03125 0.1703125