0 0.8453125 0.65390625 0.0515625 0.215625
0 0.3578125 0.646875 0.040625 0.23125
0 0.915625 0.51640625 0.040625 0.1953125
0 0.4734375 0.934375 0.0453125 0.13125
0 0.37734375 0.24140625 0.0390625 0.1046875
0 0.3671875 0.32421875 0.0296875 0.1125
0 0.43359375 0.2078125 0.040625 0.1609375
0 0.19375 0.2359375 0.025 0.15625
0 0.17265625 0.23828125 0.0375 0.1765625
0 0.40546875 0.1390625 0.028125 0.146875
0 0.3984375 0.115625 0.0296875 0.15625
0 0.65078125 0.08046875 0.03125 0.109375
0 0.30546875 0.1875 0.03125 0.159375
0 0.17421875 0.05859375 0.0234375 0.1171875
0 0.19921875 0.1765625 0.025 0.159375
0 0.1625 0.19140625 0.025 0.15625
0 0.13671875 0.1984375 0.0265625 0.1546875
0 0.125 0.1796875 0.025 0.16875
0 0.46640625 0.0234375 0.0265625 0.046875
0 0.15859375 0.665625 0.040625 0.2203125
0 0.5453125 0.57734375 0.0390625 0.21875
0 0.5015625 0.59453125 0.0359375 0.21875
0 0.8 0.0890625 0.0359375 0.15
0 0.74921875 0.09921875 0.0265625 0.1453125
0 0.878125 0.10078125 0.0265625 0.1453125
0 0.8265625 0.0703125 0.025 0.134375
0 0.7796875 0.128125 0.03125 0.1390625
0 0.571875 0.053125 0.03125 0.10625
0 0.390625 0.03203125 0.021875 0.0640625
0 0.2671875 0.05 0.0234375 0.1
0 0.240625 0.346875 0.028125 0.184375
0 0.20078125 0.3515625 0.0390625 0.16875
0 0.2328125 0.02578125 0.0234375 0.0515625
0 0.1453125 0.05546875 0.028125 0.1109375
0 0.2609375 0.21171875 0.03125 0.1625
0 0.23125 0.20546875 0.03125 0.1578125
0 0.4109375 0.03046875 0.0234375 0.0609375