0 0.85 0.6984375 0.040625 0.2234375
0 0.24921875 0.1609375 0.0359375 0.18125
0 0.32578125 0.63671875 0.0515625 0.225
0 0.91484375 0.51875 0.0421875 0.19375
0 0.5265625 0.91953125 0.0453125 0.1609375
0 0.37734375 0.24140625 0.0390625 0.1046875
0 0.3671875 0.32421875 0.0296875 0.1125
0 0.42890625 0.21796875 0.03125 0.1609375
0 0.76015625 0.04296875 0.0265625 0.0859375
0 0.54296875 0.121875 0.028125 0.1484375
0 0.5109375 0.11328125 0.03125 0.1625
0 0.2765625 0.153125 0.0265625 0.15625
0 0.4953125 0.06328125 0.0296875 0.1265625
0 0.06953125 0.41015625 0.0265625 0.175
0 0.46484375 0.55703125 0.0453125 0.2109375
0 0.49296875 0.56171875 0.0359375 0.1921875
0 0.40546875 0.15546875 0.025 0.125
0 0.38203125 0.16328125 0.0296875 0.15625
0 0.37890625 0.07109375 0.0265625 0.1421875
0 0.12265625 0.3640625 0.028125 0.1703125
0 0.65078125 0.08125 0.03125 0.109375
0 0.2546875 0.61796875 0.034375 0.2140625
0 0.2 0.60390625 0.0453125 0.225
0 0.29375 0.134375 0.0265625 0.153125
0 0.18125 0.1265625 0.0328125 0.1515625
0 0.20078125 0.17890625 0.028125 0.1625
0 0.5828125 0.50390625 0.03125 0.1859375
0 0.16015625 0.19609375 0.028125 0.15625
0 0.12734375 0.2015625 0.0296875 0.1453125
0 0.44453125 0.05078125 0.028125 0.1015625
0 0.2359375 0.146875 0.0296875 0.159375
0 0.2515625 0.378125 0.0359375 0.1953125
0 0.953125 0.5109375 0.0328125 0.19375
0 0.93515625 0.16640625 0.0296875 0.146875
0 0.9546875 0.1375 0.0359375 0.15
0 0.86640625 0.08984375 0.03125 0.15
0 0.30390625 0.94765625 0.053125 0.1046875
0 0.23359375 0.0390625 0.025 0.078125
0 0.21171875 0.04296875 0.0234375 0.0859375