0 0.84609375 0.65546875 0.053125 0.21875
0 0.33046875 0.61953125 0.046875 0.2203125
0 0.915625 0.51875 0.040625 0.1953125
0 0.4890625 0.93828125 0.0421875 0.1234375
0 0.37734375 0.24140625 0.0390625 0.1046875
0 0.3671875 0.32421875 0.0296875 0.1125
0 0.43125 0.20703125 0.0375 0.1578125
0 0.21328125 0.23359375 0.025 0.153125
0 0.24296875 0.2421875 0.03125 0.1796875
0 0.4046875 0.14296875 0.0265625 0.1484375
0 0.39609375 0.109375 0.028125 0.153125
0 0.65078125 0.08046875 0.03125 0.109375
0 0.2953125 0.18828125 0.03125 0.1546875
0 0.171875 0.059375 0.01875 0.11875
0 0.2109375 0.17734375 0.0296875 0.1609375
0 0.16328125 0.19453125 0.025 0.1546875
0 0.1984375 0.15859375 0.0234375 0.1625
0 0.134375 0.20625 0.0265625 0.146875
0 0.11640625 0.18125 0.025 0.1703125
0 0.1515625 0.1609375 0.0328125 0.15625
0 0.18984375 0.1453125 0.025 0.15
0 0.20703125 0.91328125 0.0515625 0.1734375
0 0.49921875 0.34765625 0.0359375 0.1921875
0 0.4546875 0.35546875 0.034375 0.184375
0 0.625 0.6921875 0.0484375 0.2421875
0 0.92734375 0.74140625 0.05 0.2265625
0 0.75859375 0.03359375 0.0296875 0.0671875
0 0.71875 0.0328125 0.0234375 0.065625
0 0.965625 0.2796875 0.03125 0.1734375
0 0.89453125 0.2375 0.028125 0.1625
0 0.78125 0.246875 0.0328125 0.146875
0 0.65390625 0.21875 0.03125 0.15625
0 0.4578125 0.0359375 0.028125 0.071875
0 0.40703125 0.0390625 0.0265625 0.078125
0 0.27734375 0.15859375 0.028125 0.140625
0 0.2140625 0.54140625 0.0328125 0.2109375
0 0.17578125 0.54609375 0.046875 0.190625
0 0.2421875 0.14140625 0.0328125 0.159375
0 0.25703125 0.109375 0.03125 0.1515625
0 0.2125 0.06953125 0.03125 0.1390625
0 0.23828125 0.06875 0.025 0.1375
0 0.22109375 0.3578125 0.0390625 0.18125
0 0.1734375 0.3625 0.0328125 0.1828125
0 0.275 0.346875 0.0328125 0.1703125