0 0.84453125 0.65390625 0.05 0.215625
0 0.3140625 0.609375 0.034375 0.225
0 0.9140625 0.51796875 0.0484375 0.19375
0 0.52421875 0.93671875 0.0390625 0.1265625
0 0.37734375 0.24140625 0.0390625 0.1046875
0 0.3671875 0.32421875 0.0296875 0.1125
0 0.4328125 0.2125 0.034375 0.15625
0 0.5140625 0.02421875 0.0265625 0.0484375
0 0.33359375 0.12578125 0.0203125 0.13125
0 0.14296875 0.3171875 0.03125 0.171875
0 0.11015625 0.3125 0.0421875 0.184375
0 0.6046875 0.921875 0.0546875 0.15625
0 0.640625 0.92734375 0.05 0.1453125
0 0.40234375 0.14453125 0.021875 0.140625
0 0.415625 0.12421875 0.028125 0.1609375
0 0.2703125 0.1515625 0.0234375 0.1453125
0 0.65078125 0.08125 0.03125 0.109375
0 0.19296875 0.95078125 0.053125 0.0984375
0 0.30234375 0.1828125 0.028125 0.1640625
0 0.15859375 0.0765625 0.03125 0.1453125
0 0.2 0.18203125 0.025 0.159375
0 0.1625 0.1921875 0.025 0.15625
0 0.13125 0.1984375 0.028125 0.1484375
0 0.15234375 0.165625 0.0296875 0.1625
0 0.4671875 0.0390625 0.0265625 0.078125
0 0.2 0.365625 0.0328125 0.1859375
0 0.2671875 0.10390625 0.03125 0.1609375
0 0.82734375 0.9671875 0.04375 0.065625
0 0.78125 0.9765625 0.0390625 0.046875
0 0.86484375 0.28203125 0.0421875 0.175
0 0.815625 0.265625 0.0265625 0.165625
0 0.7859375 0.06953125 0.03125 0.13125
0 0.8453125 0.04296875 0.028125 0.0859375
0 0.24375 0.15234375 0.025 0.1546875
0 0.22421875 0.16328125 0.025 0.140625
0 0.23359375 0.05859375 0.03125 0.1171875
0 0.196875 0.053125 0.0265625 0.10625
0 0.646875 0.05859375 0.034375 0.10625