0 0.83671875 0.68984375 0.0453125 0.221875
0 0.24765625 0.171875 0.0375 0.18125
0 0.284375 0.640625 0.053125 0.221875
0 0.91484375 0.51875 0.040625 0.19375
0 0.51796875 0.9265625 0.040625 0.146875
0 0.37734375 0.24140625 0.0390625 0.1046875
0 0.3671875 0.32421875 0.0296875 0.1125
0 0.42890625 0.21796875 0.03125 0.1609375
0 0.759375 0.04765625 0.025 0.0953125
0 0.5484375 0.13046875 0.028125 0.1484375
0 0.5140625 0.12734375 0.034375 0.1640625
0 0.278125 0.16015625 0.0234375 0.15625
0 0.496875 0.078125 0.0328125 0.1515625
0 0.06953125 0.41015625 0.0265625 0.175
0 0.46015625 0.5375 0.04375 0.2078125
0 0.49375 0.53984375 0.0421875 0.190625
0 0.4078125 0.1515625 0.021875 0.134375
0 0.3828125 0.16640625 0.0296875 0.15625
0 0.3796875 0.0765625 0.0265625 0.1421875
0 0.128125 0.384375 0.028125 0.16875
0 0.65078125 0.08125 0.03125 0.109375
0 0.2640625 0.59140625 0.0328125 0.209375
0 0.22109375 0.57890625 0.046875 0.21875
0 0.29375 0.134375 0.0265625 0.153125
0 0.184375 0.1234375 0.0296875 0.1515625
0 0.203125 0.17890625 0.028125 0.1625
0 0.55234375 0.4859375 0.034375 0.1796875
0 0.1625 0.19765625 0.028125 0.15625
0 0.121875 0.2015625 0.0328125 0.1453125
0 0.1296875 0.1828125 0.0265625 0.1703125
0 0.146875 0.1546875 0.0296875 0.1609375
0 0.44921875 0.046875 0.0265625 0.09375
0 0.2359375 0.14296875 0.0296875 0.159375
0 0.2421875 0.40625 0.04375 0.2015625
0 0.96484375 0.534375 0.034375 0.1953125
0 0.92734375 0.1546875 0.0328125 0.1484375
0 0.9765625 0.1296875 0.0265625 0.1546875
0 0.8609375 0.07265625 0.0359375 0.1453125
0 0.25625 0.96484375 0.053125 0.0703125
0 0.275 0.92734375 0.046875 0.1453125
0 0.23125 0.0375 0.025 0.075
0 0.2078125 0.0390625 0.021875 0.078125