0 0.846875 0.69609375 0.0421875 0.2234375
0 0.2484375 0.16328125 0.0359375 0.18125
0 0.3140625 0.64140625 0.0546875 0.2234375
0 0.91484375 0.51875 0.0421875 0.19375
0 0.52421875 0.921875 0.04375 0.15625
0 0.37734375 0.24140625 0.0390625 0.1046875
0 0.3671875 0.32421875 0.0296875 0.1125
0 0.42890625 0.21796875 0.03125 0.1609375
0 0.759375 0.0453125 0.0265625 0.090625
0 0.54296875 0.12421875 0.028125 0.1484375
0 0.5109375 0.11796875 0.03125 0.1625
0 0.2765625 0.15625 0.0265625 0.1578125
0 0.49609375 0.06796875 0.0296875 0.1359375
0 0.06953125 0.41015625 0.0265625 0.175
0 0.46171875 0.55234375 0.04375 0.2109375
0 0.49453125 0.55625 0.0390625 0.1921875
0 0.40546875 0.153125 0.021875 0.13125
0 0.38203125 0.16328125 0.0296875 0.15625
0 0.3796875 0.07421875 0.0265625 0.1453125
0 0.1234375 0.36640625 0.028125 0.1703125
0 0.65078125 0.08125 0.03125 0.109375
0 0.25703125 0.609375 0.034375 0.215625
0 0.20546875 0.5984375 0.046875 0.2265625
0 0.29375 0.134375 0.0265625 0.153125
0 0.18203125 0.1265625 0.03125 0.1515625
0 0.20078125 0.17890625 0.028125 0.1625
0 0.57421875 0.49921875 0.03125 0.1859375
0 0.1609375 0.19609375 0.028125 0.1578125
0 0.125 0.2015625 0.03125 0.1453125
0 0.13125 0.18203125 0.0296875 0.165625
0 0.4453125 0.05078125 0.0296875 0.1015625
0 0.2359375 0.14609375 0.0296875 0.159375
0 0.24921875 0.3828125 0.0359375 0.1953125
0 0.95625 0.5140625 0.0328125 0.1921875
0 0.93203125 0.16171875 0.028125 0.1453125
0 0.96171875 0.13828125 0.034375 0.146875
0 0.86328125 0.084375 0.0296875 0.15
0 0.29921875 0.9421875 0.0578125 0.115625
0 0.2328125 0.03828125 0.025 0.0765625
0 0.209375 0.04140625 0.021875 0.0828125