0 0.809375 0.671875 0.0453125 0.2265625
0 0.253125 0.19921875 0.0375 0.1859375
0 0.2015625 0.653125 0.059375 0.2296875
0 0.91484375 0.51875 0.040625 0.19375
0 0.503125 0.9203125 0.0390625 0.159375
0 0.37734375 0.24140625 0.0390625 0.1046875
0 0.3671875 0.32421875 0.0296875 0.1125
0 0.42890625 0.21796875 0.03125 0.1609375
0 0.771875 0.0640625 0.028125 0.128125
0 0.559375 0.14296875 0.0265625 0.146875
0 0.53203125 0.153125 0.03125 0.16875
0 0.278125 0.16875 0.0203125 0.1546875
0 0.49921875 0.1171875 0.0328125 0.1609375
0 0.06875 0.409375 0.0265625 0.1734375
0 0.45 0.4984375 0.0390625 0.2
0 0.4828125 0.4984375 0.0359375 0.1859375
0 0.42578125 0.1625 0.0234375 0.1421875
0 0.390625 0.16796875 0.025 0.1546875
0 0.38046875 0.07421875 0.025 0.1421875
0 0.1375 0.428125 0.0296875 0.1796875
0 0.65078125 0.08125 0.03125 0.109375
0 0.2859375 0.5390625 0.034375 0.2
0 0.2421875 0.5296875 0.0390625 0.215625
0 0.29375 0.13515625 0.0234375 0.1546875
0 0.17734375 0.121875 0.028125 0.15
0 0.2015625 0.18046875 0.0296875 0.165625
0 0.48671875 0.4359375 0.034375 0.1703125
0 0.159375 0.2 0.028125 0.1578125
0 0.1234375 0.19921875 0.028125 0.153125
0 0.1546875 0.1625 0.0296875 0.1421875
0 0.4578125 0.0375 0.0203125 0.075
0 0.23203125 0.11953125 0.028125 0.15625
0 0.2296875 0.4578125 0.0421875 0.2015625
0 0.97265625 0.58046875 0.0359375 0.196875
0 0.90625 0.121875 0.0296875 0.1421875
0 0.83515625 0.0515625 0.0328125 0.103125
0 0.2109375 0.91640625 0.0515625 0.1671875
0 0.22578125 0.8796875 0.0453125 0.240625
0 0.22734375 0.028125 0.021875 0.05625
0 0.20390625 0.028125 0.021875 0.05625