0 0.73515625 0.63671875 0.0546875 0.2234375
0 0.22890625 0.43203125 0.04375 0.215625
0 0.07421875 0.62265625 0.04375 0.23125
0 0.915625 0.51875 0.0390625 0.19375
0 0.646875 0.95234375 0.0421875 0.0953125
0 0.35390625 0.81953125 0.053125 0.23125
0 0.37734375 0.24140625 0.0390625 0.1046875
0 0.3671875 0.32421875 0.0296875 0.1125
0 0.42890625 0.21796875 0.03125 0.1609375
0 0.98359375 0.34609375 0.0328125 0.1765625
0 0.78828125 0.13125 0.028125 0.1359375
0 0.82109375 0.28125 0.0265625 0.159375
0 0.78515625 0.28828125 0.03125 0.18125
0 0.47109375 0.26328125 0.0296875 0.159375
0 0.54140625 0.23984375 0.0390625 0.1640625
0 0.09921875 0.421875 0.034375 0.1765625
0 0.46015625 0.2265625 0.03125 0.16875
0 0.48203125 0.2328125 0.028125 0.153125
0 0.72578125 0.27578125 0.0203125 0.1546875
0 0.7 0.2390625 0.028125 0.1546875
0 0.3796875 0.07265625 0.028125 0.1453125
0 0.2953125 0.040625 0.01875 0.08125
0 0.01953125 0.8265625 0.034375 0.2203125
0 0.65078125 0.07890625 0.03125 0.10625
0 0.27734375 0.25625 0.04375 0.1796875
0 0.2421875 0.109375 0.0265625 0.146875
0 0.2171875 0.11953125 0.0265625 0.1484375
0 0.2921875 0.1359375 0.0234375 0.1546875
0 0.2671875 0.11171875 0.028125 0.1484375
0 0.1984375 0.178125 0.028125 0.1640625
0 0.23828125 0.16328125 0.028125 0.1421875
0 0.16015625 0.19140625 0.028125 0.1578125
0 0.12265625 0.19375 0.025 0.1515625
0 0.14453125 0.16875 0.025 0.1703125
0 0.22421875 0.9421875 0.0515625 0.115625