0 0.73359375 0.6359375 0.053125 0.2234375
0 0.23828125 0.31171875 0.040625 0.203125
0 0.0734375 0.6203125 0.0453125 0.2296875
0 0.915625 0.51875 0.040625 0.19375
0 0.534375 0.9203125 0.034375 0.159375
0 0.353125 0.81953125 0.053125 0.23125
0 0.37734375 0.24140625 0.0390625 0.1046875
0 0.3671875 0.32421875 0.0296875 0.1125
0 0.42890625 0.21796875 0.03125 0.1609375
0 0.7890625 0.13046875 0.028125 0.1375
0 0.6640625 0.22109375 0.021875 0.1515625
0 0.64375 0.2265625 0.028125 0.165625
0 0.2984375 0.21171875 0.0328125 0.1546875
0 0.46953125 0.2484375 0.0390625 0.16875
0 0.06875 0.409375 0.025 0.1734375
0 0.0796875 0.3921875 0.0296875 0.1875
0 0.4046875 0.34296875 0.0359375 0.18125
0 0.43203125 0.35234375 0.0359375 0.1703125
0 0.584375 0.21015625 0.0203125 0.146875
0 0.503125 0.19140625 0.0421875 0.1578125
0 0.3796875 0.07265625 0.028125 0.1453125
0 0.1375 0.62578125 0.0328125 0.1984375
0 0.65078125 0.08125 0.03125 0.109375
0 0.33046875 0.359375 0.0296875 0.1765625
0 0.28984375 0.365625 0.0296875 0.190625
0 0.25 0.046875 0.025 0.09375
0 0.21953125 0.04609375 0.0234375 0.0921875
0 0.29296875 0.1359375 0.025 0.1546875
0 0.2296875 0.11171875 0.03125 0.1484375
0 0.1984375 0.178125 0.028125 0.1625
0 0.2828125 0.28984375 0.0296875 0.15625
0 0.16328125 0.19453125 0.028125 0.1578125
0 0.18828125 0.1640625 0.021875 0.1640625
0 0.12421875 0.19296875 0.028125 0.1515625
0 0.14609375 0.171875 0.028125 0.1703125
0 0.19140625 0.0484375 0.0265625 0.096875
0 0.23671875 0.715625 0.0453125 0.234375
0 0.80625 0.0453125 0.025 0.090625
0 0.0296875 0.67890625 0.059375 0.21875