0 0.7359375 0.63671875 0.0546875 0.2234375
0 0.2140625 0.4859375 0.0421875 0.221875
0 0.07421875 0.6234375 0.04375 0.23125
0 0.92109375 0.5203125 0.040625 0.1953125
0 0.59609375 0.9515625 0.040625 0.096875
0 0.35390625 0.81953125 0.053125 0.23125
0 0.37734375 0.24140625 0.0390625 0.1046875
0 0.3671875 0.32421875 0.0296875 0.1125
0 0.42890625 0.21796875 0.03125 0.1609375
0 0.95 0.2765625 0.034375 0.16875
0 0.7875 0.13125 0.028125 0.1359375
0 0.86640625 0.3265625 0.034375 0.16875
0 0.5828125 0.2765625 0.0359375 0.1671875
0 0.55625 0.2078125 0.040625 0.16875
0 0.13203125 0.459375 0.0328125 0.184375
0 0.15 0.434375 0.03125 0.203125
0 0.4703125 0.196875 0.03125 0.165625
0 0.4875 0.19609375 0.0265625 0.15
0 0.55234375 0.0375 0.025 0.075
0 0.53125 0.0359375 0.025 0.0703125
0 0.76640625 0.30703125 0.028125 0.1578125
0 0.7484375 0.259375 0.025 0.1578125
0 0.3796875 0.07265625 0.028125 0.1453125
0 0.40390625 0.021875 0.021875 0.04375
0 0.0109375 0.903125 0.021875 0.19375
0 0.6421875 0.08671875 0.0390625 0.1046875
0 0.28984375 0.22109375 0.0484375 0.16875
0 0.25390625 0.15390625 0.0265625 0.1609375
0 0.23046875 0.1609375 0.028125 0.1546875
0 0.29140625 0.1359375 0.021875 0.1546875
0 0.26796875 0.11171875 0.025 0.1484375
0 0.1984375 0.17890625 0.028125 0.165625
0 0.1625 0.19140625 0.028125 0.1578125
0 0.1875 0.159375 0.0265625 0.1609375
0 0.1265625 0.19375 0.025 0.153125
0 0.1515625 0.16796875 0.0296875 0.1671875
0 0.65 0.0609375 0.034375 0.121875