0 0.84453125 0.65390625 0.05 0.215625
0 0.21484375 0.609375 0.0484375 0.234375
0 0.915625 0.51796875 0.0515625 0.1921875
0 0.45078125 0.92734375 0.04375 0.1453125
0 0.37734375 0.24140625 0.0390625 0.1046875
0 0.3671875 0.32421875 0.0296875 0.1125
0 0.43125 0.2109375 0.0265625 0.1609375
0 0.1703125 0.28046875 0.0296875 0.165625
0 0.14296875 0.27578125 0.03125 0.184375
0 0.40234375 0.14453125 0.025 0.140625
0 0.2625 0.0984375 0.0234375 0.134375
0 0.65078125 0.08125 0.03125 0.109375
0 0.30546875 0.18203125 0.0265625 0.1640625
0 0.17578125 0.059375 0.0265625 0.11875
0 0.19921875 0.18125 0.025 0.159375
0 0.1625 0.19296875 0.025 0.15625
0 0.1296875 0.1984375 0.028125 0.15
0 0.471875 0.03046875 0.0265625 0.0609375
0 0.17734375 0.440625 0.0328125 0.19375
0 0.259375 0.0609375 0.03125 0.121875
0 0.7203125 0.8828125 0.053125 0.234375
0 0.675 0.8921875 0.046875 0.215625
0 0.85703125 0.21875 0.034375 0.1671875
0 0.78828125 0.20859375 0.028125 0.159375
0 0.7859375 0.07109375 0.03125 0.13125
0 0.265625 0.20234375 0.0234375 0.1640625
0 0.23515625 0.20703125 0.03125 0.1484375
0 0.1515625 0.0546875 0.028125 0.109375
0 0.22578125 0.09296875 0.028125 0.1484375
0 0.19453125 0.084375 0.0265625 0.1421875
0 0.83984375 0.0171875 0.0234375 0.034375
0 0.5625 0.04375 0.034375 0.0859375