0 0.734375 0.63671875 0.0546875 0.2234375
0 0.23828125 0.396875 0.0421875 0.2109375
0 0.07421875 0.621875 0.04375 0.2296875
0 0.915625 0.51875 0.0390625 0.19375
0 0.63046875 0.9421875 0.04375 0.115625
0 0.353125 0.81953125 0.053125 0.23125
0 0.37734375 0.24140625 0.0390625 0.1046875
0 0.3671875 0.32421875 0.0296875 0.1125
0 0.42890625 0.21796875 0.03125 0.1609375
0 0.78828125 0.13125 0.028125 0.1359375
0 0.77890625 0.25859375 0.028125 0.1609375
0 0.7515625 0.2703125 0.03125 0.178125
0 0.4 0.2546875 0.0359375 0.1625
0 0.5234375 0.2640625 0.0359375 0.16875
0 0.07421875 0.41171875 0.0234375 0.1765625
0 0.446875 0.2515625 0.0296875 0.1703125
0 0.4671875 0.2640625 0.0265625 0.15625
0 0.68984375 0.2625 0.0234375 0.15
0 0.64765625 0.22421875 0.0296875 0.15625
0 0.3796875 0.07265625 0.028125 0.1453125
0 0.02734375 0.75859375 0.034375 0.209375
0 0.65078125 0.08046875 0.03125 0.109375
0 0.27890625 0.28515625 0.0390625 0.18125
0 0.23984375 0.084375 0.0265625 0.1484375
0 0.209375 0.09296875 0.028125 0.15
0 0.2921875 0.1359375 0.0234375 0.1546875
0 0.26640625 0.11171875 0.0296875 0.1484375
0 0.19921875 0.178125 0.028125 0.1640625
0 0.2640625 0.1953125 0.028125 0.1453125
0 0.165625 0.1921875 0.028125 0.15625
0 0.1875 0.15859375 0.0234375 0.1625
0 0.121875 0.1953125 0.0265625 0.1515625
0 0.14765625 0.16875 0.0296875 0.1703125
0 0.23203125 0.89921875 0.0515625 0.2015625