0 0.84453125 0.65390625 0.05 0.215625
0 0.253125 0.60625 0.0421875 0.225
0 0.915625 0.51796875 0.0515625 0.19375
0 0.4828125 0.92890625 0.0390625 0.1421875
0 0.37734375 0.24140625 0.0390625 0.1046875
0 0.3671875 0.32421875 0.0296875 0.1125
0 0.4328125 0.21328125 0.0328125 0.1578125
0 0.15546875 0.2984375 0.0296875 0.1703125
0 0.12890625 0.2953125 0.028125 0.1859375
0 0.603125 0.9546875 0.0515625 0.090625
0 0.63828125 0.96015625 0.04375 0.0796875
0 0.403125 0.146875 0.021875 0.1421875
0 0.403125 0.12109375 0.028125 0.159375
0 0.2640625 0.121875 0.0234375 0.1390625
0 0.65078125 0.08125 0.03125 0.109375
0 0.3015625 0.184375 0.0296875 0.1609375
0 0.16328125 0.06640625 0.0265625 0.1328125
0 0.19921875 0.18203125 0.025 0.159375
0 0.1625 0.1921875 0.025 0.15625
0 0.13046875 0.1984375 0.025 0.1484375
0 0.15078125 0.16640625 0.0296875 0.1625
0 0.47109375 0.034375 0.0265625 0.06875
0 0.18828125 0.4 0.0359375 0.190625
0 0.2578125 0.07421875 0.028125 0.1484375
0 0.77265625 0.91953125 0.046875 0.1609375
0 0.7296875 0.93359375 0.046875 0.1328125
0 0.85859375 0.24609375 0.0375 0.171875
0 0.7953125 0.240625 0.0296875 0.1640625
0 0.7859375 0.0703125 0.03125 0.13125
0 0.2578125 0.18046875 0.0234375 0.1609375
0 0.23671875 0.184375 0.028125 0.1453125
0 0.2265625 0.06953125 0.028125 0.1390625
0 0.19609375 0.06796875 0.025 0.1359375
0 0.84453125 0.01484375 0.015625 0.0296875
0 0.62109375 0.0546875 0.0375 0.109375