0 0.84453125 0.65390625 0.05 0.215625
0 0.24609375 0.603125 0.0390625 0.2296875
0 0.915625 0.51796875 0.0515625 0.19375
0 0.4734375 0.92890625 0.0390625 0.1421875
0 0.37734375 0.24140625 0.0390625 0.1046875
0 0.3671875 0.32421875 0.0296875 0.1125
0 0.4328125 0.21328125 0.0328125 0.1578125
0 0.1578125 0.29453125 0.0296875 0.16875
0 0.13125 0.29140625 0.0296875 0.18125
0 0.596875 0.9625 0.0515625 0.075
0 0.6390625 0.965625 0.05 0.06875
0 0.403125 0.14453125 0.0234375 0.1421875
0 0.403125 0.1203125 0.028125 0.159375
0 0.2625 0.115625 0.0234375 0.134375
0 0.65078125 0.08125 0.03125 0.109375
0 0.303125 0.18359375 0.028125 0.1640625
0 0.1640625 0.06484375 0.0265625 0.1296875
0 0.19921875 0.18203125 0.025 0.159375
0 0.1625 0.19296875 0.025 0.15625
0 0.12890625 0.1984375 0.0265625 0.1484375
0 0.15078125 0.1671875 0.0296875 0.1625
0 0.47265625 0.03359375 0.0265625 0.0671875
0 0.18515625 0.40703125 0.0375 0.190625
0 0.2578125 0.07109375 0.028125 0.1421875
0 0.76484375 0.91328125 0.0546875 0.1734375
0 0.71953125 0.921875 0.04375 0.15625
0 0.86015625 0.23828125 0.040625 0.171875
0 0.7921875 0.23515625 0.0296875 0.1609375
0 0.7859375 0.0703125 0.03125 0.13125
0 0.26015625 0.184375 0.0234375 0.1609375
0 0.23515625 0.1859375 0.034375 0.1453125
0 0.22578125 0.07109375 0.0265625 0.1421875
0 0.1953125 0.06953125 0.025 0.1390625
0 0.84375 0.015625 0.01875 0.03125
0 0.60859375 0.05078125 0.0359375 0.1015625