0 0.8453125 0.65390625 0.0515625 0.215625
0 0.23671875 0.6234375 0.046875 0.225
0 0.91484375 0.5171875 0.046875 0.1921875
0 0.46015625 0.93671875 0.04375 0.1265625
0 0.37734375 0.24140625 0.0390625 0.1046875
0 0.3671875 0.32421875 0.0296875 0.1125
0 0.42109375 0.2078125 0.0265625 0.1640625
0 0.1828125 0.265625 0.0296875 0.1640625
0 0.14921875 0.26484375 0.0296875 0.1859375
0 0.403125 0.1453125 0.0234375 0.1390625
0 0.25234375 0.06875 0.021875 0.13125
0 0.65078125 0.08046875 0.03125 0.109375
0 0.3015625 0.18671875 0.0296875 0.1625
0 0.17734375 0.05859375 0.0234375 0.1171875
0 0.19921875 0.18046875 0.025 0.159375
0 0.1625 0.19140625 0.025 0.15625
0 0.13671875 0.19921875 0.0265625 0.1515625
0 0.12109375 0.178125 0.0265625 0.171875
0 0.46875 0.02578125 0.0265625 0.0515625
0 0.17421875 0.49453125 0.0375 0.203125
0 0.6625 0.79609375 0.0484375 0.24375
0 0.621875 0.81796875 0.0421875 0.2421875
0 0.84609375 0.18125 0.0296875 0.165625
0 0.778125 0.1765625 0.028125 0.1546875
0 0.78515625 0.07109375 0.03125 0.13125
0 0.26015625 0.240625 0.025 0.16875
0 0.2296875 0.24296875 0.0359375 0.15
0 0.14609375 0.05546875 0.025 0.1109375
0 0.2375 0.1140625 0.0296875 0.146875
0 0.20703125 0.115625 0.0265625 0.1515625
0 0.83203125 0.0171875 0.0203125 0.034375
0 0.5015625 0.03671875 0.0375 0.0734375