0 0.8453125 0.65390625 0.0515625 0.215625
0 0.36171875 0.646875 0.046875 0.23125
0 0.915625 0.515625 0.0390625 0.196875
0 0.46953125 0.93359375 0.040625 0.1328125
0 0.37734375 0.24140625 0.0390625 0.1046875
0 0.3671875 0.32421875 0.0296875 0.1125
0 0.428125 0.20625 0.034375 0.1609375
0 0.1921875 0.24140625 0.025 0.1546875
0 0.1671875 0.2390625 0.0328125 0.1765625
0 0.40546875 0.140625 0.0296875 0.146875
0 0.3984375 0.115625 0.0296875 0.15625
0 0.24609375 0.03203125 0.0234375 0.0640625
0 0.65078125 0.08046875 0.03125 0.109375
0 0.30546875 0.1875 0.03125 0.159375
0 0.17421875 0.05859375 0.0234375 0.1171875
0 0.19921875 0.178125 0.025 0.159375
0 0.1359375 0.1984375 0.025 0.153125
0 0.1234375 0.18046875 0.0265625 0.1671875
0 0.46640625 0.0234375 0.0265625 0.046875
0 0.1625 0.63359375 0.040625 0.2203125
0 0.5625 0.61171875 0.0484375 0.2234375
0 0.51875 0.62890625 0.0359375 0.2203125
0 0.8140625 0.11171875 0.03125 0.1515625
0 0.75390625 0.109375 0.025 0.1453125
0 0.8671875 0.0734375 0.028125 0.1453125
0 0.7828125 0.11171875 0.028125 0.140625
0 0.56875 0.0375 0.028125 0.075
0 0.27109375 0.040625 0.01875 0.08125
0 0.24140625 0.32578125 0.028125 0.178125
0 0.21171875 0.3265625 0.0375 0.165625
0 0.1453125 0.05546875 0.028125 0.1109375
0 0.26171875 0.19296875 0.0296875 0.1640625
0 0.23359375 0.18984375 0.028125 0.159375
0 0.41015625 0.03046875 0.0234375 0.0609375