0 0.8453125 0.65390625 0.0515625 0.215625
0 0.36015625 0.646875 0.046875 0.23125
0 0.915625 0.515625 0.0390625 0.196875
0 0.47109375 0.9328125 0.040625 0.134375
0 0.37734375 0.24140625 0.0390625 0.1046875
0 0.3671875 0.32421875 0.0296875 0.1125
0 0.428125 0.20546875 0.034375 0.1609375
0 0.19296875 0.24140625 0.0265625 0.1546875
0 0.165625 0.24140625 0.0359375 0.1765625
0 0.40546875 0.140625 0.0296875 0.146875
0 0.39921875 0.115625 0.0296875 0.15625
0 0.24140625 0.034375 0.0234375 0.06875
0 0.65078125 0.08046875 0.03125 0.109375
0 0.30546875 0.1875 0.03125 0.159375
0 0.17421875 0.05859375 0.0234375 0.1171875
0 0.19921875 0.178125 0.025 0.159375
0 0.13515625 0.19921875 0.0265625 0.1515625
0 0.121875 0.18046875 0.0265625 0.1671875
0 0.46640625 0.0234375 0.0265625 0.046875
0 0.1625 0.62421875 0.0390625 0.221875
0 0.56640625 0.6265625 0.0453125 0.2296875
0 0.52578125 0.64453125 0.0359375 0.221875
0 0.815625 0.115625 0.0328125 0.153125
0 0.75546875 0.1125 0.025 0.1453125
0 0.8625 0.07109375 0.025 0.1421875
0 0.78203125 0.109375 0.03125 0.140625
0 0.56484375 0.03671875 0.0296875 0.0734375
0 0.27109375 0.040625 0.01875 0.08125
0 0.24140625 0.321875 0.028125 0.178125
0 0.21328125 0.3234375 0.0375 0.165625
0 0.1453125 0.05546875 0.028125 0.1109375
0 0.26171875 0.18671875 0.0296875 0.1640625
0 0.23515625 0.18515625 0.028125 0.159375
0 0.409375 0.03046875 0.0234375 0.0609375