0 0.84453125 0.65390625 0.05 0.215625
0 0.28515625 0.6078125 0.05625 0.221875
0 0.9140625 0.51796875 0.05 0.19375
0 0.50703125 0.92890625 0.0390625 0.1421875
0 0.37734375 0.24140625 0.0390625 0.1046875
0 0.3671875 0.32421875 0.0296875 0.1125
0 0.4328125 0.2125 0.034375 0.15625
0 0.509375 0.02109375 0.025 0.0421875
0 0.33359375 0.12578125 0.0203125 0.13125
0 0.14921875 0.3109375 0.0296875 0.1703125
0 0.1203125 0.303125 0.0328125 0.1875
0 0.6078125 0.93359375 0.0515625 0.1328125
0 0.63828125 0.93984375 0.0453125 0.1203125
0 0.40234375 0.14453125 0.0234375 0.140625
0 0.4078125 0.121875 0.0265625 0.159375
0 0.26875 0.13828125 0.0234375 0.14375
0 0.65078125 0.08125 0.03125 0.109375
0 0.19375 0.96796875 0.053125 0.0640625
0 0.29921875 0.18359375 0.03125 0.1625
0 0.1546875 0.06953125 0.0296875 0.1390625
0 0.2 0.18203125 0.025 0.159375
0 0.1625 0.1921875 0.025 0.15625
0 0.13359375 0.19765625 0.0234375 0.146875
0 0.14921875 0.165625 0.0296875 0.1625
0 0.46953125 0.0390625 0.0265625 0.078125
0 0.19453125 0.3765625 0.034375 0.190625
0 0.26171875 0.09296875 0.03125 0.15625
0 0.80703125 0.9484375 0.046875 0.103125
0 0.7640625 0.9578125 0.040625 0.084375
0 0.86328125 0.26875 0.0359375 0.175
0 0.80390625 0.25390625 0.03125 0.1640625
0 0.7859375 0.0703125 0.03125 0.13125
0 0.8328125 0.03984375 0.028125 0.0796875
0 0.25078125 0.16484375 0.0234375 0.1609375
0 0.23046875 0.17109375 0.028125 0.14375
0 0.2328125 0.0625 0.0296875 0.125
0 0.19609375 0.05625 0.0296875 0.1125