0 0.74765625 0.63359375 0.0515625 0.2265625
0 0.25390625 0.2515625 0.0390625 0.19375
0 0.090625 0.6359375 0.04375 0.2296875
0 0.915625 0.51875 0.040625 0.19375
0 0.50546875 0.91875 0.0390625 0.1625
0 0.37734375 0.24140625 0.0390625 0.1046875
0 0.42890625 0.21796875 0.03125 0.1609375
0 0.78359375 0.11875 0.0265625 0.1359375
0 0.609375 0.17421875 0.0265625 0.153125
0 0.57109375 0.1890625 0.028125 0.1703125
0 0.28125 0.18984375 0.0296875 0.165625
0 0.5046875 0.18046875 0.0375 0.1640625
0 0.06875 0.409375 0.025 0.1734375
0 0.05 0.3921875 0.0453125 0.1875
0 0.434375 0.41484375 0.0421875 0.190625
0 0.4671875 0.41875 0.040625 0.1765625
0 0.47890625 0.17421875 0.025 0.140625
0 0.41015625 0.1703125 0.025 0.1578125
0 0.38046875 0.0734375 0.028125 0.146875
0 0.13203125 0.5140625 0.0296875 0.1828125
0 0.65078125 0.08125 0.03125 0.109375
0 0.31796875 0.4484375 0.0328125 0.1890625
0 0.271875 0.44609375 0.0375 0.20625
0 0.27109375 0.02265625 0.025 0.0453125
0 0.22890625 0.0234375 0.025 0.046875
0 0.29296875 0.1359375 0.025 0.1546875
0 0.1984375 0.1796875 0.0265625 0.1609375
0 0.36171875 0.36640625 0.028125 0.1609375
0 0.1640625 0.19375 0.028125 0.15625
0 0.1875 0.1640625 0.025 0.1625
0 0.12421875 0.19296875 0.028125 0.1515625
0 0.1421875 0.17265625 0.0234375 0.165625
0 0.20390625 0.0734375 0.0296875 0.146875
0 0.225 0.57421875 0.0453125 0.2203125
0 0.9859375 0.66796875 0.028125 0.215625
0 0.85390625 0.07734375 0.0328125 0.134375
0 0.13984375 0.8078125 0.0453125 0.246875
0 0.1265625 0.7375 0.0546875 0.23125