0 0.84609375 0.65546875 0.053125 0.21875
0 0.32734375 0.61953125 0.0453125 0.2203125
0 0.915625 0.51875 0.040625 0.1953125
0 0.48828125 0.9375 0.0421875 0.125
0 0.37734375 0.24140625 0.0390625 0.1046875
0 0.3671875 0.32421875 0.0296875 0.1125
0 0.43125 0.20703125 0.0375 0.1578125
0 0.2171875 0.23203125 0.0265625 0.1515625
0 0.24765625 0.2421875 0.0359375 0.1796875
0 0.4046875 0.14296875 0.0265625 0.1484375
0 0.39609375 0.109375 0.028125 0.153125
0 0.65078125 0.08046875 0.03125 0.109375
0 0.2953125 0.18828125 0.03125 0.1546875
0 0.17109375 0.059375 0.0203125 0.11875
0 0.21015625 0.17734375 0.0296875 0.1609375
0 0.16328125 0.19453125 0.025 0.1546875
0 0.1984375 0.15859375 0.0234375 0.1625
0 0.134375 0.20625 0.028125 0.146875
0 0.11640625 0.18125 0.025 0.1703125
0 0.1515625 0.1609375 0.0328125 0.15625
0 0.18984375 0.1453125 0.025 0.15
0 0.20859375 0.9171875 0.0515625 0.165625
0 0.49921875 0.3453125 0.0359375 0.19375
0 0.4546875 0.35 0.0359375 0.184375
0 0.62265625 0.68359375 0.046875 0.2390625
0 0.92265625 0.74140625 0.05 0.2234375
0 0.75703125 0.03203125 0.0296875 0.0640625
0 0.7171875 0.03203125 0.021875 0.0640625
0 0.9671875 0.28515625 0.03125 0.175
0 0.896875 0.240625 0.028125 0.1609375
0 0.78125 0.24765625 0.0328125 0.146875
0 0.65625 0.22109375 0.0296875 0.15625
0 0.45859375 0.0359375 0.0296875 0.071875
0 0.40703125 0.0390625 0.0265625 0.078125
0 0.2765625 0.16171875 0.0296875 0.14375
0 0.2140625 0.5421875 0.0328125 0.209375
0 0.175 0.5515625 0.0453125 0.1921875
0 0.2421875 0.14140625 0.0328125 0.159375
0 0.259375 0.11171875 0.03125 0.1515625
0 0.2140625 0.0703125 0.03125 0.140625
0 0.2390625 0.06953125 0.025 0.1390625
0 0.21953125 0.36171875 0.0390625 0.18125
0 0.171875 0.36640625 0.0328125 0.184375
0 0.275 0.34921875 0.0328125 0.1703125