0 0.84453125 0.65390625 0.05 0.215625
0 0.22578125 0.61875 0.0421875 0.2265625
0 0.915625 0.5171875 0.0484375 0.1921875
0 0.4640625 0.93203125 0.04375 0.1359375
0 0.37734375 0.24140625 0.0390625 0.1046875
0 0.3671875 0.32421875 0.0296875 0.1125
0 0.425 0.20859375 0.0234375 0.1609375
0 0.1765625 0.26875 0.0328125 0.159375
0 0.14921875 0.26875 0.0296875 0.184375
0 0.403125 0.14453125 0.0234375 0.140625
0 0.25546875 0.08046875 0.021875 0.1296875
0 0.65078125 0.08046875 0.03125 0.109375
0 0.30234375 0.184375 0.0296875 0.1609375
0 0.18203125 0.059375 0.0265625 0.11875
0 0.19921875 0.18046875 0.025 0.159375
0 0.1625 0.19296875 0.025 0.15625
0 0.134375 0.19765625 0.025 0.1515625
0 0.12109375 0.178125 0.0265625 0.171875
0 0.4703125 0.028125 0.0265625 0.05625
0 0.17265625 0.471875 0.0375 0.2
0 0.684375 0.8390625 0.0484375 0.2546875
0 0.63984375 0.8515625 0.04375 0.25
0 0.84921875 0.19609375 0.0328125 0.165625
0 0.78046875 0.18984375 0.025 0.159375
0 0.7515625 0.02578125 0.021875 0.0515625
0 0.78515625 0.07109375 0.03125 0.13125
0 0.2625 0.22734375 0.0234375 0.1640625
0 0.23125 0.23125 0.0359375 0.15
0 0.146875 0.05546875 0.025 0.1109375
0 0.23125 0.10390625 0.0328125 0.146875
0 0.20234375 0.1015625 0.028125 0.140625
0 0.8359375 0.01796875 0.021875 0.0359375
0 0.52265625 0.03828125 0.0359375 0.0765625