0 0.73359375 0.6359375 0.0546875 0.2234375
0 0.23828125 0.33671875 0.0390625 0.2046875
0 0.0734375 0.61875 0.04375 0.234375
0 0.915625 0.51875 0.040625 0.19375
0 0.56328125 0.921875 0.0359375 0.15625
0 0.353125 0.81953125 0.053125 0.23125
0 0.37734375 0.24140625 0.0390625 0.1046875
0 0.3671875 0.32421875 0.0296875 0.1125
0 0.42890625 0.21796875 0.03125 0.1609375
0 0.7890625 0.13125 0.028125 0.1359375
0 0.6953125 0.23671875 0.0265625 0.1453125
0 0.6828125 0.24140625 0.0328125 0.165625
0 0.325 0.2359375 0.03125 0.146875
0 0.46484375 0.27578125 0.0359375 0.178125
0 0.06875 0.409375 0.025 0.1734375
0 0.07890625 0.3921875 0.0296875 0.1875
0 0.4109375 0.31640625 0.0359375 0.175
0 0.4359375 0.3234375 0.0328125 0.16875
0 0.6171875 0.225 0.025 0.1484375
0 0.54765625 0.20078125 0.021875 0.1578125
0 0.3796875 0.07265625 0.028125 0.1453125
0 0.11171875 0.6671875 0.0328125 0.2
0 0.65078125 0.08125 0.03125 0.109375
0 0.321875 0.32890625 0.03125 0.1765625
0 0.29140625 0.34296875 0.028125 0.190625
0 0.2515625 0.05625 0.028125 0.1125
0 0.209375 0.05625 0.021875 0.1125
0 0.29296875 0.1359375 0.025 0.1546875
0 0.25078125 0.10859375 0.0234375 0.15
0 0.1984375 0.178125 0.028125 0.1625
0 0.26875 0.2609375 0.0296875 0.1546875
0 0.16328125 0.19375 0.028125 0.1578125
0 0.190625 0.1609375 0.0234375 0.1578125
0 0.12578125 0.19140625 0.0265625 0.153125
0 0.146875 0.17109375 0.028125 0.1703125
0 0.2328125 0.7796875 0.046875 0.24375
0 0.8015625 0.03359375 0.025 0.0671875