0 0.82734375 0.6640625 0.040625 0.225
0 0.25234375 0.09296875 0.0390625 0.1671875
0 0.446875 0.68125 0.0390625 0.2390625
0 0.9171875 0.51953125 0.0375 0.190625
0 0.55703125 0.93203125 0.046875 0.1359375
0 0.37734375 0.24140625 0.0390625 0.1046875
0 0.3671875 0.32421875 0.0296875 0.1125
0 0.42578125 0.2125 0.03125 0.159375
0 0.5328125 0.05703125 0.028125 0.1140625
0 0.49921875 0.0578125 0.0296875 0.115625
0 0.30078125 0.12890625 0.0203125 0.14375
0 0.0921875 0.39140625 0.0328125 0.178125
0 0.0625 0.37265625 0.0234375 0.2
0 0.51484375 0.7515625 0.065625 0.2359375
0 0.5515625 0.75703125 0.0390625 0.21875
0 0.38984375 0.16171875 0.034375 0.1546875
0 0.18046875 0.24296875 0.025 0.1546875
0 0.65078125 0.08125 0.03125 0.109375
0 0.171875 0.840625 0.0390625 0.240625
0 0.13203125 0.81796875 0.046875 0.2484375
0 0.28046875 0.165625 0.03125 0.159375
0 0.175 0.12578125 0.025 0.153125
0 0.2 0.18203125 0.028125 0.1625
0 0.8890625 0.66171875 0.0375 0.1953125
0 0.16328125 0.19375 0.028125 0.1578125
0 0.12890625 0.19921875 0.0328125 0.146875
0 0.4703125 0.0578125 0.025 0.115625
0 0.22421875 0.24375 0.03125 0.1671875
0 0.259375 0.22109375 0.0359375 0.175
0 0.92265625 0.40859375 0.0421875 0.1984375
0 0.85859375 0.3765625 0.0328125 0.18125
0 0.79296875 0.0609375 0.0296875 0.121875
0 0.921875 0.2609375 0.034375 0.1609375
0 0.8890625 0.10546875 0.0265625 0.153125
0 0.85703125 0.1015625 0.0296875 0.1625
0 0.975 0.259375 0.0421875 0.175
0 0.21953125 0.09140625 0.0234375 0.1453125
0 0.19375 0.0984375 0.0296875 0.1359375