0 0.84453125 0.65390625 0.05 0.215625
0 0.3265625 0.61796875 0.046875 0.2265625
0 0.91328125 0.51796875 0.0484375 0.19375
0 0.53125 0.93671875 0.0390625 0.1265625
0 0.37734375 0.24140625 0.0390625 0.1046875
0 0.3671875 0.32421875 0.0296875 0.1125
0 0.4328125 0.2125 0.034375 0.15625
0 0.51484375 0.028125 0.0265625 0.05625
0 0.4875 0.0265625 0.028125 0.053125
0 0.3328125 0.12578125 0.0203125 0.13125
0 0.14140625 0.32421875 0.03125 0.171875
0 0.1046875 0.3125 0.0296875 0.184375
0 0.6 0.9125 0.0640625 0.175
0 0.6359375 0.9171875 0.05 0.165625
0 0.403125 0.14453125 0.021875 0.140625
0 0.4203125 0.125 0.028125 0.15625
0 0.26796875 0.15546875 0.0234375 0.1453125
0 0.65078125 0.08125 0.03125 0.109375
0 0.153125 0.9703125 0.04375 0.059375
0 0.190625 0.9390625 0.053125 0.121875
0 0.30390625 0.18359375 0.0265625 0.1625
0 0.16171875 0.0765625 0.028125 0.146875
0 0.2 0.18203125 0.025 0.159375
0 0.1625 0.1921875 0.025 0.15625
0 0.12890625 0.1984375 0.028125 0.1484375
0 0.15546875 0.165625 0.0296875 0.1609375
0 0.46640625 0.040625 0.0265625 0.08125
0 0.2046875 0.3484375 0.034375 0.18125
0 0.265625 0.1140625 0.0328125 0.1609375
0 0.8703125 0.290625 0.0359375 0.1765625
0 0.82109375 0.27421875 0.0265625 0.165625
0 0.7859375 0.06953125 0.03125 0.13125
0 0.9921875 0.35625 0.015625 0.1640625
0 0.85078125 0.046875 0.0265625 0.09375
0 0.240625 0.1484375 0.025 0.1578125
0 0.21953125 0.15859375 0.0265625 0.140625
0 0.23359375 0.053125 0.03125 0.10625
0 0.1984375 0.04921875 0.0265625 0.0984375