0 0.8453125 0.65390625 0.0515625 0.215625
0 0.3421875 0.653125 0.0390625 0.2265625
0 0.91640625 0.515625 0.0375 0.196875
0 0.475 0.934375 0.0453125 0.13125
0 0.37734375 0.24140625 0.0390625 0.1046875
0 0.3671875 0.32421875 0.0296875 0.1125
0 0.42109375 0.2015625 0.0265625 0.1640625
0 0.19296875 0.24921875 0.025 0.1609375
0 0.159375 0.2453125 0.0296875 0.184375
0 0.4046875 0.1390625 0.0296875 0.146875
0 0.39921875 0.1140625 0.0296875 0.1546875
0 0.240625 0.0390625 0.021875 0.078125
0 0.65078125 0.08046875 0.03125 0.109375
0 0.30078125 0.18671875 0.03125 0.1609375
0 0.17421875 0.05859375 0.0234375 0.1171875
0 0.19921875 0.17890625 0.025 0.159375
0 0.13359375 0.19921875 0.0265625 0.1515625
0 0.12109375 0.18046875 0.0265625 0.16875
0 0.46640625 0.0234375 0.0265625 0.046875
0 0.1671875 0.59609375 0.040625 0.2203125
0 0.5828125 0.65859375 0.04375 0.23125
0 0.54453125 0.67578125 0.040625 0.21875
0 0.82421875 0.13125 0.03125 0.159375
0 0.7625 0.12421875 0.0234375 0.146875
0 0.853125 0.05859375 0.028125 0.1171875
0 0.80546875 0.0484375 0.0234375 0.096875
0 0.78515625 0.09609375 0.03125 0.1359375
0 0.565625 0.0234375 0.0234375 0.046875
0 0.38984375 0.02265625 0.0234375 0.0453125
0 0.271875 0.03125 0.01875 0.0625
0 0.24375 0.30234375 0.028125 0.1765625
0 0.21796875 0.30390625 0.0359375 0.1625
0 0.1453125 0.05546875 0.028125 0.1109375
0 0.26484375 0.16796875 0.034375 0.159375
0 0.23359375 0.16640625 0.028125 0.1578125
0 0.4171875 0.0296875 0.0234375 0.059375