0 0.84375 0.65390625 0.0484375 0.2140625
0 0.259375 0.05859375 0.03125 0.1171875
0 0.365625 0.628125 0.0453125 0.2359375
0 0.915625 0.5171875 0.0421875 0.1953125
0 0.53671875 0.93046875 0.0390625 0.1390625
0 0.37734375 0.24140625 0.0390625 0.1046875
0 0.3671875 0.32421875 0.0296875 0.1125
0 0.43203125 0.21328125 0.03125 0.15625
0 0.51796875 0.03203125 0.0265625 0.0640625
0 0.490625 0.03203125 0.028125 0.0640625
0 0.3328125 0.12578125 0.021875 0.13125
0 0.134375 0.33671875 0.0328125 0.175
0 0.1 0.325 0.0296875 0.190625
0 0.58671875 0.89453125 0.0609375 0.2109375
0 0.62578125 0.9 0.053125 0.2
0 0.40234375 0.14453125 0.021875 0.140625
0 0.4359375 0.12890625 0.025 0.1515625
0 0.2609375 0.1734375 0.0234375 0.1453125
0 0.65078125 0.08125 0.03125 0.109375
0 0.15078125 0.94921875 0.04375 0.1015625
0 0.184375 0.9171875 0.0515625 0.165625
0 0.30390625 0.184375 0.025 0.1609375
0 0.165625 0.0875 0.0296875 0.146875
0 0.2 0.18203125 0.028125 0.1609375
0 0.1625 0.1921875 0.025 0.15625
0 0.125 0.1984375 0.028125 0.1484375
0 0.15703125 0.14296875 0.028125 0.15
0 0.46640625 0.04453125 0.0265625 0.0890625
0 0.2078125 0.33125 0.0328125 0.178125
0 0.2671875 0.12890625 0.03125 0.1609375
0 0.8796875 0.3109375 0.0390625 0.184375
0 0.825 0.29296875 0.028125 0.1703125
0 0.7859375 0.06953125 0.03125 0.13125
0 0.984375 0.33515625 0.03125 0.1640625
0 0.865625 0.05390625 0.028125 0.1078125
0 0.8171875 0.05078125 0.028125 0.1015625
0 0.234375 0.1390625 0.0234375 0.1546875
0 0.2125 0.146875 0.025 0.140625
0 0.234375 0.0484375 0.0296875 0.096875
0 0.20234375 0.0453125 0.0265625 0.090625