0 0.84609375 0.65390625 0.053125 0.215625
0 0.36484375 0.64140625 0.040625 0.225
0 0.915625 0.51796875 0.040625 0.1953125
0 0.50078125 0.93046875 0.0421875 0.1390625
0 0.37734375 0.24140625 0.0390625 0.1046875
0 0.3671875 0.32421875 0.0296875 0.1125
0 0.43125 0.20703125 0.0375 0.1578125
0 0.18125 0.23984375 0.025 0.178125
0 0.40546875 0.140625 0.0296875 0.1453125
0 0.39921875 0.11328125 0.028125 0.1546875
0 0.65078125 0.08046875 0.03125 0.109375
0 0.3 0.18671875 0.028125 0.15625
0 0.17421875 0.059375 0.0234375 0.11875
0 0.2 0.18125 0.028125 0.159375
0 0.16328125 0.19296875 0.025 0.1546875
0 0.134375 0.20390625 0.0296875 0.1546875
0 0.125 0.17734375 0.0296875 0.1703125
0 0.190625 0.84375 0.0484375 0.2453125
0 0.50078125 0.415625 0.0390625 0.1984375
0 0.459375 0.43046875 0.0375 0.1953125
0 0.66484375 0.815625 0.046875 0.25
0 0.93046875 0.74296875 0.05 0.2296875
0 0.78125 0.0484375 0.0296875 0.096875
0 0.7453125 0.05 0.0234375 0.1
0 0.934375 0.215625 0.0359375 0.1625
0 0.86953125 0.175 0.028125 0.1515625
0 0.78203125 0.203125 0.034375 0.1515625
0 0.6140625 0.15078125 0.028125 0.1515625
0 0.44296875 0.0265625 0.0265625 0.053125
0 0.41640625 0.0265625 0.025 0.053125
0 0.38125 0.03828125 0.0296875 0.0765625
0 0.2640625 0.1140625 0.028125 0.14375
0 0.2203125 0.47109375 0.034375 0.1953125
0 0.18671875 0.4765625 0.0421875 0.1828125
0 0.24140625 0.14765625 0.028125 0.1625
0 0.2359375 0.06640625 0.03125 0.1328125
0 0.2125 0.05078125 0.028125 0.1015625
0 0.13984375 0.05546875 0.028125 0.1109375
0 0.23671875 0.3109375 0.0359375 0.178125
0 0.19140625 0.30546875 0.0328125 0.171875
0 0.265625 0.2890625 0.0328125 0.165625