0 0.840625 0.68203125 0.0453125 0.2234375
0 0.25234375 0.13828125 0.034375 0.175
0 0.41484375 0.6359375 0.046875 0.225
0 0.91484375 0.51875 0.0421875 0.19375
0 0.5375 0.92734375 0.04375 0.1453125
0 0.37734375 0.24140625 0.0390625 0.1046875
0 0.3671875 0.32421875 0.0296875 0.1125
0 0.428125 0.2171875 0.028125 0.159375
0 0.77421875 0.01953125 0.0265625 0.0390625
0 0.53828125 0.09296875 0.028125 0.1484375
0 0.5046875 0.0796875 0.0328125 0.15625
0 0.271875 0.1296875 0.021875 0.1546875
0 0.4828125 0.04140625 0.028125 0.0828125
0 0.0703125 0.409375 0.0265625 0.1734375
0 0.4796875 0.63515625 0.05625 0.221875
0 0.51484375 0.63359375 0.04375 0.1953125
0 0.40390625 0.14921875 0.021875 0.1390625
0 0.38671875 0.16171875 0.03125 0.15625
0 0.3890625 0.05078125 0.0265625 0.1015625
0 0.1296875 0.30703125 0.0265625 0.1578125
0 0.65078125 0.08125 0.03125 0.109375
0 0.215625 0.71640625 0.0375 0.225
0 0.1703125 0.690625 0.0484375 0.2359375
0 0.29296875 0.140625 0.028125 0.1515625
0 0.2 0.18125 0.028125 0.1640625
0 0.69453125 0.5734375 0.034375 0.190625
0 0.1625 0.19375 0.028125 0.1578125
0 0.190625 0.16328125 0.0265625 0.1609375
0 0.134375 0.1984375 0.0390625 0.1421875
0 0.45234375 0.0625 0.025 0.125
0 0.23828125 0.1765625 0.028125 0.1609375
0 0.25234375 0.303125 0.040625 0.184375
0 0.98125 0.4703125 0.0375 0.178125
0 0.90390625 0.44453125 0.0359375 0.1875
0 0.80234375 0.04140625 0.0265625 0.0828125
0 0.92890625 0.20625 0.0265625 0.1515625
0 0.94296875 0.14296875 0.0515625 0.15625
0 0.88984375 0.15546875 0.034375 0.159375
0 0.23046875 0.0609375 0.021875 0.121875
0 0.203125 0.059375 0.03125 0.11875