0 0.81953125 0.671875 0.0390625 0.2296875
0 0.25078125 0.11171875 0.0375 0.1703125
0 0.4453125 0.6625 0.05 0.234375
0 0.90625 0.51875 0.0578125 0.19375
0 0.55390625 0.9265625 0.046875 0.146875
0 0.37734375 0.24140625 0.0390625 0.1046875
0 0.3671875 0.32421875 0.0296875 0.1125
0 0.4296875 0.21328125 0.025 0.1609375
0 0.53515625 0.06875 0.0265625 0.1375
0 0.5 0.06640625 0.03125 0.1328125
0 0.078125 0.40546875 0.0296875 0.1765625
0 0.503125 0.696875 0.0609375 0.228125
0 0.5359375 0.70546875 0.0421875 0.2046875
0 0.40546875 0.153125 0.0265625 0.1265625
0 0.384375 0.1609375 0.028125 0.1546875
0 0.3984375 0.02578125 0.025 0.0515625
0 0.16171875 0.2703125 0.028125 0.159375
0 0.65078125 0.08125 0.03125 0.109375
0 0.1875 0.78359375 0.0390625 0.2296875
0 0.14140625 0.76328125 0.046875 0.2453125
0 0.28203125 0.15546875 0.03125 0.1546875
0 0.184375 0.1265625 0.0296875 0.1515625
0 0.2 0.18125 0.028125 0.1640625
0 0.8125 0.6203125 0.0390625 0.190625
0 0.16328125 0.19375 0.028125 0.1578125
0 0.12890625 0.19921875 0.0328125 0.146875
0 0.46875 0.06015625 0.028125 0.1203125
0 0.23515625 0.21640625 0.03125 0.165625
0 0.253125 0.25625 0.0375 0.1765625
0 0.95390625 0.434375 0.046875 0.196875
0 0.8703125 0.40546875 0.034375 0.184375
0 0.7984375 0.053125 0.0296875 0.10625
0 0.91328125 0.23671875 0.0359375 0.153125
0 0.90390625 0.12890625 0.025 0.15625
0 0.87890625 0.121875 0.028125 0.1609375
0 0.94375 0.2140625 0.0421875 0.1625
0 0.22578125 0.0734375 0.0234375 0.146875
0 0.1984375 0.0734375 0.0296875 0.125