0 0.8453125 0.65390625 0.0515625 0.215625
0 0.26796875 0.63671875 0.053125 0.23125
0 0.91484375 0.51640625 0.0453125 0.190625
0 0.465625 0.9390625 0.046875 0.121875
0 0.37734375 0.24140625 0.0390625 0.1046875
0 0.3671875 0.32421875 0.0296875 0.1125
0 0.4203125 0.2046875 0.0328125 0.159375
0 0.18671875 0.25859375 0.028125 0.1578125
0 0.15078125 0.25703125 0.03125 0.1796875
0 0.403125 0.1453125 0.0234375 0.1390625
0 0.253125 0.0609375 0.021875 0.121875
0 0.65078125 0.08046875 0.03125 0.109375
0 0.3 0.18671875 0.03125 0.1609375
0 0.17421875 0.05859375 0.0234375 0.1171875
0 0.19921875 0.1796875 0.025 0.159375
0 0.1625 0.19140625 0.025 0.15625
0 0.13515625 0.19921875 0.0265625 0.1515625
0 0.12109375 0.17890625 0.0265625 0.1703125
0 0.17578125 0.51875 0.0375 0.20625
0 0.6328125 0.7515625 0.0453125 0.240625
0 0.596875 0.771875 0.0390625 0.234375
0 0.84453125 0.165625 0.03125 0.1625
0 0.775 0.1625 0.028125 0.153125
0 0.7921875 0.078125 0.0296875 0.1328125
0 0.25390625 0.25859375 0.028125 0.1734375
0 0.22578125 0.2609375 0.034375 0.15625
0 0.14609375 0.05546875 0.025 0.1109375
0 0.24609375 0.13203125 0.0296875 0.1546875
0 0.21953125 0.13203125 0.0265625 0.15625
0 0.46953125 0.03359375 0.0328125 0.0671875