0 0.7328125 0.6359375 0.053125 0.2234375
0 0.23828125 0.3 0.0390625 0.2015625
0 0.07265625 0.6203125 0.05 0.2296875
0 0.915625 0.51875 0.040625 0.19375
0 0.52421875 0.92421875 0.0359375 0.1515625
0 0.353125 0.81953125 0.053125 0.23125
0 0.37734375 0.24140625 0.0390625 0.1046875
0 0.3671875 0.32421875 0.0296875 0.1125
0 0.42890625 0.21796875 0.03125 0.1609375
0 0.78984375 0.13046875 0.028125 0.1375
0 0.64765625 0.209375 0.028125 0.153125
0 0.62109375 0.2171875 0.034375 0.16875
0 0.2890625 0.19921875 0.03125 0.1484375
0 0.478125 0.2359375 0.040625 0.1734375
0 0.06875 0.409375 0.025 0.1734375
0 0.07890625 0.39140625 0.0296875 0.1859375
0 0.4078125 0.35859375 0.0359375 0.1859375
0 0.434375 0.3640625 0.0359375 0.171875
0 0.56015625 0.20234375 0.028125 0.146875
0 0.3796875 0.07265625 0.028125 0.1453125
0 0.13515625 0.6 0.03125 0.1921875
0 0.65078125 0.08125 0.03125 0.109375
0 0.3296875 0.37578125 0.03125 0.175
0 0.28671875 0.3859375 0.0375 0.196875
0 0.25234375 0.04140625 0.025 0.0828125
0 0.29296875 0.1359375 0.025 0.1546875
0 0.2203125 0.11171875 0.034375 0.1484375
0 0.1984375 0.17734375 0.028125 0.1625
0 0.29453125 0.30390625 0.0296875 0.1546875
0 0.16328125 0.19453125 0.028125 0.1578125
0 0.18671875 0.1625 0.021875 0.1609375
0 0.12421875 0.19296875 0.028125 0.1515625
0 0.146875 0.171875 0.025 0.16875
0 0.19140625 0.05234375 0.028125 0.1046875
0 0.23359375 0.6875 0.05 0.234375
0 0.815625 0.04765625 0.0296875 0.0953125
0 0.05625 0.70625 0.0609375 0.2296875