0 0.84609375 0.65625 0.053125 0.2203125
0 0.3203125 0.61328125 0.0328125 0.2328125
0 0.915625 0.51875 0.040625 0.1953125
0 0.478125 0.93203125 0.040625 0.1359375
0 0.37734375 0.24140625 0.0390625 0.1046875
0 0.3671875 0.32421875 0.0296875 0.1125
0 0.43125 0.20703125 0.0375 0.1578125
0 0.24921875 0.2359375 0.03125 0.15625
0 0.28046875 0.24453125 0.0390625 0.175
0 0.4046875 0.14296875 0.0265625 0.1484375
0 0.3953125 0.10703125 0.0296875 0.1515625
0 0.65078125 0.08046875 0.03125 0.109375
0 0.29609375 0.18671875 0.0296875 0.1546875
0 0.16875 0.06015625 0.0171875 0.1203125
0 0.2078125 0.17578125 0.0296875 0.1609375
0 0.1640625 0.1953125 0.0265625 0.15625
0 0.1984375 0.1578125 0.025 0.1609375
0 0.134375 0.20546875 0.028125 0.146875
0 0.121875 0.18046875 0.0359375 0.16875
0 0.18984375 0.146875 0.025 0.15
0 0.2296875 0.94609375 0.0515625 0.1078125
0 0.5046875 0.3125 0.034375 0.184375
0 0.459375 0.31875 0.0328125 0.18125
0 0.60859375 0.634375 0.0453125 0.23125
0 0.8859375 0.7375 0.0484375 0.21875
0 0.74296875 0.02421875 0.028125 0.0484375
0 0.9828125 0.31796875 0.034375 0.1734375
0 0.9078125 0.27578125 0.0296875 0.1640625
0 0.79609375 0.02578125 0.028125 0.0515625
0 0.77265625 0.028125 0.0234375 0.05625
0 0.78359375 0.2734375 0.0390625 0.1515625
0 0.6875 0.25546875 0.034375 0.1546875
0 0.45859375 0.0390625 0.028125 0.078125
0 0.4296875 0.03125 0.025 0.0625
0 0.40703125 0.0390625 0.0265625 0.078125
0 0.26015625 0.18359375 0.025 0.146875
0 0.2109375 0.57734375 0.0359375 0.2109375
0 0.16953125 0.590625 0.046875 0.1953125
0 0.240625 0.14296875 0.034375 0.159375
0 0.2703125 0.134375 0.03125 0.1515625
0 0.2203125 0.09375 0.0328125 0.1546875
0 0.20625 0.38828125 0.0390625 0.184375
0 0.16953125 0.39296875 0.0359375 0.1890625
0 0.26796875 0.38359375 0.0390625 0.178125