0 0.84453125 0.65390625 0.05 0.215625
0 0.29921875 0.60859375 0.0515625 0.221875
0 0.9140625 0.51796875 0.05 0.19375
0 0.51640625 0.93203125 0.0390625 0.1359375
0 0.37734375 0.24140625 0.0390625 0.1046875
0 0.3671875 0.32421875 0.0296875 0.1125
0 0.4328125 0.2125 0.034375 0.15625
0 0.5125 0.0234375 0.0265625 0.046875
0 0.33359375 0.12578125 0.0203125 0.13125
0 0.1453125 0.31484375 0.0296875 0.1703125
0 0.11484375 0.3078125 0.0375 0.1859375
0 0.60546875 0.92578125 0.053125 0.1484375
0 0.64140625 0.9328125 0.046875 0.134375
0 0.40234375 0.14453125 0.0234375 0.140625
0 0.4125 0.1234375 0.0265625 0.159375
0 0.2703125 0.14609375 0.0234375 0.1453125
0 0.65078125 0.08125 0.03125 0.109375
0 0.19453125 0.9578125 0.053125 0.084375
0 0.30078125 0.1828125 0.03125 0.1640625
0 0.15546875 0.071875 0.0296875 0.14375
0 0.2 0.18203125 0.025 0.159375
0 0.1625 0.1921875 0.025 0.15625
0 0.1328125 0.19765625 0.025 0.146875
0 0.15 0.165625 0.0296875 0.1625
0 0.46796875 0.0390625 0.0265625 0.078125
0 0.196875 0.36875 0.034375 0.1890625
0 0.265625 0.09921875 0.0328125 0.1609375
0 0.8171875 0.9578125 0.046875 0.084375
0 0.77421875 0.96953125 0.0421875 0.0609375
0 0.86484375 0.27421875 0.0390625 0.175
0 0.81015625 0.259375 0.03125 0.165625
0 0.7859375 0.0703125 0.03125 0.13125
0 0.8390625 0.04296875 0.028125 0.0859375
0 0.246875 0.1578125 0.025 0.159375
0 0.228125 0.1671875 0.0234375 0.140625
0 0.23359375 0.05859375 0.03125 0.1171875
0 0.196875 0.0546875 0.028125 0.109375
0 0.646875 0.05625 0.034375 0.1125