0 0.8453125 0.65078125 0.0359375 0.215625
0 0.24921875 0.07421875 0.0328125 0.1484375
0 0.434375 0.6703125 0.040625 0.2359375
0 0.91484375 0.51875 0.0421875 0.196875
0 0.5578125 0.93203125 0.04375 0.1359375
0 0.37734375 0.24140625 0.0390625 0.1046875
0 0.3671875 0.32421875 0.0296875 0.1125
0 0.42265625 0.21328125 0.034375 0.1578125
0 0.528125 0.04921875 0.028125 0.0984375
0 0.49765625 0.046875 0.028125 0.09375
0 0.3203125 0.128125 0.01875 0.1359375
0 0.10625 0.3734375 0.034375 0.1765625
0 0.078125 0.3515625 0.028125 0.1953125
0 0.54140625 0.81171875 0.065625 0.2390625
0 0.57265625 0.81953125 0.0421875 0.221875
0 0.4046875 0.14765625 0.025 0.1390625
0 0.41796875 0.1515625 0.028125 0.15625
0 0.215625 0.21796875 0.028125 0.1515625
0 0.65078125 0.08125 0.03125 0.109375
0 0.1546875 0.89296875 0.040625 0.2140625
0 0.12734375 0.8734375 0.05 0.253125
0 0.28515625 0.17890625 0.03125 0.159375
0 0.2 0.18203125 0.028125 0.1625
0 0.96328125 0.72421875 0.04375 0.2
0 0.16328125 0.19296875 0.0265625 0.1578125
0 0.128125 0.19921875 0.03125 0.146875
0 0.4703125 0.05078125 0.0265625 0.1015625
0 0.2171875 0.27734375 0.03125 0.1765625
0 0.25390625 0.18203125 0.034375 0.16875
0 0.89453125 0.36171875 0.0390625 0.1828125
0 0.8390625 0.340625 0.0296875 0.171875
0 0.7890625 0.065625 0.0296875 0.13125
0 0.94140625 0.2890625 0.0375 0.1609375
0 0.8765625 0.07421875 0.0265625 0.1484375
0 0.84609375 0.0734375 0.028125 0.146875
0 0.99140625 0.315625 0.0171875 0.1796875
0 0.2234375 0.1109375 0.025 0.15