0 0.8328125 0.68671875 0.046875 0.221875
0 0.2484375 0.1765625 0.0375 0.1828125
0 0.27734375 0.64296875 0.05 0.2234375
0 0.91484375 0.51875 0.040625 0.19375
0 0.5171875 0.9265625 0.040625 0.146875
0 0.37734375 0.24140625 0.0390625 0.1046875
0 0.3671875 0.32421875 0.0296875 0.1125
0 0.42890625 0.21796875 0.03125 0.1609375
0 0.76171875 0.04921875 0.0265625 0.0984375
0 0.55 0.13046875 0.028125 0.1484375
0 0.5171875 0.12890625 0.0328125 0.165625
0 0.278125 0.16328125 0.0203125 0.1578125
0 0.49609375 0.084375 0.03125 0.1515625
0 0.06953125 0.41015625 0.0265625 0.175
0 0.46015625 0.528125 0.04375 0.2046875
0 0.4890625 0.53515625 0.040625 0.190625
0 0.40859375 0.153125 0.0203125 0.1390625
0 0.38359375 0.165625 0.03125 0.15625
0 0.38046875 0.0765625 0.025 0.1421875
0 0.1296875 0.390625 0.0296875 0.1703125
0 0.65078125 0.08125 0.03125 0.109375
0 0.22421875 0.56796875 0.0453125 0.215625
0 0.29375 0.134375 0.0265625 0.153125
0 0.18515625 0.12109375 0.028125 0.15
0 0.203125 0.17890625 0.028125 0.1625
0 0.54453125 0.4765625 0.03125 0.18125
0 0.16328125 0.1984375 0.028125 0.1578125
0 0.121875 0.2015625 0.03125 0.1453125
0 0.1296875 0.18203125 0.025 0.171875
0 0.146875 0.1546875 0.0296875 0.1609375
0 0.45078125 0.0453125 0.025 0.090625
0 0.23671875 0.13984375 0.0296875 0.159375
0 0.24375 0.41015625 0.040625 0.1984375
0 0.9671875 0.5375 0.034375 0.19375
0 0.92421875 0.1484375 0.03125 0.1453125
0 0.98203125 0.13046875 0.028125 0.15
0 0.8578125 0.06875 0.034375 0.1375
0 0.25078125 0.95703125 0.053125 0.0859375
0 0.26953125 0.91953125 0.046875 0.1609375
0 0.23046875 0.03671875 0.0234375 0.0734375
0 0.20625 0.03671875 0.021875 0.0734375