0 0.84296875 0.653125 0.046875 0.215625
0 0.2578125 0.059375 0.03125 0.11875
0 0.37421875 0.63359375 0.05 0.2390625
0 0.915625 0.51796875 0.040625 0.1953125
0 0.53984375 0.92890625 0.0390625 0.1421875
0 0.37734375 0.24140625 0.0390625 0.1046875
0 0.3671875 0.32421875 0.0296875 0.1125
0 0.4328125 0.21328125 0.03125 0.1578125
0 0.51953125 0.034375 0.0265625 0.06875
0 0.4921875 0.034375 0.028125 0.06875
0 0.3328125 0.12578125 0.021875 0.13125
0 0.13125 0.340625 0.0328125 0.175
0 0.09765625 0.328125 0.03125 0.190625
0 0.5828125 0.8890625 0.0625 0.221875
0 0.61953125 0.89296875 0.0515625 0.2140625
0 0.40234375 0.14453125 0.021875 0.140625
0 0.4390625 0.13125 0.025 0.1515625
0 0.25625 0.1765625 0.025 0.1453125
0 0.65078125 0.08125 0.03125 0.109375
0 0.14921875 0.94296875 0.0421875 0.1140625
0 0.18125 0.91171875 0.0515625 0.1765625
0 0.30390625 0.18359375 0.025 0.1609375
0 0.16796875 0.08984375 0.0296875 0.1484375
0 0.2 0.18203125 0.028125 0.1609375
0 0.1625 0.1921875 0.025 0.15625
0 0.125 0.1984375 0.0265625 0.146875
0 0.15625 0.14375 0.0265625 0.1484375
0 0.4671875 0.04609375 0.0265625 0.0921875
0 0.21015625 0.32578125 0.034375 0.178125
0 0.26484375 0.1359375 0.03125 0.1625
0 0.87890625 0.31640625 0.040625 0.184375
0 0.8265625 0.3 0.0296875 0.1703125
0 0.7859375 0.06953125 0.03125 0.13125
0 0.98203125 0.33046875 0.0359375 0.1640625
0 0.86953125 0.05625 0.028125 0.1125
0 0.82109375 0.05390625 0.0265625 0.1078125
0 0.23359375 0.13671875 0.0234375 0.1546875
0 0.20859375 0.14453125 0.028125 0.1390625
0 0.23515625 0.046875 0.0296875 0.09375
0 0.20234375 0.04296875 0.0265625 0.0859375