0 0.75234375 0.63203125 0.0515625 0.2265625
0 0.25390625 0.246875 0.0390625 0.19375
0 0.09765625 0.63828125 0.04375 0.2296875
0 0.915625 0.51875 0.040625 0.19375
0 0.50859375 0.91953125 0.040625 0.1609375
0 0.37734375 0.24140625 0.0390625 0.1046875
0 0.42890625 0.21796875 0.03125 0.1609375
0 0.78359375 0.1140625 0.0265625 0.1359375
0 0.60625 0.16875 0.0265625 0.1515625
0 0.5671875 0.1859375 0.028125 0.171875
0 0.28046875 0.1890625 0.0296875 0.165625
0 0.50546875 0.17421875 0.0359375 0.1625
0 0.06875 0.409375 0.025 0.1734375
0 0.05 0.3921875 0.0453125 0.1875
0 0.43671875 0.41875 0.0421875 0.19375
0 0.4703125 0.42265625 0.0421875 0.175
0 0.4734375 0.171875 0.025 0.140625
0 0.40703125 0.16953125 0.0234375 0.1578125
0 0.3796875 0.0734375 0.0265625 0.146875
0 0.13359375 0.5109375 0.0296875 0.1859375
0 0.65078125 0.08125 0.03125 0.109375
0 0.31484375 0.4515625 0.0328125 0.1875
0 0.27109375 0.45078125 0.0359375 0.2078125
0 0.23359375 0.0234375 0.03125 0.046875
0 0.29296875 0.1359375 0.025 0.1546875
0 0.19765625 0.18046875 0.025 0.1625
0 0.36796875 0.37109375 0.028125 0.1609375
0 0.1640625 0.19375 0.028125 0.15625
0 0.1875 0.1640625 0.025 0.1625
0 0.12421875 0.19296875 0.028125 0.1515625
0 0.14140625 0.17265625 0.021875 0.16875
0 0.20703125 0.0765625 0.03125 0.146875
0 0.22265625 0.5609375 0.04375 0.21875
0 0.98515625 0.66484375 0.0296875 0.215625
0 0.86015625 0.08125 0.0328125 0.1359375
0 0.7859375 0.01875 0.0234375 0.0375
0 0.1453125 0.81796875 0.0453125 0.25
0 0.13671875 0.74453125 0.046875 0.2359375