0 0.78046875 0.65625 0.046875 0.2296875
0 0.25625 0.21875 0.0375 0.1890625
0 0.14375 0.6515625 0.05 0.234375
0 0.91484375 0.51875 0.040625 0.19375
0 0.509375 0.92421875 0.04375 0.1515625
0 0.37734375 0.24140625 0.0390625 0.1046875
0 0.3671875 0.32421875 0.0296875 0.1125
0 0.42890625 0.21796875 0.03125 0.1609375
0 0.7765625 0.0890625 0.028125 0.134375
0 0.5796875 0.15859375 0.0265625 0.146875
0 0.54375 0.16953125 0.03125 0.16875
0 0.28046875 0.178125 0.025 0.1578125
0 0.50390625 0.14765625 0.0328125 0.1640625
0 0.06875 0.409375 0.0265625 0.1734375
0 0.44765625 0.4609375 0.0484375 0.2
0 0.48203125 0.4609375 0.040625 0.178125
0 0.44375 0.1734375 0.0359375 0.14375
0 0.4015625 0.171875 0.025 0.15625
0 0.3796875 0.0734375 0.0265625 0.146875
0 0.13828125 0.46875 0.03125 0.18125
0 0.65078125 0.08125 0.03125 0.109375
0 0.2984375 0.49375 0.0328125 0.1953125
0 0.25703125 0.49140625 0.03125 0.209375
0 0.29375 0.1359375 0.0234375 0.1546875
0 0.17890625 0.121875 0.028125 0.15
0 0.19765625 0.18203125 0.025 0.1609375
0 0.42734375 0.409375 0.0328125 0.171875
0 0.1625 0.19921875 0.028125 0.1578125
0 0.1890625 0.16484375 0.0234375 0.1625
0 0.12890625 0.19453125 0.028125 0.1484375
0 0.13984375 0.17578125 0.025 0.1703125
0 0.4609375 0.02890625 0.01875 0.0578125
0 0.2234375 0.09453125 0.0296875 0.15
0 0.221875 0.50703125 0.040625 0.2109375
0 0.9796875 0.61171875 0.034375 0.2046875
0 0.88515625 0.10390625 0.0296875 0.1421875
0 0.17734375 0.87890625 0.0515625 0.2421875
0 0.18828125 0.8109375 0.0453125 0.240625