0 0.84453125 0.65390625 0.05 0.215625
0 0.32890625 0.61953125 0.05 0.228125
0 0.91328125 0.51796875 0.0484375 0.19375
0 0.53203125 0.9375 0.0390625 0.125
0 0.37734375 0.24140625 0.0390625 0.1046875
0 0.3671875 0.32421875 0.0296875 0.1125
0 0.43359375 0.2125 0.034375 0.15625
0 0.515625 0.028125 0.0265625 0.05625
0 0.48828125 0.02734375 0.028125 0.0546875
0 0.3328125 0.12578125 0.0203125 0.13125
0 0.14140625 0.32578125 0.03125 0.1703125
0 0.10390625 0.31328125 0.028125 0.184375
0 0.6 0.91171875 0.0640625 0.1765625
0 0.63671875 0.91640625 0.0484375 0.1671875
0 0.403125 0.14453125 0.021875 0.140625
0 0.42109375 0.12578125 0.028125 0.1546875
0 0.26796875 0.15625 0.0234375 0.1453125
0 0.65078125 0.08125 0.03125 0.109375
0 0.15390625 0.96953125 0.04375 0.0609375
0 0.190625 0.93828125 0.053125 0.1234375
0 0.30390625 0.18359375 0.0265625 0.1625
0 0.1625 0.078125 0.028125 0.146875
0 0.2 0.18203125 0.025 0.159375
0 0.1625 0.1921875 0.025 0.15625
0 0.12890625 0.1984375 0.028125 0.1484375
0 0.15625 0.16640625 0.0296875 0.1609375
0 0.46640625 0.040625 0.0265625 0.08125
0 0.20546875 0.346875 0.034375 0.18125
0 0.265625 0.11484375 0.0328125 0.1609375
0 0.8703125 0.29140625 0.0359375 0.1765625
0 0.821875 0.275 0.0265625 0.165625
0 0.7859375 0.06953125 0.03125 0.13125
0 0.9921875 0.35625 0.015625 0.1640625
0 0.8515625 0.0484375 0.028125 0.096875
0 0.23984375 0.14765625 0.025 0.159375
0 0.21875 0.15703125 0.0265625 0.140625
0 0.2328125 0.0515625 0.03125 0.103125
0 0.1984375 0.0484375 0.0265625 0.096875