0 0.84609375 0.65390625 0.053125 0.215625
0 0.3578125 0.646875 0.040625 0.2296875
0 0.915625 0.51640625 0.040625 0.1953125
0 0.47890625 0.934375 0.04375 0.13125
0 0.37734375 0.24140625 0.0390625 0.1046875
0 0.3671875 0.32421875 0.0296875 0.1125
0 0.43359375 0.20859375 0.040625 0.159375
0 0.19453125 0.23515625 0.025 0.1546875
0 0.1734375 0.23828125 0.0375 0.1765625
0 0.40546875 0.140625 0.028125 0.146875
0 0.3984375 0.115625 0.0296875 0.15625
0 0.65078125 0.08046875 0.03125 0.109375
0 0.30546875 0.1875 0.03125 0.159375
0 0.17421875 0.05859375 0.0234375 0.1171875
0 0.19921875 0.1765625 0.025 0.159375
0 0.1625 0.1921875 0.025 0.1546875
0 0.13671875 0.1984375 0.028125 0.1546875
0 0.12734375 0.1796875 0.025 0.16875
0 0.46640625 0.0234375 0.0265625 0.046875
0 0.1640625 0.684375 0.04375 0.2234375
0 0.5375 0.55859375 0.046875 0.21875
0 0.49296875 0.57421875 0.0359375 0.215625
0 0.74765625 0.965625 0.04375 0.06875
0 0.9609375 0.74921875 0.0515625 0.2234375
0 0.7984375 0.08125 0.034375 0.1484375
0 0.74921875 0.08671875 0.025 0.14375
0 0.8890625 0.10859375 0.0265625 0.146875
0 0.83203125 0.08046875 0.025 0.134375
0 0.78203125 0.1359375 0.03125 0.140625
0 0.5765625 0.05859375 0.028125 0.1171875
0 0.3921875 0.03203125 0.021875 0.0640625
0 0.26328125 0.05390625 0.0234375 0.1078125
0 0.2375 0.3640625 0.028125 0.184375
0 0.196875 0.36640625 0.0421875 0.16875
0 0.228125 0.02890625 0.025 0.0578125
0 0.1453125 0.05546875 0.028125 0.1109375
0 0.2625 0.22578125 0.03125 0.16875
0 0.23046875 0.2203125 0.03125 0.1609375
0 0.4109375 0.03046875 0.0234375 0.0609375