0 0.85 0.68203125 0.053125 0.2234375
0 0.25625 0.14609375 0.0359375 0.1765625
0 0.39296875 0.62578125 0.04375 0.21875
0 0.91484375 0.51875 0.0421875 0.19375
0 0.53046875 0.92734375 0.0484375 0.1453125
0 0.37734375 0.24140625 0.0390625 0.1046875
0 0.3671875 0.32421875 0.0296875 0.1125
0 0.428125 0.21796875 0.0296875 0.159375
0 0.77265625 0.0265625 0.0265625 0.053125
0 0.5375 0.1015625 0.028125 0.1484375
0 0.50703125 0.08828125 0.0296875 0.15625
0 0.48828125 0.0484375 0.0296875 0.096875
0 0.06953125 0.409375 0.0265625 0.1734375
0 0.4734375 0.60859375 0.0546875 0.215625
0 0.50703125 0.61328125 0.0421875 0.2
0 0.4046875 0.15625 0.0296875 0.125
0 0.38671875 0.16171875 0.0328125 0.15625
0 0.38515625 0.05859375 0.0265625 0.1171875
0 0.121875 0.32734375 0.028125 0.1640625
0 0.65078125 0.08125 0.03125 0.109375
0 0.22734375 0.6796875 0.0390625 0.21875
0 0.17421875 0.665625 0.0453125 0.2359375
0 0.3 0.13984375 0.0296875 0.1515625
0 0.2 0.18046875 0.028125 0.1625
0 0.65546875 0.55390625 0.0359375 0.1875
0 0.1625 0.19375 0.028125 0.1578125
0 0.19140625 0.16171875 0.028125 0.1609375
0 0.13203125 0.2015625 0.0375 0.14375
0 0.446875 0.059375 0.0265625 0.11875
0 0.234375 0.16796875 0.028125 0.1609375
0 0.25625 0.328125 0.040625 0.1859375
0 0.98828125 0.490625 0.0234375 0.1796875
0 0.8078125 0.03828125 0.028125 0.0765625
0 0.93515625 0.19296875 0.0296875 0.153125
0 0.94765625 0.13984375 0.0359375 0.1546875
0 0.97734375 0.14609375 0.0453125 0.1546875
0 0.88203125 0.1375 0.0375 0.159375
0 0.23203125 0.05390625 0.021875 0.1078125
0 0.203125 0.053125 0.0359375 0.10625