0 0.73359375 0.6359375 0.053125 0.2234375
0 0.23828125 0.34296875 0.0390625 0.2046875
0 0.0734375 0.61953125 0.04375 0.23125
0 0.915625 0.51875 0.040625 0.19375
0 0.56953125 0.92421875 0.0390625 0.1515625
0 0.353125 0.81953125 0.053125 0.23125
0 0.37734375 0.24140625 0.0390625 0.1046875
0 0.3671875 0.32421875 0.0296875 0.1125
0 0.42890625 0.21796875 0.03125 0.1609375
0 0.7890625 0.13125 0.028125 0.1359375
0 0.70234375 0.23359375 0.0265625 0.1453125
0 0.690625 0.2421875 0.028125 0.165625
0 0.3296875 0.23671875 0.0328125 0.1453125
0 0.47109375 0.27734375 0.0375 0.1765625
0 0.06875 0.409375 0.025 0.1734375
0 0.07890625 0.3921875 0.0296875 0.1875
0 0.41328125 0.30703125 0.0328125 0.171875
0 0.4359375 0.3140625 0.03125 0.1640625
0 0.6265625 0.228125 0.0265625 0.1484375
0 0.5578125 0.20234375 0.0390625 0.15625
0 0.3796875 0.07265625 0.028125 0.1453125
0 0.1046875 0.678125 0.040625 0.2
0 0.65078125 0.08125 0.03125 0.109375
0 0.31796875 0.321875 0.0296875 0.1765625
0 0.29140625 0.33671875 0.028125 0.190625
0 0.2484375 0.05859375 0.025 0.1171875
0 0.21015625 0.06015625 0.0234375 0.1203125
0 0.29296875 0.1359375 0.025 0.1546875
0 0.25625 0.1078125 0.025 0.146875
0 0.1984375 0.178125 0.028125 0.1625
0 0.265625 0.253125 0.0296875 0.1546875
0 0.16328125 0.19375 0.028125 0.1578125
0 0.18984375 0.16171875 0.0234375 0.1609375
0 0.12578125 0.19140625 0.0265625 0.153125
0 0.14765625 0.16953125 0.028125 0.171875
0 0.2296875 0.79453125 0.05 0.2453125
0 0.796875 0.03203125 0.025 0.0640625