0 0.840625 0.65625 0.034375 0.2203125
0 0.25078125 0.078125 0.034375 0.15625
0 0.44140625 0.6765625 0.040625 0.240625
0 0.915625 0.5203125 0.040625 0.1984375
0 0.55703125 0.93046875 0.0421875 0.1390625
0 0.37734375 0.24140625 0.0390625 0.1046875
0 0.3671875 0.32421875 0.0296875 0.1125
0 0.4203125 0.21328125 0.0296875 0.1578125
0 0.5296875 0.04921875 0.028125 0.0984375
0 0.49765625 0.0484375 0.0296875 0.096875
0 0.3171875 0.12890625 0.01875 0.1375
0 0.1046875 0.37890625 0.034375 0.1796875
0 0.0765625 0.35625 0.028125 0.190625
0 0.53359375 0.8015625 0.0640625 0.240625
0 0.5671875 0.80234375 0.0421875 0.2125
0 0.41171875 0.1578125 0.028125 0.1546875
0 0.2078125 0.22109375 0.028125 0.1515625
0 0.65078125 0.08125 0.03125 0.109375
0 0.15703125 0.88671875 0.040625 0.2265625
0 0.12578125 0.865625 0.05 0.259375
0 0.284375 0.1765625 0.03125 0.1609375
0 0.16640625 0.11484375 0.0234375 0.1515625
0 0.2 0.18203125 0.028125 0.1625
0 0.95234375 0.71171875 0.0359375 0.2
0 0.16328125 0.19296875 0.0265625 0.1578125
0 0.128125 0.19921875 0.03125 0.146875
0 0.471875 0.053125 0.025 0.10625
0 0.2171875 0.2734375 0.03125 0.1765625
0 0.25703125 0.19140625 0.0328125 0.16875
0 0.90078125 0.37265625 0.0390625 0.184375
0 0.84140625 0.34921875 0.0296875 0.1765625
0 0.78828125 0.0640625 0.028125 0.128125
0 0.93828125 0.28359375 0.0375 0.159375
0 0.88046875 0.08203125 0.028125 0.1515625
0 0.84921875 0.07734375 0.028125 0.1546875
0 0.98828125 0.3046875 0.0234375 0.178125
0 0.22109375 0.10703125 0.025 0.146875
0 0.196875 0.11171875 0.028125 0.1375