0 0.73515625 0.63671875 0.053125 0.2234375
0 0.23359375 0.41328125 0.04375 0.2140625
0 0.07421875 0.621875 0.04375 0.2296875
0 0.915625 0.51875 0.0390625 0.19375
0 0.6375 0.946875 0.04375 0.10625
0 0.35390625 0.81953125 0.053125 0.23125
0 0.37734375 0.24140625 0.0390625 0.1046875
0 0.3671875 0.32421875 0.0296875 0.1125
0 0.9921875 0.37265625 0.015625 0.1765625
0 0.78828125 0.13125 0.028125 0.1359375
0 0.79765625 0.26953125 0.0265625 0.1609375
0 0.76640625 0.275 0.040625 0.178125
0 0.42578125 0.259375 0.0375 0.159375
0 0.53203125 0.25703125 0.034375 0.1640625
0 0.08515625 0.4171875 0.028125 0.1796875
0 0.453125 0.23828125 0.028125 0.16875
0 0.475 0.24921875 0.0296875 0.15625
0 0.70703125 0.2625 0.021875 0.15
0 0.671875 0.23203125 0.03125 0.15
0 0.3796875 0.07265625 0.028125 0.1453125
0 0.02265625 0.78984375 0.0359375 0.2140625
0 0.65078125 0.0796875 0.03125 0.10625
0 0.2734375 0.27109375 0.0390625 0.1796875
0 0.2390625 0.09453125 0.0265625 0.146875
0 0.21171875 0.10078125 0.028125 0.15
0 0.2921875 0.1359375 0.0234375 0.1546875
0 0.26640625 0.11171875 0.028125 0.1484375
0 0.19921875 0.178125 0.028125 0.1640625
0 0.259375 0.178125 0.03125 0.14375
0 0.16328125 0.19140625 0.028125 0.1578125
0 0.1875 0.159375 0.0234375 0.1640625
0 0.121875 0.1953125 0.0265625 0.1515625
0 0.14609375 0.16875 0.025 0.1703125
0 0.228125 0.9171875 0.0515625 0.165625