0 0.84609375 0.65546875 0.053125 0.21875
0 0.3484375 0.62734375 0.0453125 0.225
0 0.915625 0.51796875 0.040625 0.1953125
0 0.4953125 0.93359375 0.0421875 0.1328125
0 0.37734375 0.24140625 0.0390625 0.1046875
0 0.3671875 0.32421875 0.0296875 0.1125
0 0.43125 0.20703125 0.0375 0.1578125
0 0.21171875 0.24296875 0.0328125 0.178125
0 0.4046875 0.14140625 0.028125 0.146875
0 0.3953125 0.1078125 0.0296875 0.153125
0 0.65078125 0.08046875 0.03125 0.109375
0 0.296875 0.18671875 0.028125 0.1546875
0 0.17421875 0.059375 0.0234375 0.11875
0 0.20703125 0.178125 0.0296875 0.159375
0 0.16328125 0.19375 0.025 0.15625
0 0.1328125 0.20234375 0.028125 0.1546875
0 0.11953125 0.18046875 0.028125 0.1703125
0 0.1515625 0.1609375 0.0328125 0.15625
0 0.190625 0.14375 0.0265625 0.15
0 0.19609375 0.8875 0.0484375 0.225
0 0.49609375 0.3765625 0.034375 0.19375
0 0.453125 0.384375 0.0375 0.190625
0 0.6421875 0.746875 0.0453125 0.246875
0 0.9296875 0.740625 0.0484375 0.228125
0 0.7671875 0.04140625 0.0296875 0.0828125
0 0.73125 0.04140625 0.0234375 0.0828125
0 0.95078125 0.2484375 0.0359375 0.16875
0 0.88359375 0.21015625 0.028125 0.1546875
0 0.78125 0.22890625 0.034375 0.1484375
0 0.63203125 0.18671875 0.028125 0.1546875
0 0.45078125 0.03359375 0.0234375 0.0671875
0 0.27265625 0.13828125 0.0265625 0.140625
0 0.21875 0.50859375 0.034375 0.20625
0 0.17734375 0.51171875 0.04375 0.1859375
0 0.24609375 0.14140625 0.0296875 0.1609375
0 0.24453125 0.08359375 0.03125 0.14375
0 0.21171875 0.0625 0.028125 0.125
0 0.22734375 0.33828125 0.0359375 0.1796875
0 0.18046875 0.334375 0.0328125 0.1796875
0 0.275 0.31875 0.0328125 0.16875