0 0.73359375 0.6359375 0.053125 0.2234375
0 0.23828125 0.325 0.040625 0.2046875
0 0.07421875 0.6203125 0.0421875 0.2296875
0 0.915625 0.51875 0.040625 0.19375
0 0.55078125 0.91796875 0.0359375 0.1640625
0 0.353125 0.81953125 0.053125 0.23125
0 0.37734375 0.24140625 0.0390625 0.1046875
0 0.3671875 0.32421875 0.0296875 0.1125
0 0.42890625 0.21796875 0.03125 0.1609375
0 0.7890625 0.13046875 0.028125 0.1375
0 0.68125 0.228125 0.0265625 0.146875
0 0.6625 0.2359375 0.028125 0.165625
0 0.3109375 0.225 0.0359375 0.1578125
0 0.4625 0.26640625 0.0390625 0.1703125
0 0.06875 0.409375 0.025 0.1734375
0 0.07890625 0.3921875 0.0296875 0.1875
0 0.4078125 0.3265625 0.0359375 0.18125
0 0.43125 0.3359375 0.03125 0.16875
0 0.60234375 0.21796875 0.0234375 0.1484375
0 0.52890625 0.196875 0.0359375 0.1578125
0 0.3796875 0.07265625 0.028125 0.1453125
0 0.1265625 0.6515625 0.0328125 0.2
0 0.65078125 0.08125 0.03125 0.109375
0 0.3265625 0.3390625 0.03125 0.175
0 0.29140625 0.3515625 0.0328125 0.1921875
0 0.24921875 0.053125 0.0265625 0.10625
0 0.21484375 0.05390625 0.0234375 0.1078125
0 0.29296875 0.1359375 0.025 0.1546875
0 0.240625 0.11328125 0.0328125 0.15
0 0.1984375 0.178125 0.028125 0.1625
0 0.27421875 0.27421875 0.0296875 0.1546875
0 0.16328125 0.19453125 0.028125 0.1578125
0 0.1890625 0.1625 0.0234375 0.1609375
0 0.12421875 0.19296875 0.028125 0.1515625
0 0.1453125 0.171875 0.0296875 0.1703125
0 0.19609375 0.04296875 0.021875 0.0859375
0 0.234375 0.75625 0.05 0.2453125
0 0.803125 0.0390625 0.025 0.078125