0 0.8453125 0.65390625 0.0515625 0.215625
0 0.3515625 0.65 0.0484375 0.234375
0 0.915625 0.515625 0.0390625 0.196875
0 0.47265625 0.93203125 0.040625 0.1359375
0 0.37734375 0.24140625 0.0390625 0.1046875
0 0.3671875 0.32421875 0.0296875 0.1125
0 0.4234375 0.2015625 0.028125 0.1640625
0 0.19296875 0.24609375 0.0265625 0.1625
0 0.16015625 0.2421875 0.03125 0.1765625
0 0.40546875 0.1421875 0.0296875 0.146875
0 0.3984375 0.1140625 0.028125 0.1546875
0 0.2390625 0.03515625 0.021875 0.0703125
0 0.65078125 0.08046875 0.03125 0.109375
0 0.303125 0.1859375 0.0328125 0.159375
0 0.17421875 0.05859375 0.0234375 0.1171875
0 0.19921875 0.17890625 0.025 0.159375
0 0.134375 0.19921875 0.025 0.1515625
0 0.12109375 0.18046875 0.0265625 0.1671875
0 0.46640625 0.0234375 0.0265625 0.046875
0 0.16328125 0.60546875 0.040625 0.21875
0 0.57265625 0.64140625 0.0359375 0.23125
0 0.53359375 0.66015625 0.0375 0.21875
0 0.81640625 0.11953125 0.034375 0.1515625
0 0.75859375 0.12109375 0.0265625 0.1453125
0 0.8578125 0.06640625 0.03125 0.1328125
0 0.78125 0.103125 0.0328125 0.1390625
0 0.56484375 0.03125 0.0265625 0.0625
0 0.271875 0.0359375 0.01875 0.071875
0 0.24296875 0.3109375 0.028125 0.1765625
0 0.21484375 0.3140625 0.0390625 0.1640625
0 0.1453125 0.05546875 0.028125 0.1109375
0 0.2625 0.18046875 0.0328125 0.165625
0 0.2359375 0.1765625 0.028125 0.159375
0 0.409375 0.03046875 0.0234375 0.0609375