0 0.73359375 0.6359375 0.053125 0.2234375
0 0.23828125 0.328125 0.040625 0.2046875
0 0.07421875 0.6203125 0.0421875 0.2296875
0 0.915625 0.51875 0.040625 0.19375
0 0.55390625 0.91796875 0.0359375 0.1640625
0 0.353125 0.81953125 0.053125 0.23125
0 0.37734375 0.24140625 0.0390625 0.1046875
0 0.3671875 0.32421875 0.0296875 0.1125
0 0.42890625 0.21796875 0.03125 0.1609375
0 0.7890625 0.13046875 0.028125 0.1375
0 0.68515625 0.22890625 0.025 0.146875
0 0.66796875 0.23671875 0.028125 0.165625
0 0.3140625 0.2265625 0.0359375 0.15625
0 0.46171875 0.26796875 0.0375 0.171875
0 0.06875 0.409375 0.025 0.1734375
0 0.07890625 0.3921875 0.0296875 0.1875
0 0.40859375 0.325 0.0359375 0.18125
0 0.43125 0.33359375 0.03125 0.16875
0 0.60546875 0.21953125 0.025 0.1484375
0 0.53359375 0.2 0.04375 0.1578125
0 0.3796875 0.07265625 0.028125 0.1453125
0 0.1234375 0.65546875 0.0328125 0.1984375
0 0.6515625 0.08203125 0.03125 0.109375
0 0.32578125 0.33671875 0.03125 0.1765625
0 0.2921875 0.34765625 0.034375 0.190625
0 0.2484375 0.05390625 0.025 0.1078125
0 0.21484375 0.05546875 0.0234375 0.1109375
0 0.29296875 0.1359375 0.025 0.1546875
0 0.24140625 0.11328125 0.034375 0.1515625
0 0.1984375 0.178125 0.028125 0.1625
0 0.2734375 0.271875 0.0296875 0.15625
0 0.16328125 0.19453125 0.028125 0.1578125
0 0.18984375 0.16171875 0.0234375 0.159375
0 0.12421875 0.19296875 0.028125 0.1515625
0 0.1453125 0.171875 0.0296875 0.1703125
0 0.196875 0.04140625 0.0234375 0.0828125
0 0.2359375 0.76171875 0.0484375 0.246875
0 0.803125 0.03828125 0.025 0.0765625