0 0.84609375 0.65 0.0359375 0.215625
0 0.24921875 0.07265625 0.034375 0.1453125
0 0.42734375 0.66875 0.046875 0.2390625
0 0.9140625 0.51875 0.04375 0.1953125
0 0.55625 0.93203125 0.04375 0.1359375
0 0.37734375 0.24140625 0.0390625 0.1046875
0 0.3671875 0.32421875 0.0296875 0.1125
0 0.4234375 0.2140625 0.034375 0.1578125
0 0.52734375 0.046875 0.0265625 0.09375
0 0.496875 0.0453125 0.028125 0.090625
0 0.32265625 0.1265625 0.01875 0.1359375
0 0.109375 0.37109375 0.034375 0.1765625
0 0.08125 0.35078125 0.028125 0.1953125
0 0.54609375 0.82109375 0.0640625 0.2375
0 0.578125 0.82890625 0.0453125 0.225
0 0.40390625 0.14609375 0.0234375 0.1390625
0 0.42265625 0.15078125 0.0296875 0.15625
0 0.2203125 0.21328125 0.0265625 0.15
0 0.65078125 0.08125 0.03125 0.109375
0 0.15234375 0.8984375 0.0421875 0.203125
0 0.13203125 0.8765625 0.0484375 0.246875
0 0.28828125 0.18046875 0.03125 0.159375
0 0.165625 0.1125 0.025 0.1515625
0 0.2 0.18203125 0.028125 0.1609375
0 0.16328125 0.19296875 0.025 0.1578125
0 0.128125 0.19921875 0.03125 0.146875
0 0.46953125 0.05078125 0.0265625 0.1015625
0 0.215625 0.2828125 0.03125 0.1765625
0 0.25234375 0.17890625 0.034375 0.16875
0 0.890625 0.36015625 0.04375 0.1859375
0 0.83515625 0.33828125 0.0296875 0.171875
0 0.790625 0.065625 0.028125 0.13125
0 0.9453125 0.29375 0.0359375 0.1625
0 0.8765625 0.0734375 0.0265625 0.146875
0 0.84375 0.071875 0.028125 0.14375
0 0.99375 0.32265625 0.0125 0.1796875
0 0.22421875 0.1171875 0.025 0.1546875
0 0.2171875 0.03046875 0.0265625 0.0609375