0 0.8453125 0.65390625 0.0515625 0.215625
0 0.278125 0.63828125 0.0453125 0.23125
0 0.9140625 0.51640625 0.0453125 0.190625
0 0.46953125 0.93984375 0.0453125 0.1203125
0 0.37734375 0.24140625 0.0390625 0.1046875
0 0.3671875 0.32421875 0.0296875 0.1125
0 0.421875 0.20546875 0.0328125 0.159375
0 0.1859375 0.259375 0.028125 0.159375
0 0.15234375 0.25625 0.03125 0.18125
0 0.403125 0.1453125 0.0234375 0.1390625
0 0.25234375 0.05703125 0.021875 0.1140625
0 0.65078125 0.08046875 0.03125 0.109375
0 0.29921875 0.18671875 0.03125 0.1609375
0 0.17421875 0.05859375 0.0234375 0.1171875
0 0.19921875 0.1796875 0.025 0.159375
0 0.1625 0.19140625 0.025 0.15625
0 0.13515625 0.19921875 0.025 0.1515625
0 0.12109375 0.17890625 0.0265625 0.1703125
0 0.1765625 0.5265625 0.0375 0.2046875
0 0.6265625 0.740625 0.0453125 0.240625
0 0.59140625 0.7625 0.0390625 0.234375
0 0.84140625 0.16328125 0.0328125 0.1625
0 0.775 0.1578125 0.0265625 0.1515625
0 0.7921875 0.08046875 0.0296875 0.134375
0 0.25234375 0.259375 0.028125 0.171875
0 0.225 0.2625 0.0328125 0.1546875
0 0.14609375 0.05546875 0.025 0.1109375
0 0.24921875 0.13671875 0.028125 0.1546875
0 0.22109375 0.1359375 0.028125 0.15625
0 0.4625 0.03359375 0.0328125 0.0671875