0 0.85 0.68203125 0.053125 0.2234375
0 0.25625 0.1453125 0.0359375 0.1765625
0 0.39453125 0.62578125 0.0421875 0.215625
0 0.91484375 0.51875 0.0421875 0.19375
0 0.53046875 0.92734375 0.0484375 0.1453125
0 0.37734375 0.24140625 0.0390625 0.1046875
0 0.3671875 0.32421875 0.0296875 0.1125
0 0.428125 0.21796875 0.028125 0.159375
0 0.77265625 0.02578125 0.0265625 0.0515625
0 0.5375 0.10078125 0.028125 0.1484375
0 0.50703125 0.08671875 0.03125 0.1578125
0 0.4875 0.046875 0.028125 0.09375
0 0.06953125 0.409375 0.0265625 0.1734375
0 0.47421875 0.61015625 0.0546875 0.215625
0 0.5078125 0.61640625 0.0421875 0.2
0 0.4046875 0.1546875 0.028125 0.128125
0 0.38671875 0.16171875 0.0328125 0.15625
0 0.3859375 0.0578125 0.0265625 0.115625
0 0.12265625 0.32421875 0.028125 0.1640625
0 0.65078125 0.08125 0.03125 0.109375
0 0.22578125 0.68203125 0.0390625 0.21875
0 0.1734375 0.66875 0.0453125 0.2359375
0 0.29921875 0.140625 0.0296875 0.1515625
0 0.2 0.18046875 0.028125 0.1625
0 0.659375 0.5578125 0.0421875 0.1875
0 0.1625 0.19375 0.028125 0.1578125
0 0.19140625 0.16171875 0.028125 0.1609375
0 0.1328125 0.2015625 0.0375 0.1421875
0 0.446875 0.059375 0.025 0.11875
0 0.234375 0.1703125 0.028125 0.1609375
0 0.25546875 0.325 0.04375 0.1859375
0 0.98828125 0.4890625 0.0234375 0.178125
0 0.80703125 0.0390625 0.0296875 0.078125
0 0.934375 0.19375 0.0296875 0.1515625
0 0.9734375 0.14609375 0.0421875 0.15625
0 0.884375 0.14140625 0.0390625 0.1609375
0 0.23203125 0.05546875 0.021875 0.1109375
0 0.203125 0.053125 0.0359375 0.10625