0 0.77421875 0.65078125 0.046875 0.2296875
0 0.25546875 0.22421875 0.0390625 0.190625
0 0.13203125 0.65 0.0453125 0.234375
0 0.91484375 0.51875 0.040625 0.19375
0 0.5109375 0.925 0.046875 0.15
0 0.37734375 0.24140625 0.0390625 0.1046875
0 0.3671875 0.32421875 0.0296875 0.1125
0 0.42890625 0.21796875 0.03125 0.1609375
0 0.778125 0.09609375 0.028125 0.1359375
0 0.58515625 0.15859375 0.0265625 0.146875
0 0.5484375 0.1734375 0.03125 0.16875
0 0.28046875 0.18046875 0.0265625 0.1609375
0 0.5046875 0.1515625 0.03125 0.1625
0 0.06875 0.409375 0.0265625 0.1734375
0 0.44609375 0.44765625 0.046875 0.1953125
0 0.4796875 0.45390625 0.0390625 0.1796875
0 0.45078125 0.1734375 0.025 0.14375
0 0.40234375 0.171875 0.0234375 0.15625
0 0.3796875 0.0734375 0.0265625 0.146875
0 0.13671875 0.471875 0.03125 0.18125
0 0.65078125 0.08125 0.03125 0.109375
0 0.303125 0.4859375 0.0328125 0.1953125
0 0.25859375 0.478125 0.034375 0.2046875
0 0.29375 0.1359375 0.0234375 0.1546875
0 0.19765625 0.18125 0.025 0.1609375
0 0.41484375 0.4046875 0.034375 0.175
0 0.16328125 0.196875 0.028125 0.15625
0 0.18828125 0.16484375 0.021875 0.1625
0 0.12890625 0.19453125 0.0265625 0.1484375
0 0.13984375 0.175 0.025 0.1703125
0 0.11640625 0.1734375 0.021875 0.159375
0 0.46171875 0.0265625 0.01875 0.053125
0 0.221875 0.09140625 0.0296875 0.15
0 0.225 0.51953125 0.0421875 0.2140625
0 0.98203125 0.62734375 0.034375 0.2078125
0 0.8765625 0.0984375 0.028125 0.1390625
0 0.8046875 0.028125 0.0265625 0.05625
0 0.1703125 0.87109375 0.0484375 0.25625
0 0.18203125 0.80078125 0.05 0.2421875