0 0.84609375 0.65390625 0.053125 0.215625
0 0.3625 0.64609375 0.05 0.2265625
0 0.915625 0.5171875 0.040625 0.1953125
0 0.4953125 0.9375 0.0421875 0.125
0 0.37734375 0.24140625 0.0390625 0.1046875
0 0.3671875 0.32421875 0.0296875 0.1125
0 0.43125 0.20703125 0.0375 0.1578125
0 0.1765625 0.23984375 0.0328125 0.178125
0 0.40390625 0.140625 0.03125 0.1453125
0 0.65078125 0.08046875 0.03125 0.109375
0 0.30234375 0.18671875 0.0296875 0.1578125
0 0.17421875 0.059375 0.0234375 0.11875
0 0.203125 0.18046875 0.028125 0.159375
0 0.16328125 0.19296875 0.025 0.1546875
0 0.1375 0.2015625 0.0296875 0.1546875
0 0.12890625 0.18828125 0.0421875 0.153125
0 0.46640625 0.0234375 0.0265625 0.046875
0 0.1921875 0.815625 0.0484375 0.2453125
0 0.50703125 0.44140625 0.034375 0.196875
0 0.46328125 0.453125 0.0328125 0.196875
0 0.678125 0.85625 0.0484375 0.259375
0 0.93203125 0.74296875 0.0484375 0.2296875
0 0.7890625 0.0546875 0.03125 0.109375
0 0.74921875 0.05390625 0.0234375 0.1078125
0 0.921875 0.196875 0.03125 0.165625
0 0.86015625 0.1625 0.03125 0.1515625
0 0.78359375 0.1875 0.03125 0.146875
0 0.60390625 0.1359375 0.0328125 0.1515625
0 0.43828125 0.02421875 0.0234375 0.0484375
0 0.37421875 0.03984375 0.0484375 0.0796875
0 0.26015625 0.1015625 0.025 0.1375
0 0.221875 0.4515625 0.034375 0.1953125
0 0.18984375 0.45625 0.040625 0.18125
0 0.2390625 0.14609375 0.028125 0.1625
0 0.2328125 0.06015625 0.0328125 0.1203125
0 0.21328125 0.046875 0.0265625 0.09375
0 0.14453125 0.05546875 0.028125 0.1109375
0 0.246875 0.29453125 0.0359375 0.1765625
0 0.19921875 0.29140625 0.03125 0.1703125
0 0.26328125 0.2765625 0.03125 0.1671875