0 0.8421875 0.69296875 0.04375 0.2234375
0 0.2484375 0.16796875 0.0359375 0.18125
0 0.3 0.640625 0.0546875 0.221875
0 0.91484375 0.51875 0.0421875 0.19375
0 0.52109375 0.925 0.0421875 0.15
0 0.37734375 0.24140625 0.0390625 0.1046875
0 0.3671875 0.32421875 0.0296875 0.1125
0 0.42890625 0.21796875 0.03125 0.1609375
0 0.75859375 0.04609375 0.025 0.0921875
0 0.5453125 0.128125 0.028125 0.1484375
0 0.5125 0.12265625 0.0328125 0.1640625
0 0.27734375 0.15859375 0.025 0.15625
0 0.496875 0.071875 0.03125 0.14375
0 0.06953125 0.41015625 0.0265625 0.175
0 0.4609375 0.54609375 0.04375 0.209375
0 0.4953125 0.5484375 0.0421875 0.190625
0 0.40625 0.153125 0.021875 0.13125
0 0.38203125 0.165625 0.0296875 0.15625
0 0.3796875 0.07578125 0.0265625 0.14375
0 0.12578125 0.37421875 0.028125 0.1703125
0 0.65078125 0.08125 0.03125 0.109375
0 0.26015625 0.6015625 0.0328125 0.2125
0 0.21328125 0.590625 0.046875 0.2234375
0 0.29375 0.134375 0.0265625 0.153125
0 0.18359375 0.12578125 0.0296875 0.153125
0 0.20234375 0.17890625 0.028125 0.1625
0 0.5640625 0.49375 0.034375 0.184375
0 0.16171875 0.196875 0.028125 0.1578125
0 0.1234375 0.2015625 0.03125 0.1453125
0 0.13046875 0.1828125 0.028125 0.16875
0 0.146875 0.1546875 0.0296875 0.1609375
0 0.446875 0.04921875 0.028125 0.0984375
0 0.2359375 0.1453125 0.0296875 0.159375
0 0.24609375 0.39140625 0.0390625 0.196875
0 0.96015625 0.52265625 0.034375 0.19375
0 0.9296875 0.15859375 0.03125 0.146875
0 0.96875 0.1359375 0.0296875 0.15
0 0.86015625 0.078125 0.028125 0.15
0 0.2890625 0.9359375 0.0546875 0.128125
0 0.23203125 0.03828125 0.025 0.0765625
0 0.20859375 0.040625 0.021875 0.08125