0 0.75859375 0.6359375 0.05 0.2265625
0 0.2546875 0.240625 0.0390625 0.1921875
0 0.10703125 0.6421875 0.0453125 0.23125
0 0.915625 0.51875 0.040625 0.19375
0 0.51171875 0.921875 0.04375 0.15625
0 0.37734375 0.24140625 0.0390625 0.1046875
0 0.42890625 0.21796875 0.03125 0.1609375
0 0.7828125 0.109375 0.0265625 0.1359375
0 0.6 0.16640625 0.028125 0.1515625
0 0.5625 0.18203125 0.0296875 0.1703125
0 0.2796875 0.18828125 0.028125 0.165625
0 0.50625 0.16953125 0.0359375 0.1640625
0 0.06875 0.409375 0.0265625 0.1734375
0 0.05 0.3921875 0.0453125 0.1875
0 0.43984375 0.42890625 0.04375 0.1984375
0 0.47421875 0.43203125 0.040625 0.1765625
0 0.46640625 0.171875 0.0234375 0.140625
0 0.4046875 0.16953125 0.025 0.159375
0 0.3796875 0.0734375 0.0265625 0.146875
0 0.134375 0.50078125 0.03125 0.1859375
0 0.65078125 0.08125 0.03125 0.109375
0 0.31171875 0.46328125 0.03125 0.190625
0 0.2671875 0.46015625 0.0375 0.2078125
0 0.29296875 0.1359375 0.025 0.1546875
0 0.19765625 0.18046875 0.025 0.1609375
0 0.378125 0.38203125 0.03125 0.1640625
0 0.1640625 0.19375 0.028125 0.15625
0 0.1875 0.16484375 0.0234375 0.1625
0 0.125 0.1921875 0.0296875 0.1515625
0 0.14140625 0.1734375 0.021875 0.1703125
0 0.46484375 0.02109375 0.01875 0.0421875
0 0.2109375 0.08046875 0.03125 0.146875
0 0.21875 0.553125 0.046875 0.2203125
0 0.984375 0.65078125 0.03125 0.215625
0 0.86484375 0.084375 0.03125 0.1359375
0 0.7890625 0.02109375 0.0234375 0.0421875
0 0.15078125 0.83046875 0.046875 0.25