0 0.84375 0.65078125 0.04375 0.2203125
0 0.2546875 0.06328125 0.0328125 0.1265625
0 0.3921875 0.65078125 0.0421875 0.2296875
0 0.9140625 0.51875 0.04375 0.1953125
0 0.54375 0.92734375 0.040625 0.1453125
0 0.37734375 0.24140625 0.0390625 0.1046875
0 0.3671875 0.32421875 0.0296875 0.1125
0 0.43125 0.2125 0.034375 0.15625
0 0.5234375 0.0375 0.0265625 0.075
0 0.49453125 0.03828125 0.028125 0.0765625
0 0.33203125 0.1265625 0.021875 0.1328125
0 0.125 0.3484375 0.0328125 0.175
0 0.09375 0.33359375 0.0328125 0.190625
0 0.57109375 0.8796875 0.0671875 0.240625
0 0.609375 0.88359375 0.05 0.23125
0 0.403125 0.14453125 0.021875 0.140625
0 0.44140625 0.1375 0.028125 0.153125
0 0.2484375 0.18515625 0.0265625 0.146875
0 0.65078125 0.08125 0.03125 0.109375
0 0.14921875 0.9296875 0.0421875 0.140625
0 0.17578125 0.9 0.0546875 0.2
0 0.30078125 0.184375 0.025 0.1578125
0 0.171875 0.0953125 0.028125 0.1484375
0 0.2 0.18203125 0.028125 0.1609375
0 0.1625 0.1921875 0.025 0.15625
0 0.12578125 0.2 0.0265625 0.1484375
0 0.4671875 0.0484375 0.0265625 0.096875
0 0.21328125 0.31484375 0.034375 0.178125
0 0.25859375 0.14921875 0.03125 0.165625
0 0.8796875 0.3265625 0.0375 0.1859375
0 0.828125 0.309375 0.03125 0.171875
0 0.7859375 0.06953125 0.03125 0.13125
0 0.9734375 0.32109375 0.0359375 0.165625
0 0.871875 0.06171875 0.028125 0.1234375
0 0.828125 0.059375 0.028125 0.11875
0 0.23125 0.13125 0.0234375 0.1546875
0 0.20703125 0.13828125 0.028125 0.1390625
0 0.2046875 0.040625 0.0265625 0.08125