0 0.76640625 0.64375 0.05 0.228125
0 0.2546875 0.23203125 0.0390625 0.190625
0 0.11953125 0.646875 0.0453125 0.23125
0 0.915625 0.51875 0.040625 0.19375
0 0.51328125 0.92421875 0.046875 0.1515625
0 0.37734375 0.24140625 0.0390625 0.1046875
0 0.3671875 0.32421875 0.0296875 0.1125
0 0.42890625 0.21796875 0.03125 0.1609375
0 0.7796875 0.10390625 0.0265625 0.1359375
0 0.59140625 0.16328125 0.028125 0.15
0 0.55546875 0.17734375 0.03125 0.16875
0 0.27890625 0.18515625 0.025 0.1640625
0 0.50625 0.1609375 0.034375 0.1625
0 0.06875 0.409375 0.0265625 0.1734375
0 0.05078125 0.3921875 0.04375 0.1875
0 0.44375 0.43984375 0.0453125 0.1984375
0 0.47734375 0.44375 0.0390625 0.1796875
0 0.4578125 0.17265625 0.0203125 0.1421875
0 0.403125 0.17109375 0.0234375 0.159375
0 0.3796875 0.0734375 0.0265625 0.146875
0 0.1359375 0.484375 0.0296875 0.184375
0 0.65078125 0.08125 0.03125 0.109375
0 0.3078125 0.4765625 0.0328125 0.1953125
0 0.2625 0.46953125 0.0375 0.20625
0 0.29375 0.1359375 0.0234375 0.1546875
0 0.19765625 0.18125 0.025 0.1609375
0 0.3953125 0.3953125 0.0359375 0.1703125
0 0.1640625 0.19453125 0.028125 0.15625
0 0.18828125 0.16484375 0.021875 0.1625
0 0.12734375 0.19296875 0.0296875 0.15
0 0.14140625 0.175 0.025 0.1703125
0 0.46484375 0.0234375 0.01875 0.046875
0 0.2171875 0.0859375 0.0296875 0.146875
0 0.22265625 0.53828125 0.046875 0.21875
0 0.98359375 0.6390625 0.0328125 0.2140625
0 0.86953125 0.0890625 0.0296875 0.1359375
0 0.79765625 0.02421875 0.0234375 0.0484375
0 0.16015625 0.853125 0.0453125 0.2546875
0 0.16875 0.7828125 0.0484375 0.2421875