0 0.83203125 0.68125 0.0390625 0.2234375
0 0.24921875 0.13203125 0.034375 0.175
0 0.4203125 0.64140625 0.0390625 0.23125
0 0.91484375 0.51875 0.0421875 0.19375
0 0.5484375 0.92578125 0.046875 0.1484375
0 0.37734375 0.24140625 0.0390625 0.1046875
0 0.3671875 0.32421875 0.0296875 0.1125
0 0.428125 0.2171875 0.0265625 0.159375
0 0.5375 0.08359375 0.0265625 0.140625
0 0.5015625 0.071875 0.03125 0.14375
0 0.27578125 0.1265625 0.021875 0.15625
0 0.4796875 0.03671875 0.028125 0.0734375
0 0.07109375 0.409375 0.028125 0.1734375
0 0.48671875 0.64375 0.0625 0.21875
0 0.52109375 0.65703125 0.0421875 0.2046875
0 0.40625 0.14921875 0.021875 0.1390625
0 0.3859375 0.1609375 0.03125 0.15625
0 0.38984375 0.04453125 0.025 0.0890625
0 0.1375 0.3 0.0265625 0.1671875
0 0.65078125 0.08125 0.03125 0.109375
0 0.2078125 0.728125 0.0375 0.2265625
0 0.16171875 0.7125 0.046875 0.2421875
0 0.28984375 0.14375 0.028125 0.1578125
0 0.2 0.18125 0.028125 0.1640625
0 0.72265625 0.584375 0.0359375 0.190625
0 0.1625 0.19375 0.028125 0.1578125
0 0.1921875 0.16328125 0.025 0.1609375
0 0.128125 0.2 0.0296875 0.1453125
0 0.45703125 0.0640625 0.025 0.128125
0 0.23828125 0.1859375 0.0296875 0.159375
0 0.25234375 0.29453125 0.040625 0.184375
0 0.9796875 0.4609375 0.040625 0.1796875
0 0.890625 0.4359375 0.0359375 0.1859375
0 0.79921875 0.04375 0.0265625 0.0875
0 0.928125 0.21796875 0.0375 0.159375
0 0.92265625 0.140625 0.034375 0.1609375
0 0.9015625 0.17109375 0.0359375 0.1625
0 0.2296875 0.06328125 0.021875 0.1265625
0 0.203125 0.0625 0.03125 0.125