0 0.85390625 0.70078125 0.0390625 0.2234375
0 0.25 0.15859375 0.0359375 0.1796875
0 0.334375 0.63359375 0.0484375 0.225
0 0.91484375 0.51875 0.0421875 0.19375
0 0.52890625 0.91796875 0.046875 0.1640625
0 0.37734375 0.24140625 0.0390625 0.1046875
0 0.3671875 0.32421875 0.0296875 0.1125
0 0.42890625 0.21796875 0.03125 0.1609375
0 0.76015625 0.040625 0.0265625 0.08125
0 0.54296875 0.12109375 0.028125 0.1484375
0 0.51171875 0.1109375 0.03125 0.1609375
0 0.27578125 0.15078125 0.025 0.15625
0 0.49453125 0.0609375 0.028125 0.121875
0 0.06953125 0.41015625 0.0265625 0.175
0 0.46640625 0.5625 0.046875 0.2125
0 0.4921875 0.56640625 0.0328125 0.1921875
0 0.40546875 0.15703125 0.0265625 0.121875
0 0.38203125 0.16328125 0.0296875 0.15625
0 0.37890625 0.06953125 0.0265625 0.1390625
0 0.121875 0.3625 0.028125 0.1703125
0 0.65078125 0.08125 0.03125 0.109375
0 0.253125 0.62578125 0.0359375 0.2140625
0 0.196875 0.60859375 0.0453125 0.2234375
0 0.29453125 0.134375 0.028125 0.153125
0 0.18125 0.1265625 0.0328125 0.1515625
0 0.2 0.1796875 0.028125 0.1640625
0 0.58984375 0.50859375 0.03125 0.1859375
0 0.16015625 0.19609375 0.028125 0.15625
0 0.12890625 0.2015625 0.028125 0.1453125
0 0.44453125 0.05078125 0.028125 0.1015625
0 0.23671875 0.1484375 0.0296875 0.159375
0 0.25234375 0.3734375 0.0375 0.1953125
0 0.95 0.50859375 0.034375 0.19375
0 0.93828125 0.17109375 0.0296875 0.146875
0 0.95078125 0.13671875 0.0375 0.1515625
0 0.86875 0.0953125 0.034375 0.1515625
0 0.3078125 0.95234375 0.05 0.0953125
0 0.23359375 0.03984375 0.025 0.0796875
0 0.209375 0.04453125 0.028125 0.0890625