0 0.734375 0.63671875 0.0546875 0.2234375
0 0.23671875 0.403125 0.0421875 0.2109375
0 0.07421875 0.621875 0.04375 0.2296875
0 0.915625 0.51875 0.0390625 0.19375
0 0.6328125 0.94296875 0.04375 0.1140625
0 0.353125 0.81953125 0.053125 0.23125
0 0.37734375 0.24140625 0.0390625 0.1046875
0 0.3671875 0.32421875 0.0296875 0.1125
0 0.42890625 0.21796875 0.03125 0.1609375
0 0.78828125 0.13125 0.028125 0.1359375
0 0.78671875 0.26640625 0.0265625 0.1609375
0 0.7578125 0.271875 0.034375 0.175
0 0.41015625 0.25390625 0.0296875 0.1640625
0 0.52578125 0.2609375 0.0359375 0.1703125
0 0.07734375 0.4140625 0.021875 0.178125
0 0.08203125 0.3921875 0.0328125 0.1875
0 0.44921875 0.24921875 0.028125 0.1703125
0 0.4703125 0.25703125 0.028125 0.1546875
0 0.69765625 0.2625 0.0203125 0.15
0 0.65703125 0.22734375 0.0390625 0.15
0 0.3796875 0.07265625 0.028125 0.1453125
0 0.02421875 0.77265625 0.034375 0.2140625
0 0.65078125 0.08046875 0.03125 0.109375
0 0.2765625 0.2796875 0.040625 0.18125
0 0.23984375 0.08984375 0.028125 0.1484375
0 0.2109375 0.096875 0.028125 0.15
0 0.2921875 0.1359375 0.0234375 0.1546875
0 0.26640625 0.11171875 0.0296875 0.1484375
0 0.19921875 0.178125 0.028125 0.1640625
0 0.26328125 0.1875 0.0296875 0.14375
0 0.16484375 0.19140625 0.028125 0.1578125
0 0.18671875 0.15859375 0.025 0.1625
0 0.121875 0.1953125 0.0265625 0.1515625
0 0.146875 0.16875 0.0265625 0.1703125
0 0.22890625 0.90546875 0.0515625 0.1890625