0 0.73515625 0.63671875 0.053125 0.2234375
0 0.22421875 0.44921875 0.0453125 0.2171875
0 0.07421875 0.62265625 0.04375 0.23125
0 0.915625 0.51875 0.0390625 0.19375
0 0.634375 0.953125 0.040625 0.09375
0 0.35390625 0.81953125 0.053125 0.23125
0 0.37734375 0.24140625 0.0390625 0.1046875
0 0.3671875 0.32421875 0.0296875 0.1125
0 0.42890625 0.21796875 0.03125 0.1609375
0 0.97421875 0.31875 0.0359375 0.1765625
0 0.7875 0.13125 0.028125 0.1359375
0 0.8375 0.2984375 0.0296875 0.165625
0 0.79609375 0.29609375 0.03125 0.178125
0 0.5125 0.26484375 0.0453125 0.1625
0 0.54609375 0.22890625 0.040625 0.16875
0 0.1125 0.43046875 0.034375 0.178125
0 0.465625 0.2171875 0.0296875 0.16875
0 0.4875 0.221875 0.025 0.1515625
0 0.5515625 0.0234375 0.0234375 0.046875
0 0.5328125 0.02265625 0.0234375 0.0453125
0 0.73984375 0.2859375 0.025 0.15625
0 0.71796875 0.24921875 0.0265625 0.15625
0 0.3796875 0.07265625 0.028125 0.1453125
0 0.01640625 0.85859375 0.0328125 0.2203125
0 0.64765625 0.08203125 0.0390625 0.109375
0 0.2734375 0.240625 0.046875 0.1734375
0 0.246875 0.125 0.025 0.1515625
0 0.2265625 0.13671875 0.0265625 0.153125
0 0.2921875 0.1359375 0.0234375 0.1546875
0 0.2671875 0.11171875 0.028125 0.1484375
0 0.1984375 0.17890625 0.028125 0.165625
0 0.2140625 0.1515625 0.0265625 0.14375
0 0.1609375 0.19140625 0.028125 0.1578125
0 0.1890625 0.1609375 0.0265625 0.1609375
0 0.1234375 0.19375 0.025 0.1515625
0 0.14375 0.16875 0.025 0.16875
0 0.2234375 0.96328125 0.046875 0.0734375