0 0.84609375 0.65390625 0.053125 0.215625
0 0.35546875 0.64765625 0.0421875 0.225
0 0.915625 0.5171875 0.040625 0.1953125
0 0.49140625 0.9390625 0.0421875 0.121875
0 0.37734375 0.24140625 0.0390625 0.1046875
0 0.3671875 0.32421875 0.0296875 0.1125
0 0.43203125 0.20703125 0.0390625 0.1578125
0 0.19453125 0.234375 0.0265625 0.1546875
0 0.17421875 0.23828125 0.034375 0.1765625
0 0.40546875 0.14140625 0.0265625 0.146875
0 0.4 0.115625 0.0234375 0.1546875
0 0.65078125 0.08046875 0.03125 0.109375
0 0.3046875 0.18671875 0.0296875 0.1578125
0 0.17421875 0.059375 0.0234375 0.11875
0 0.2078125 0.1765625 0.028125 0.159375
0 0.1390625 0.19921875 0.0296875 0.1515625
0 0.1234375 0.18046875 0.0265625 0.1703125
0 0.46640625 0.0234375 0.0265625 0.046875
0 0.1828125 0.75859375 0.046875 0.2390625
0 0.51953125 0.4859375 0.0328125 0.2109375
0 0.4703125 0.50078125 0.0328125 0.203125
0 0.7046875 0.9046875 0.05 0.190625
0 0.93203125 0.7390625 0.05 0.221875
0 0.79609375 0.06328125 0.0296875 0.1265625
0 0.75859375 0.06640625 0.0234375 0.1328125
0 0.90625 0.1609375 0.028125 0.1625
0 0.8453125 0.1296875 0.028125 0.146875
0 0.78515625 0.16796875 0.03125 0.14375
0 0.59375 0.1015625 0.0328125 0.15
0 0.3859375 0.03671875 0.034375 0.0734375
0 0.25546875 0.07890625 0.025 0.1359375
0 0.23046875 0.41484375 0.03125 0.190625
0 0.190625 0.41328125 0.0453125 0.171875
0 0.2328125 0.140625 0.028125 0.1640625
0 0.2296875 0.046875 0.034375 0.09375
0 0.1453125 0.05546875 0.028125 0.1109375
0 0.2625 0.26796875 0.0359375 0.1734375
0 0.21328125 0.2640625 0.028125 0.1703125