0 0.84921875 0.68203125 0.053125 0.2234375
0 0.25546875 0.14453125 0.0359375 0.1765625
0 0.3953125 0.6265625 0.0390625 0.215625
0 0.91484375 0.51875 0.0421875 0.19375
0 0.53203125 0.928125 0.046875 0.14375
0 0.37734375 0.24140625 0.0390625 0.1046875
0 0.3671875 0.32421875 0.0296875 0.1125
0 0.428125 0.21796875 0.028125 0.159375
0 0.77109375 0.02421875 0.0265625 0.0484375
0 0.5375 0.1 0.028125 0.1484375
0 0.50625 0.0859375 0.0296875 0.15625
0 0.48671875 0.04609375 0.028125 0.0921875
0 0.06953125 0.409375 0.028125 0.1734375
0 0.47421875 0.6125 0.0546875 0.215625
0 0.50859375 0.6203125 0.040625 0.2
0 0.4046875 0.153125 0.028125 0.13125
0 0.38671875 0.16171875 0.03125 0.15625
0 0.3859375 0.05703125 0.0265625 0.1140625
0 0.1234375 0.321875 0.028125 0.1640625
0 0.65078125 0.08125 0.03125 0.109375
0 0.22421875 0.684375 0.0375 0.21875
0 0.17265625 0.6734375 0.046875 0.2375
0 0.29921875 0.14140625 0.0296875 0.1515625
0 0.2 0.18046875 0.028125 0.1625
0 0.6640625 0.56171875 0.0453125 0.1875
0 0.1625 0.19375 0.028125 0.1578125
0 0.19140625 0.16171875 0.028125 0.1609375
0 0.1328125 0.20078125 0.0390625 0.14375
0 0.44765625 0.06015625 0.025 0.1203125
0 0.234375 0.1734375 0.028125 0.1609375
0 0.2546875 0.321875 0.0453125 0.1859375
0 0.9875 0.4875 0.025 0.1796875
0 0.80546875 0.0390625 0.0296875 0.078125
0 0.93359375 0.1953125 0.0296875 0.15
0 0.96875 0.14453125 0.040625 0.159375
0 0.884375 0.14296875 0.0375 0.1609375
0 0.23125 0.05625 0.021875 0.1125
0 0.20234375 0.05390625 0.0359375 0.1078125