0 0.7328125 0.6359375 0.053125 0.2234375
0 0.24140625 0.28359375 0.0390625 0.2
0 0.07265625 0.62421875 0.0453125 0.2296875
0 0.915625 0.51875 0.040625 0.19375
0 0.5078125 0.91796875 0.034375 0.1640625
0 0.353125 0.81953125 0.0515625 0.23125
0 0.37734375 0.24140625 0.0390625 0.1046875
0 0.3671875 0.32421875 0.0296875 0.1125
0 0.42890625 0.21796875 0.03125 0.1609375
0 0.78984375 0.13046875 0.028125 0.1375
0 0.63515625 0.1984375 0.0203125 0.1546875
0 0.6015625 0.20546875 0.028125 0.1703125
0 0.28203125 0.19375 0.0234375 0.1625
0 0.4875 0.21640625 0.0390625 0.16875
0 0.06875 0.409375 0.025 0.1734375
0 0.07578125 0.39140625 0.0328125 0.1859375
0 0.41484375 0.3796875 0.0390625 0.1859375
0 0.44375 0.38359375 0.0359375 0.1765625
0 0.52890625 0.1890625 0.0203125 0.1453125
0 0.4484375 0.1796875 0.0375 0.159375
0 0.38046875 0.0734375 0.028125 0.146875
0 0.1296875 0.56484375 0.0296875 0.1875
0 0.65078125 0.08125 0.03125 0.109375
0 0.3265625 0.40390625 0.03125 0.184375
0 0.28125 0.40703125 0.0375 0.2015625
0 0.25625 0.03515625 0.025 0.0703125
0 0.2203125 0.03515625 0.0234375 0.0703125
0 0.29296875 0.1359375 0.025 0.1546875
0 0.20546875 0.1140625 0.0265625 0.1515625
0 0.1984375 0.17734375 0.028125 0.1625
0 0.3125 0.3328125 0.0296875 0.1625
0 0.16328125 0.19453125 0.028125 0.1578125
0 0.18671875 0.16328125 0.021875 0.159375
0 0.12421875 0.19296875 0.028125 0.1515625
0 0.146875 0.171875 0.0265625 0.165625
0 0.19296875 0.0640625 0.028125 0.128125
0 0.23203125 0.646875 0.0453125 0.228125
0 0.825 0.059375 0.028125 0.11875
0 0.0859375 0.7359375 0.05 0.234375
0 0.04921875 0.6859375 0.05625 0.225