0 0.84453125 0.65390625 0.05 0.215625
0 0.309375 0.60859375 0.0390625 0.2234375
0 0.9140625 0.51796875 0.0484375 0.19375
0 0.52109375 0.93515625 0.040625 0.1296875
0 0.37734375 0.24140625 0.0390625 0.1046875
0 0.3671875 0.32421875 0.0296875 0.1125
0 0.4328125 0.2125 0.034375 0.15625
0 0.51328125 0.0234375 0.0265625 0.046875
0 0.33359375 0.12578125 0.0203125 0.13125
0 0.14375 0.31640625 0.03125 0.171875
0 0.11171875 0.3109375 0.040625 0.184375
0 0.60390625 0.92265625 0.0546875 0.1546875
0 0.64140625 0.92890625 0.05 0.1421875
0 0.40234375 0.14453125 0.021875 0.140625
0 0.41484375 0.1234375 0.028125 0.1609375
0 0.2703125 0.15 0.0234375 0.1453125
0 0.65078125 0.08125 0.03125 0.109375
0 0.19296875 0.953125 0.053125 0.09375
0 0.3015625 0.1828125 0.028125 0.1640625
0 0.1578125 0.07421875 0.03125 0.1453125
0 0.2 0.18203125 0.025 0.159375
0 0.1625 0.1921875 0.025 0.15625
0 0.13125 0.19765625 0.0265625 0.146875
0 0.1515625 0.165625 0.0296875 0.1625
0 0.4671875 0.0390625 0.0265625 0.078125
0 0.1984375 0.365625 0.0328125 0.1875
0 0.26640625 0.1015625 0.03125 0.1609375
0 0.82421875 0.96328125 0.0453125 0.0734375
0 0.77890625 0.97421875 0.040625 0.0515625
0 0.86484375 0.28046875 0.0421875 0.175
0 0.8140625 0.26328125 0.028125 0.165625
0 0.7859375 0.06953125 0.03125 0.13125
0 0.84296875 0.04296875 0.028125 0.0859375
0 0.24453125 0.15390625 0.025 0.15625
0 0.22578125 0.1640625 0.025 0.140625
0 0.23359375 0.05859375 0.03125 0.1171875
0 0.19609375 0.05390625 0.0265625 0.1078125
0 0.646875 0.05703125 0.034375 0.1109375