0 0.84453125 0.65390625 0.05 0.215625
0 0.22734375 0.61875 0.046875 0.2265625
0 0.91484375 0.5171875 0.0484375 0.1921875
0 0.4640625 0.9328125 0.04375 0.134375
0 0.37734375 0.24140625 0.0390625 0.1046875
0 0.3671875 0.32421875 0.0296875 0.1125
0 0.4234375 0.20859375 0.025 0.159375
0 0.17734375 0.26796875 0.0328125 0.159375
0 0.14921875 0.26875 0.0296875 0.1859375
0 0.403125 0.14453125 0.0234375 0.140625
0 0.2546875 0.07890625 0.021875 0.1296875
0 0.65078125 0.08046875 0.03125 0.109375
0 0.30234375 0.184375 0.0296875 0.1609375
0 0.18125 0.059375 0.0265625 0.11875
0 0.19921875 0.18046875 0.025 0.159375
0 0.1625 0.19296875 0.025 0.15625
0 0.134375 0.1984375 0.025 0.1515625
0 0.12109375 0.178125 0.0265625 0.171875
0 0.4703125 0.028125 0.0265625 0.05625
0 0.1734375 0.4734375 0.0390625 0.1984375
0 0.68046875 0.83359375 0.05 0.2546875
0 0.6375 0.84609375 0.04375 0.246875
0 0.8484375 0.1953125 0.0328125 0.165625
0 0.78125 0.1890625 0.025 0.159375
0 0.75390625 0.02734375 0.021875 0.0546875
0 0.78515625 0.07109375 0.03125 0.13125
0 0.26171875 0.22890625 0.025 0.165625
0 0.23125 0.2328125 0.0359375 0.1515625
0 0.146875 0.05546875 0.025 0.1109375
0 0.23125 0.10546875 0.0328125 0.146875
0 0.20234375 0.103125 0.028125 0.140625
0 0.83515625 0.01796875 0.021875 0.0359375
0 0.51953125 0.0375 0.034375 0.075