0 0.821875 0.665625 0.04375 0.225
0 0.2515625 0.10390625 0.0375 0.16875
0 0.440625 0.6734375 0.046875 0.2390625
0 0.9078125 0.51796875 0.0578125 0.1921875
0 0.55078125 0.93203125 0.046875 0.1359375
0 0.37734375 0.24140625 0.0390625 0.1046875
0 0.3671875 0.32421875 0.0296875 0.1125
0 0.43046875 0.21171875 0.028125 0.1609375
0 0.53359375 0.0640625 0.0265625 0.128125
0 0.49921875 0.0625 0.0296875 0.125
0 0.290625 0.1234375 0.021875 0.1453125
0 0.0859375 0.3984375 0.034375 0.1765625
0 0.06015625 0.38203125 0.025 0.1953125
0 0.50625 0.71875 0.059375 0.2296875
0 0.540625 0.72421875 0.0390625 0.2078125
0 0.40546875 0.15390625 0.0265625 0.1234375
0 0.3859375 0.16171875 0.03125 0.1546875
0 0.39609375 0.02109375 0.025 0.0421875
0 0.16875 0.2546875 0.025 0.1546875
0 0.65078125 0.08125 0.03125 0.109375
0 0.178125 0.81328125 0.0390625 0.2390625
0 0.1375 0.78671875 0.053125 0.246875
0 0.278125 0.1609375 0.03125 0.15625
0 0.18125 0.1265625 0.0296875 0.153125
0 0.2 0.18203125 0.028125 0.1625
0 0.8453125 0.63828125 0.0453125 0.19375
0 0.16328125 0.19375 0.028125 0.1578125
0 0.12890625 0.19921875 0.0328125 0.146875
0 0.46953125 0.059375 0.0265625 0.11875
0 0.22890625 0.228125 0.03125 0.16875
0 0.2546875 0.240625 0.0328125 0.175
0 0.94140625 0.4234375 0.040625 0.1984375
0 0.86484375 0.39296875 0.0328125 0.1828125
0 0.79453125 0.05546875 0.0296875 0.1109375
0 0.91875 0.246875 0.0359375 0.15625
0 0.896875 0.11640625 0.0265625 0.1515625
0 0.86796875 0.11171875 0.03125 0.1609375
0 0.95390625 0.240625 0.0328125 0.16875
0 0.22421875 0.0796875 0.0234375 0.1453125
0 0.196875 0.0828125 0.0265625 0.1296875