0 0.83203125 0.6640625 0.0328125 0.225
0 0.253125 0.08359375 0.0390625 0.165625
0 0.44765625 0.6796875 0.0359375 0.2375
0 0.915625 0.5171875 0.040625 0.19375
0 0.559375 0.9296875 0.04375 0.140625
0 0.37734375 0.24140625 0.0390625 0.1046875
0 0.3671875 0.32421875 0.0296875 0.1125
0 0.42421875 0.21171875 0.0296875 0.1578125
0 0.53125 0.05546875 0.028125 0.1109375
0 0.4984375 0.05234375 0.028125 0.1046875
0 0.309375 0.13125 0.0203125 0.14375
0 0.09921875 0.38671875 0.034375 0.1734375
0 0.071875 0.365625 0.034375 0.1953125
0 0.5234375 0.77578125 0.0625 0.2390625
0 0.55625 0.78125 0.0390625 0.2171875
0 0.39765625 0.16171875 0.034375 0.15625
0 0.1921875 0.228125 0.025 0.153125
0 0.65078125 0.08125 0.03125 0.109375
0 0.16328125 0.86640625 0.040625 0.240625
0 0.12578125 0.84296875 0.046875 0.25
0 0.2828125 0.16953125 0.028125 0.1609375
0 0.17109375 0.121875 0.021875 0.1515625
0 0.2 0.18203125 0.028125 0.1625
0 0.9203125 0.684375 0.0390625 0.2
0 0.16328125 0.19375 0.028125 0.1578125
0 0.128125 0.19921875 0.0328125 0.146875
0 0.4734375 0.05546875 0.025 0.1109375
0 0.2203125 0.25546875 0.0328125 0.16875
0 0.25625 0.20546875 0.0359375 0.1703125
0 0.91328125 0.3890625 0.0453125 0.1890625
0 0.85 0.3640625 0.0328125 0.178125
0 0.790625 0.06328125 0.0296875 0.1265625
0 0.93125 0.26953125 0.0296875 0.159375
0 0.884375 0.0921875 0.028125 0.153125
0 0.85234375 0.08671875 0.028125 0.159375
0 0.98203125 0.28515625 0.0359375 0.1765625
0 0.21875 0.1 0.0234375 0.146875
0 0.19609375 0.10625 0.0296875 0.1359375