0 0.84609375 0.65390625 0.053125 0.215625
0 0.35703125 0.646875 0.040625 0.2296875
0 0.915625 0.5171875 0.040625 0.1953125
0 0.49140625 0.93984375 0.0421875 0.1203125
0 0.37734375 0.24140625 0.0390625 0.1046875
0 0.3671875 0.32421875 0.0296875 0.1125
0 0.43125 0.20703125 0.0390625 0.1578125
0 0.1734375 0.2390625 0.0359375 0.178125
0 0.4046875 0.13984375 0.028125 0.146875
0 0.65078125 0.08046875 0.03125 0.109375
0 0.30390625 0.18671875 0.0296875 0.1578125
0 0.17421875 0.059375 0.0234375 0.11875
0 0.2078125 0.17734375 0.028125 0.159375
0 0.13828125 0.19921875 0.028125 0.1515625
0 0.12421875 0.18046875 0.028125 0.1703125
0 0.46640625 0.0234375 0.0265625 0.046875
0 0.18203125 0.7734375 0.0453125 0.2359375
0 0.5140625 0.47265625 0.040625 0.2109375
0 0.4671875 0.4859375 0.0328125 0.2
0 0.69375 0.88515625 0.05 0.2296875
0 0.934375 0.74140625 0.046875 0.2296875
0 0.79140625 0.05859375 0.0296875 0.1171875
0 0.75703125 0.0609375 0.0234375 0.121875
0 0.9125 0.16875 0.028125 0.159375
0 0.85234375 0.13984375 0.0265625 0.146875
0 0.78359375 0.17421875 0.0328125 0.14375
0 0.59765625 0.109375 0.0296875 0.15
0 0.37890625 0.0390625 0.05 0.078125
0 0.2578125 0.084375 0.028125 0.1375
0 0.22734375 0.4265625 0.03125 0.1921875
0 0.19140625 0.43125 0.040625 0.175
0 0.23671875 0.14140625 0.0328125 0.1640625
0 0.2328125 0.05078125 0.0359375 0.1015625
0 0.21171875 0.03828125 0.025 0.0765625
0 0.1453125 0.05546875 0.028125 0.1109375
0 0.25625 0.27734375 0.0359375 0.1765625
0 0.20859375 0.2734375 0.03125 0.1703125