0 0.734375 0.6359375 0.0546875 0.2234375
0 0.240625 0.371875 0.040625 0.2046875
0 0.0734375 0.621875 0.04375 0.23125
0 0.915625 0.51875 0.0390625 0.19375
0 0.609375 0.93046875 0.04375 0.1390625
0 0.353125 0.81953125 0.053125 0.23125
0 0.37734375 0.24140625 0.0390625 0.1046875
0 0.3671875 0.32421875 0.0296875 0.1125
0 0.78828125 0.13125 0.028125 0.1359375
0 0.74765625 0.24765625 0.0265625 0.15625
0 0.728125 0.25546875 0.0328125 0.1734375
0 0.371875 0.246875 0.0265625 0.1609375
0 0.50234375 0.278125 0.034375 0.175
0 0.06796875 0.409375 0.025 0.1734375
0 0.078125 0.39140625 0.028125 0.1859375
0 0.4296875 0.2734375 0.0328125 0.1765625
0 0.4515625 0.28203125 0.028125 0.1546875
0 0.66171875 0.2484375 0.0234375 0.15
0 0.61015625 0.21484375 0.028125 0.159375
0 0.3796875 0.07265625 0.028125 0.1453125
0 0.04921875 0.72421875 0.04375 0.20625
0 0.65078125 0.08046875 0.03125 0.109375
0 0.29921875 0.29296875 0.0265625 0.171875
0 0.28515625 0.30625 0.0359375 0.184375
0 0.24375 0.0703125 0.028125 0.140625
0 0.2078125 0.0734375 0.025 0.146875
0 0.2921875 0.1359375 0.0234375 0.1546875
0 0.265625 0.11171875 0.0296875 0.1484375
0 0.19921875 0.178125 0.028125 0.1640625
0 0.26328125 0.21953125 0.028125 0.146875
0 0.165625 0.19296875 0.028125 0.1578125
0 0.18828125 0.16015625 0.021875 0.159375
0 0.12109375 0.19375 0.025 0.1515625
0 0.1515625 0.16875 0.0375 0.16875
0 0.228125 0.86640625 0.0515625 0.25
0 0.77421875 0.02109375 0.0234375 0.0421875