0 0.84609375 0.6546875 0.053125 0.215625
0 0.36171875 0.64140625 0.0375 0.225
0 0.915625 0.51796875 0.040625 0.1953125
0 0.5 0.93046875 0.040625 0.1390625
0 0.37734375 0.24140625 0.0390625 0.1046875
0 0.3671875 0.32421875 0.0296875 0.1125
0 0.43125 0.20703125 0.0375 0.1578125
0 0.1875 0.240625 0.0328125 0.178125
0 0.4046875 0.140625 0.0296875 0.146875
0 0.39765625 0.1125 0.028125 0.1546875
0 0.65078125 0.08046875 0.03125 0.109375
0 0.29921875 0.1859375 0.025 0.15625
0 0.17421875 0.059375 0.0234375 0.11875
0 0.20234375 0.18046875 0.0296875 0.159375
0 0.16328125 0.19296875 0.025 0.1546875
0 0.1328125 0.203125 0.0296875 0.153125
0 0.12421875 0.1765625 0.028125 0.1703125
0 0.153125 0.1609375 0.0296875 0.1578125
0 0.19453125 0.86484375 0.046875 0.246875
0 0.50078125 0.403125 0.0375 0.2
0 0.45703125 0.4078125 0.034375 0.1921875
0 0.6546875 0.78359375 0.0484375 0.2484375
0 0.93125 0.7421875 0.0515625 0.2296875
0 0.771875 0.04609375 0.034375 0.0921875
0 0.7390625 0.04609375 0.021875 0.0921875
0 0.93984375 0.23125 0.0359375 0.165625
0 0.87265625 0.1921875 0.03125 0.15625
0 0.7828125 0.21328125 0.0328125 0.1515625
0 0.6171875 0.16953125 0.034375 0.1546875
0 0.44453125 0.02890625 0.0265625 0.0578125
0 0.41640625 0.0265625 0.025 0.053125
0 0.38828125 0.03828125 0.028125 0.0765625
0 0.26484375 0.12421875 0.028125 0.1421875
0 0.21953125 0.48359375 0.034375 0.196875
0 0.1828125 0.48828125 0.04375 0.1828125
0 0.2453125 0.14453125 0.028125 0.1625
0 0.23828125 0.071875 0.03125 0.14375
0 0.21171875 0.05703125 0.028125 0.1140625
0 0.1265625 0.05859375 0.021875 0.1171875
0 0.23359375 0.31875 0.0359375 0.1765625
0 0.1875 0.31796875 0.034375 0.1734375
0 0.27109375 0.3015625 0.0328125 0.1671875