0 0.821875 0.67578125 0.0375 0.2296875
0 0.25 0.11796875 0.0359375 0.171875
0 0.44375 0.65625 0.046875 0.23125
0 0.91015625 0.51875 0.0515625 0.19375
0 0.5546875 0.925 0.046875 0.15
0 0.37734375 0.24140625 0.0390625 0.1046875
0 0.3671875 0.32421875 0.0296875 0.1125
0 0.4296875 0.215625 0.0234375 0.1578125
0 0.5375 0.071875 0.0265625 0.14375
0 0.5015625 0.06796875 0.03125 0.1359375
0 0.07421875 0.409375 0.028125 0.175
0 0.49609375 0.68125 0.059375 0.228125
0 0.53359375 0.6890625 0.046875 0.2046875
0 0.40546875 0.1515625 0.028125 0.1296875
0 0.384375 0.16015625 0.0234375 0.15625
0 0.3953125 0.03203125 0.025 0.0640625
0 0.15546875 0.275 0.028125 0.159375
0 0.65078125 0.08125 0.03125 0.109375
0 0.1921875 0.76796875 0.0375 0.2296875
0 0.15 0.74921875 0.0515625 0.2421875
0 0.28515625 0.1515625 0.0296875 0.15625
0 0.184375 0.1265625 0.0296875 0.15
0 0.2 0.18125 0.028125 0.1640625
0 0.7859375 0.609375 0.040625 0.1921875
0 0.1625 0.19375 0.028125 0.1578125
0 0.12890625 0.19921875 0.0328125 0.146875
0 0.46796875 0.0609375 0.028125 0.121875
0 0.2375 0.20625 0.0296875 0.1609375
0 0.2515625 0.26640625 0.0359375 0.1765625
0 0.96484375 0.44375 0.04375 0.1953125
0 0.87578125 0.415625 0.0328125 0.184375
0 0.7984375 0.05078125 0.0296875 0.1015625
0 0.91640625 0.23203125 0.03125 0.1546875
0 0.915625 0.13203125 0.028125 0.1546875
0 0.88828125 0.1296875 0.034375 0.1609375
0 0.92578125 0.19765625 0.0390625 0.159375
0 0.22734375 0.07109375 0.0234375 0.1421875
0 0.20078125 0.06796875 0.03125 0.125