0 0.73359375 0.6359375 0.053125 0.2234375
0 0.23828125 0.34375 0.0390625 0.2046875
0 0.0734375 0.61953125 0.04375 0.23125
0 0.915625 0.51875 0.040625 0.19375
0 0.5703125 0.92421875 0.040625 0.1515625
0 0.353125 0.81953125 0.053125 0.23125
0 0.37734375 0.24140625 0.0390625 0.1046875
0 0.3671875 0.32421875 0.0296875 0.1125
0 0.42890625 0.21796875 0.03125 0.1609375
0 0.7890625 0.13125 0.028125 0.1359375
0 0.703125 0.23359375 0.0265625 0.1453125
0 0.6921875 0.24296875 0.028125 0.165625
0 0.471875 0.278125 0.0375 0.178125
0 0.06875 0.409375 0.025 0.1734375
0 0.07890625 0.3921875 0.0296875 0.1875
0 0.4140625 0.30625 0.0328125 0.171875
0 0.4359375 0.3125 0.0296875 0.1625
0 0.62734375 0.228125 0.028125 0.15
0 0.559375 0.203125 0.040625 0.15625
0 0.3796875 0.07265625 0.028125 0.1453125
0 0.10390625 0.6796875 0.0421875 0.2
0 0.65078125 0.08125 0.03125 0.109375
0 0.3171875 0.3203125 0.0296875 0.178125
0 0.29140625 0.3359375 0.028125 0.190625
0 0.2484375 0.059375 0.0265625 0.11875
0 0.21015625 0.0609375 0.0234375 0.121875
0 0.29296875 0.1359375 0.025 0.1546875
0 0.25703125 0.1078125 0.0265625 0.146875
0 0.1984375 0.178125 0.028125 0.1625
0 0.265625 0.2515625 0.03125 0.15625
0 0.16328125 0.19375 0.028125 0.1578125
0 0.18984375 0.16171875 0.0234375 0.1609375
0 0.1265625 0.19140625 0.025 0.153125
0 0.14765625 0.16953125 0.028125 0.171875
0 0.22890625 0.79765625 0.05 0.2453125
0 0.79453125 0.03125 0.0234375 0.0625