0 0.8453125 0.65390625 0.0515625 0.215625
0 0.26328125 0.6359375 0.0484375 0.23125
0 0.91484375 0.51640625 0.0453125 0.190625
0 0.46328125 0.9390625 0.0453125 0.121875
0 0.37734375 0.24140625 0.0390625 0.1046875
0 0.3671875 0.32421875 0.0296875 0.1125
0 0.4203125 0.20546875 0.03125 0.1609375
0 0.1875 0.259375 0.028125 0.15625
0 0.14921875 0.25859375 0.03125 0.1796875
0 0.403125 0.1453125 0.0234375 0.1390625
0 0.253125 0.06171875 0.021875 0.1234375
0 0.65078125 0.08046875 0.03125 0.109375
0 0.30078125 0.18671875 0.03125 0.1609375
0 0.17421875 0.05859375 0.0234375 0.1171875
0 0.19921875 0.1796875 0.025 0.159375
0 0.1625 0.19140625 0.025 0.15625
0 0.13515625 0.19921875 0.025 0.1515625
0 0.12109375 0.17890625 0.0265625 0.1703125
0 0.17421875 0.51328125 0.0375 0.20625
0 0.63828125 0.76484375 0.04375 0.2453125
0 0.60078125 0.77890625 0.040625 0.234375
0 0.84609375 0.16875 0.0296875 0.1625
0 0.775 0.165625 0.028125 0.1546875
0 0.79140625 0.0765625 0.03125 0.13125
0 0.25546875 0.25625 0.028125 0.1734375
0 0.2265625 0.259375 0.0359375 0.15625
0 0.14609375 0.05546875 0.025 0.1109375
0 0.24453125 0.1296875 0.0296875 0.1546875
0 0.21796875 0.128125 0.0265625 0.15625
0 0.47578125 0.034375 0.03125 0.06875