0 0.83984375 0.65703125 0.034375 0.2203125
0 0.25078125 0.07890625 0.034375 0.1578125
0 0.44375 0.67890625 0.040625 0.2421875
0 0.915625 0.52109375 0.040625 0.1984375
0 0.5578125 0.93046875 0.04375 0.1390625
0 0.37734375 0.24140625 0.0390625 0.1046875
0 0.3671875 0.32421875 0.0296875 0.1125
0 0.4203125 0.21328125 0.0296875 0.1578125
0 0.53046875 0.05 0.028125 0.1
0 0.4984375 0.04921875 0.028125 0.0984375
0 0.31640625 0.1296875 0.01875 0.1375
0 0.1046875 0.38125 0.034375 0.1796875
0 0.0765625 0.35703125 0.028125 0.1890625
0 0.53125 0.79921875 0.0640625 0.240625
0 0.56640625 0.79765625 0.04375 0.209375
0 0.41015625 0.159375 0.028125 0.1546875
0 0.20625 0.221875 0.028125 0.1515625
0 0.65078125 0.08125 0.03125 0.109375
0 0.15703125 0.88515625 0.0421875 0.2296875
0 0.125 0.8625 0.05 0.2578125
0 0.28359375 0.1765625 0.03125 0.1609375
0 0.1671875 0.115625 0.021875 0.1515625
0 0.2 0.18203125 0.028125 0.1625
0 0.94921875 0.70859375 0.034375 0.2
0 0.16328125 0.19296875 0.0265625 0.1578125
0 0.128125 0.19921875 0.03125 0.146875
0 0.16015625 0.1625 0.0296875 0.1609375
0 0.47265625 0.053125 0.025 0.10625
0 0.2171875 0.27265625 0.03125 0.1765625
0 0.2578125 0.19375 0.0328125 0.16875
0 0.90234375 0.37578125 0.0390625 0.1859375
0 0.84296875 0.3515625 0.0296875 0.1765625
0 0.78828125 0.06328125 0.028125 0.1265625
0 0.9375 0.28203125 0.0375 0.159375
0 0.88125 0.084375 0.028125 0.1515625
0 0.85078125 0.07890625 0.028125 0.1578125
0 0.98828125 0.3015625 0.0234375 0.1765625
0 0.22109375 0.10546875 0.0234375 0.146875
0 0.196875 0.11171875 0.028125 0.1359375