0 0.846875 0.65 0.0359375 0.215625
0 0.2484375 0.07109375 0.034375 0.1421875
0 0.4234375 0.66875 0.0484375 0.2390625
0 0.91328125 0.51875 0.04375 0.1953125
0 0.55546875 0.93203125 0.04375 0.1359375
0 0.37734375 0.24140625 0.0390625 0.1046875
0 0.3671875 0.32421875 0.0296875 0.1125
0 0.42421875 0.2140625 0.034375 0.159375
0 0.52734375 0.0453125 0.0265625 0.090625
0 0.496875 0.04453125 0.028125 0.0890625
0 0.325 0.1265625 0.0203125 0.134375
0 0.11171875 0.36953125 0.034375 0.178125
0 0.08359375 0.35 0.028125 0.1953125
0 0.54921875 0.8265625 0.0625 0.2359375
0 0.58125 0.83515625 0.046875 0.2265625
0 0.40390625 0.1453125 0.0234375 0.1390625
0 0.425 0.15078125 0.03125 0.1546875
0 0.2234375 0.21015625 0.0265625 0.1484375
0 0.65078125 0.08125 0.03125 0.109375
0 0.15078125 0.9015625 0.040625 0.196875
0 0.134375 0.878125 0.046875 0.24375
0 0.290625 0.18125 0.03125 0.159375
0 0.16640625 0.11171875 0.025 0.15
0 0.2 0.18203125 0.028125 0.1609375
0 0.978125 0.74140625 0.0421875 0.2078125
0 0.16328125 0.19296875 0.025 0.1578125
0 0.128125 0.19921875 0.03125 0.146875
0 0.46875 0.05078125 0.0265625 0.1015625
0 0.21484375 0.28671875 0.03125 0.1765625
0 0.25078125 0.1765625 0.034375 0.16875
0 0.88828125 0.359375 0.046875 0.1859375
0 0.8328125 0.33671875 0.0296875 0.1703125
0 0.790625 0.06640625 0.028125 0.1328125
0 0.9484375 0.29765625 0.0359375 0.1625
0 0.8765625 0.07265625 0.0265625 0.1453125
0 0.84296875 0.071875 0.0265625 0.14375
0 0.225 0.1203125 0.025 0.1578125
0 0.21640625 0.03125 0.0265625 0.0625