0 0.84453125 0.65390625 0.05 0.215625
0 0.28359375 0.6078125 0.0546875 0.221875
0 0.91484375 0.51796875 0.05 0.19375
0 0.50546875 0.92890625 0.0390625 0.1421875
0 0.37734375 0.24140625 0.0390625 0.1046875
0 0.3671875 0.32421875 0.0296875 0.1125
0 0.4328125 0.2125 0.034375 0.15625
0 0.509375 0.02109375 0.0265625 0.0421875
0 0.33359375 0.12578125 0.0203125 0.13125
0 0.14921875 0.3109375 0.0296875 0.1703125
0 0.12109375 0.30234375 0.03125 0.1890625
0 0.6078125 0.93515625 0.0515625 0.1296875
0 0.6390625 0.940625 0.04375 0.11875
0 0.40234375 0.14453125 0.0234375 0.140625
0 0.4078125 0.121875 0.0265625 0.159375
0 0.26875 0.1375 0.0234375 0.14375
0 0.65078125 0.08125 0.03125 0.109375
0 0.19453125 0.96953125 0.053125 0.0609375
0 0.29921875 0.18359375 0.03125 0.1625
0 0.1546875 0.06875 0.028125 0.1375
0 0.2 0.18203125 0.025 0.159375
0 0.1625 0.1921875 0.025 0.15625
0 0.13359375 0.19765625 0.0234375 0.146875
0 0.15 0.165625 0.0296875 0.1625
0 0.46953125 0.0390625 0.0265625 0.078125
0 0.19453125 0.37890625 0.034375 0.190625
0 0.2609375 0.09296875 0.03125 0.15625
0 0.80546875 0.946875 0.046875 0.10625
0 0.76328125 0.95703125 0.040625 0.0859375
0 0.8625 0.26796875 0.034375 0.1734375
0 0.803125 0.253125 0.03125 0.1640625
0 0.7859375 0.0703125 0.03125 0.13125
0 0.83125 0.0390625 0.028125 0.078125
0 0.2515625 0.16484375 0.0234375 0.1609375
0 0.23046875 0.17109375 0.028125 0.1453125
0 0.23203125 0.06328125 0.0296875 0.1265625
0 0.19765625 0.05703125 0.028125 0.1140625