0 0.84453125 0.65390625 0.05 0.215625
0 0.22109375 0.615625 0.0328125 0.2234375
0 0.915625 0.5171875 0.0484375 0.1921875
0 0.4625 0.93203125 0.04375 0.1359375
0 0.37734375 0.24140625 0.0390625 0.1046875
0 0.3671875 0.32421875 0.0296875 0.1125
0 0.42890625 0.21015625 0.021875 0.1609375
0 0.1734375 0.27109375 0.028125 0.159375
0 0.1484375 0.26953125 0.0296875 0.1828125
0 0.40234375 0.14453125 0.025 0.140625
0 0.25625 0.084375 0.0234375 0.128125
0 0.65078125 0.08046875 0.03125 0.109375
0 0.30390625 0.18359375 0.028125 0.1640625
0 0.1828125 0.059375 0.0265625 0.11875
0 0.19921875 0.18125 0.025 0.159375
0 0.1625 0.19296875 0.025 0.15625
0 0.1328125 0.196875 0.025 0.1515625
0 0.12109375 0.17890625 0.0265625 0.1703125
0 0.47109375 0.02890625 0.0265625 0.0578125
0 0.171875 0.46640625 0.0390625 0.2015625
0 0.69453125 0.846875 0.0453125 0.25
0 0.6484375 0.86640625 0.046875 0.2484375
0 0.8515625 0.1984375 0.034375 0.165625
0 0.7796875 0.19296875 0.025 0.1609375
0 0.74375 0.021875 0.021875 0.04375
0 0.78515625 0.07109375 0.03125 0.13125
0 0.2640625 0.2234375 0.025 0.1625
0 0.2328125 0.22578125 0.0390625 0.1515625
0 0.146875 0.05546875 0.025 0.1109375
0 0.2296875 0.1015625 0.0328125 0.146875
0 0.20078125 0.0984375 0.028125 0.140625
0 0.8375 0.0171875 0.0203125 0.034375
0 0.53125 0.0390625 0.0375 0.078125