0 0.84453125 0.65390625 0.05 0.215625
0 0.28046875 0.60703125 0.0484375 0.221875
0 0.91484375 0.51796875 0.05 0.19375
0 0.5015625 0.928125 0.0375 0.14375
0 0.37734375 0.24140625 0.0390625 0.1046875
0 0.3671875 0.32421875 0.0296875 0.1125
0 0.4328125 0.2125 0.034375 0.15625
0 0.509375 0.01953125 0.0265625 0.0390625
0 0.33359375 0.12578125 0.0203125 0.13125
0 0.15078125 0.3078125 0.03125 0.1703125
0 0.12265625 0.30078125 0.03125 0.1875
0 0.609375 0.9390625 0.053125 0.121875
0 0.40234375 0.14453125 0.0234375 0.140625
0 0.40625 0.12109375 0.0265625 0.1578125
0 0.2671875 0.134375 0.0234375 0.14375
0 0.65078125 0.08125 0.03125 0.109375
0 0.19375 0.97421875 0.053125 0.0515625
0 0.2984375 0.184375 0.03125 0.1609375
0 0.15546875 0.06796875 0.028125 0.1359375
0 0.2 0.18203125 0.025 0.159375
0 0.1625 0.1921875 0.025 0.15625
0 0.13359375 0.19765625 0.025 0.146875
0 0.46953125 0.0390625 0.0265625 0.078125
0 0.19375 0.38203125 0.034375 0.190625
0 0.259375 0.090625 0.03125 0.1546875
0 0.8015625 0.94375 0.046875 0.1125
0 0.7578125 0.95234375 0.040625 0.0953125
0 0.8609375 0.26640625 0.034375 0.1734375
0 0.8015625 0.2515625 0.0296875 0.1640625
0 0.7859375 0.0703125 0.03125 0.13125
0 0.83046875 0.03828125 0.028125 0.0765625
0 0.253125 0.16796875 0.0234375 0.1609375
0 0.23125 0.1734375 0.028125 0.14375
0 0.23125 0.06640625 0.0296875 0.1328125
0 0.19765625 0.059375 0.028125 0.11875