0 0.734375 0.6359375 0.0546875 0.2234375
0 0.24609375 0.27265625 0.0390625 0.196875
0 0.0734375 0.628125 0.04375 0.2296875
0 0.915625 0.51875 0.040625 0.19375
0 0.5046875 0.915625 0.0375 0.16875
0 0.35234375 0.81953125 0.05 0.23125
0 0.37734375 0.24140625 0.0390625 0.1046875
0 0.3671875 0.32421875 0.0296875 0.1125
0 0.42890625 0.21796875 0.03125 0.1609375
0 0.78984375 0.13046875 0.028125 0.1375
0 0.62734375 0.18828125 0.0234375 0.1515625
0 0.58671875 0.20078125 0.0359375 0.16875
0 0.28125 0.19296875 0.025 0.1640625
0 0.49609375 0.2015625 0.0375 0.165625
0 0.06875 0.409375 0.025 0.1734375
0 0.42421875 0.39453125 0.0375 0.190625
0 0.453125 0.39765625 0.0375 0.1765625
0 0.51171875 0.18359375 0.01875 0.14375
0 0.38046875 0.0734375 0.028125 0.146875
0 0.128125 0.55078125 0.0296875 0.190625
0 0.65078125 0.08125 0.03125 0.109375
0 0.3234375 0.41328125 0.03125 0.1796875
0 0.28125 0.41640625 0.0359375 0.1984375
0 0.26171875 0.0296875 0.0265625 0.059375
0 0.221875 0.03203125 0.0234375 0.0640625
0 0.29296875 0.1359375 0.025 0.1546875
0 0.1984375 0.115625 0.0265625 0.1515625
0 0.1984375 0.178125 0.028125 0.1625
0 0.1640625 0.19375 0.028125 0.15625
0 0.1875 0.1640625 0.0234375 0.15625
0 0.12421875 0.19296875 0.028125 0.1515625
0 0.14609375 0.171875 0.025 0.165625
0 0.22265625 0.615625 0.0484375 0.2265625
0 0.99140625 0.70859375 0.0171875 0.215625
0 0.83671875 0.065625 0.03125 0.13125
0 0.1078125 0.75859375 0.053125 0.234375
0 0.07890625 0.6984375 0.0453125 0.2265625