0 0.7703125 0.64609375 0.0484375 0.228125
0 0.25546875 0.22890625 0.0375 0.190625
0 0.12421875 0.6484375 0.0453125 0.2328125
0 0.91484375 0.51875 0.040625 0.19375
0 0.5125 0.925 0.046875 0.15
0 0.37734375 0.24140625 0.0390625 0.1046875
0 0.3671875 0.32421875 0.0296875 0.1125
0 0.42890625 0.21796875 0.03125 0.1609375
0 0.7796875 0.10078125 0.0265625 0.1359375
0 0.5890625 0.16015625 0.0265625 0.1484375
0 0.55234375 0.17578125 0.03125 0.16875
0 0.2796875 0.1828125 0.025 0.1625
0 0.50625 0.15625 0.0328125 0.1625
0 0.06875 0.409375 0.0265625 0.1734375
0 0.05078125 0.3921875 0.04375 0.1875
0 0.44453125 0.44140625 0.046875 0.1953125
0 0.47890625 0.4484375 0.0390625 0.1796875
0 0.4546875 0.1734375 0.0203125 0.14375
0 0.40234375 0.171875 0.021875 0.159375
0 0.3796875 0.0734375 0.0265625 0.146875
0 0.1359375 0.478125 0.0296875 0.1828125
0 0.65078125 0.08125 0.03125 0.109375
0 0.30625 0.48046875 0.0328125 0.1953125
0 0.26015625 0.471875 0.034375 0.203125
0 0.29375 0.1359375 0.0234375 0.1546875
0 0.19765625 0.18125 0.025 0.1609375
0 0.4046875 0.40078125 0.0359375 0.1734375
0 0.16328125 0.19609375 0.028125 0.15625
0 0.18828125 0.16484375 0.021875 0.1625
0 0.12890625 0.19375 0.028125 0.15
0 0.140625 0.175 0.025 0.1703125
0 0.4625 0.02421875 0.01875 0.0484375
0 0.21953125 0.0890625 0.0296875 0.15
0 0.2265625 0.53125 0.0453125 0.215625
0 0.9828125 0.6375 0.034375 0.2109375
0 0.871875 0.09375 0.0296875 0.1390625
0 0.80078125 0.02578125 0.025 0.0515625
0 0.1640625 0.8625 0.0453125 0.25625
0 0.17734375 0.79296875 0.053125 0.24375