0 0.84453125 0.65390625 0.05 0.215625
0 0.29453125 0.60859375 0.05625 0.221875
0 0.9140625 0.51796875 0.05 0.19375
0 0.51328125 0.93046875 0.0390625 0.1390625
0 0.37734375 0.24140625 0.0390625 0.1046875
0 0.3671875 0.32421875 0.0296875 0.1125
0 0.4328125 0.2125 0.034375 0.15625
0 0.51171875 0.0234375 0.0265625 0.046875
0 0.33359375 0.12578125 0.0203125 0.13125
0 0.14609375 0.3140625 0.03125 0.1703125
0 0.1171875 0.30625 0.0359375 0.1875
0 0.60546875 0.92734375 0.053125 0.1453125
0 0.64140625 0.934375 0.046875 0.13125
0 0.40234375 0.14453125 0.0234375 0.140625
0 0.4109375 0.1234375 0.0265625 0.159375
0 0.2703125 0.14453125 0.0234375 0.1453125
0 0.65078125 0.08125 0.03125 0.109375
0 0.19453125 0.96015625 0.053125 0.0796875
0 0.3 0.1828125 0.03125 0.1640625
0 0.1546875 0.07109375 0.03125 0.1421875
0 0.2 0.18203125 0.025 0.159375
0 0.1625 0.1921875 0.025 0.15625
0 0.1328125 0.19765625 0.0234375 0.146875
0 0.14921875 0.165625 0.0296875 0.1625
0 0.46875 0.0390625 0.0265625 0.078125
0 0.1953125 0.36953125 0.034375 0.190625
0 0.26484375 0.0984375 0.03125 0.1609375
0 0.81484375 0.95546875 0.046875 0.0890625
0 0.771875 0.96640625 0.040625 0.0671875
0 0.86484375 0.27265625 0.0375 0.175
0 0.8078125 0.2578125 0.034375 0.165625
0 0.7859375 0.0703125 0.03125 0.13125
0 0.83671875 0.04296875 0.028125 0.0859375
0 0.24765625 0.159375 0.025 0.1609375
0 0.22890625 0.16796875 0.025 0.140625
0 0.23359375 0.05859375 0.03125 0.1171875
0 0.196875 0.05546875 0.028125 0.1109375
0 0.646875 0.05625 0.034375 0.1125