0 0.84609375 0.65390625 0.053125 0.215625
0 0.3640625 0.63984375 0.0390625 0.2234375
0 0.915625 0.51796875 0.040625 0.1953125
0 0.50234375 0.93046875 0.0421875 0.1390625
0 0.37734375 0.24140625 0.0390625 0.1046875
0 0.3671875 0.32421875 0.0296875 0.1125
0 0.43125 0.20703125 0.0375 0.1578125
0 0.1828125 0.240625 0.025 0.1796875
0 0.40546875 0.14140625 0.0296875 0.146875
0 0.4 0.11328125 0.028125 0.1546875
0 0.65078125 0.08046875 0.03125 0.109375
0 0.2984375 0.18671875 0.028125 0.15625
0 0.17421875 0.059375 0.0234375 0.11875
0 0.20078125 0.18125 0.028125 0.159375
0 0.16328125 0.19296875 0.025 0.1546875
0 0.13359375 0.20390625 0.0296875 0.1546875
0 0.12421875 0.1765625 0.028125 0.1703125
0 0.190625 0.85 0.046875 0.2453125
0 0.50078125 0.41171875 0.0390625 0.1984375
0 0.45859375 0.42109375 0.0359375 0.19375
0 0.66171875 0.80703125 0.0484375 0.2515625
0 0.93125 0.7421875 0.05 0.2296875
0 0.77890625 0.046875 0.028125 0.09375
0 0.74375 0.0484375 0.0234375 0.096875
0 0.9359375 0.221875 0.0359375 0.1625
0 0.87109375 0.17890625 0.028125 0.153125
0 0.7828125 0.20625 0.0328125 0.1515625
0 0.615625 0.15546875 0.0296875 0.1515625
0 0.44375 0.02734375 0.0265625 0.0546875
0 0.41640625 0.0265625 0.025 0.053125
0 0.38359375 0.03828125 0.028125 0.0765625
0 0.26484375 0.11875 0.028125 0.1421875
0 0.21953125 0.47734375 0.034375 0.196875
0 0.18515625 0.48125 0.0421875 0.1828125
0 0.24296875 0.146875 0.0265625 0.1640625
0 0.2375 0.06953125 0.03125 0.1390625
0 0.2109375 0.0515625 0.028125 0.103125
0 0.1375 0.05546875 0.0265625 0.1109375
0 0.23515625 0.315625 0.0359375 0.1796875
0 0.18984375 0.30703125 0.0328125 0.171875
0 0.26796875 0.29296875 0.0328125 0.165625