0 0.828125 0.6796875 0.0390625 0.2265625
0 0.25 0.12734375 0.0359375 0.1734375
0 0.4328125 0.64375 0.04375 0.2265625
0 0.91484375 0.51875 0.0421875 0.19375
0 0.55234375 0.92578125 0.046875 0.1484375
0 0.37734375 0.24140625 0.0390625 0.1046875
0 0.3671875 0.32421875 0.0296875 0.1125
0 0.428125 0.2171875 0.0265625 0.159375
0 0.5375 0.08125 0.0265625 0.1453125
0 0.50234375 0.0703125 0.03125 0.140625
0 0.071875 0.40859375 0.028125 0.171875
0 0.49140625 0.6609375 0.0625 0.221875
0 0.52578125 0.665625 0.0421875 0.2015625
0 0.40546875 0.15 0.025 0.1359375
0 0.38359375 0.159375 0.028125 0.15625
0 0.39375 0.040625 0.025 0.08125
0 0.14453125 0.28984375 0.025 0.165625
0 0.65078125 0.08125 0.03125 0.109375
0 0.2 0.7421875 0.0375 0.2296875
0 0.1546875 0.71796875 0.0484375 0.23125
0 0.2859375 0.146875 0.028125 0.1609375
0 0.1828125 0.1265625 0.0296875 0.15
0 0.2 0.18125 0.028125 0.1640625
0 0.74375 0.59921875 0.0515625 0.1890625
0 0.1625 0.19375 0.028125 0.1578125
0 0.19296875 0.16328125 0.0265625 0.1609375
0 0.128125 0.2 0.0296875 0.1453125
0 0.46171875 0.0625 0.0265625 0.125
0 0.2375 0.19140625 0.0296875 0.159375
0 0.25 0.28203125 0.0390625 0.184375
0 0.978125 0.45390625 0.04375 0.190625
0 0.884375 0.4265625 0.0328125 0.1859375
0 0.7984375 0.04609375 0.028125 0.0921875
0 0.9234375 0.21953125 0.03125 0.1546875
0 0.9296875 0.13671875 0.0328125 0.15625
0 0.90859375 0.18203125 0.0359375 0.1625
0 0.2296875 0.065625 0.021875 0.13125
0 0.20234375 0.06484375 0.034375 0.1265625