0 0.8453125 0.69453125 0.0421875 0.2234375
0 0.2484375 0.165625 0.0359375 0.18125
0 0.309375 0.64140625 0.0546875 0.2234375
0 0.91484375 0.51875 0.0421875 0.19375
0 0.521875 0.92265625 0.04375 0.1546875
0 0.37734375 0.24140625 0.0390625 0.1046875
0 0.3671875 0.32421875 0.0296875 0.1125
0 0.42890625 0.21796875 0.03125 0.1609375
0 0.759375 0.0453125 0.0265625 0.090625
0 0.54375 0.125 0.028125 0.1484375
0 0.51171875 0.11875 0.0328125 0.1640625
0 0.27734375 0.15703125 0.0265625 0.1578125
0 0.4953125 0.06875 0.03125 0.1375
0 0.06953125 0.41015625 0.0265625 0.175
0 0.4609375 0.55 0.0421875 0.209375
0 0.49453125 0.553125 0.040625 0.1921875
0 0.40546875 0.153125 0.021875 0.13125
0 0.38203125 0.1640625 0.0296875 0.15625
0 0.3796875 0.075 0.0265625 0.1453125
0 0.1234375 0.36796875 0.028125 0.1703125
0 0.65078125 0.08125 0.03125 0.109375
0 0.25859375 0.60625 0.034375 0.215625
0 0.20703125 0.59609375 0.046875 0.2265625
0 0.29375 0.134375 0.0265625 0.153125
0 0.1828125 0.1265625 0.0296875 0.153125
0 0.2015625 0.17890625 0.028125 0.1625
0 0.57109375 0.49765625 0.03125 0.1859375
0 0.16171875 0.196875 0.028125 0.15625
0 0.12421875 0.2015625 0.03125 0.1453125
0 0.13125 0.18203125 0.0296875 0.1671875
0 0.4453125 0.05078125 0.0296875 0.1015625
0 0.2359375 0.1453125 0.0296875 0.159375
0 0.2484375 0.384375 0.0359375 0.1953125
0 0.9578125 0.515625 0.0328125 0.19375
0 0.93125 0.159375 0.0296875 0.1453125
0 0.96484375 0.13828125 0.0328125 0.146875
0 0.86171875 0.08203125 0.028125 0.1515625
0 0.2984375 0.940625 0.0609375 0.11875
0 0.2328125 0.03828125 0.025 0.0765625
0 0.209375 0.04140625 0.0234375 0.0828125