0 0.82265625 0.6640625 0.0453125 0.225
0 0.2515625 0.103125 0.0375 0.16875
0 0.43984375 0.6765625 0.046875 0.2390625
0 0.90859375 0.51796875 0.0546875 0.1921875
0 0.55 0.9328125 0.046875 0.134375
0 0.37734375 0.24140625 0.0390625 0.1046875
0 0.3671875 0.32421875 0.0296875 0.1125
0 0.43046875 0.21171875 0.028125 0.1609375
0 0.534375 0.0640625 0.028125 0.128125
0 0.4984375 0.06171875 0.028125 0.1234375
0 0.29140625 0.1234375 0.021875 0.1453125
0 0.0875 0.39765625 0.0359375 0.1765625
0 0.059375 0.38203125 0.0234375 0.1953125
0 0.50625 0.72109375 0.059375 0.2296875
0 0.54140625 0.72890625 0.0390625 0.2109375
0 0.40546875 0.15390625 0.0265625 0.1234375
0 0.3859375 0.16171875 0.03125 0.1546875
0 0.3953125 0.02109375 0.025 0.0421875
0 0.1703125 0.2515625 0.025 0.15625
0 0.65078125 0.08125 0.03125 0.109375
0 0.17734375 0.8171875 0.0390625 0.2390625
0 0.1375 0.790625 0.0546875 0.2484375
0 0.27734375 0.16171875 0.03125 0.1578125
0 0.18125 0.1265625 0.0296875 0.153125
0 0.2 0.18203125 0.028125 0.1625
0 0.85078125 0.640625 0.0421875 0.1953125
0 0.16328125 0.19375 0.028125 0.1578125
0 0.12890625 0.19921875 0.0328125 0.146875
0 0.46875 0.05859375 0.025 0.1171875
0 0.22890625 0.23046875 0.03125 0.1703125
0 0.25546875 0.23828125 0.03125 0.175
0 0.9390625 0.42109375 0.0390625 0.1984375
0 0.8640625 0.39140625 0.0328125 0.1828125
0 0.79375 0.05546875 0.0296875 0.1109375
0 0.91953125 0.2484375 0.0359375 0.15625
0 0.896875 0.1140625 0.0265625 0.1515625
0 0.8671875 0.109375 0.0296875 0.1609375
0 0.95625 0.24140625 0.034375 0.16875
0 0.22421875 0.08046875 0.0234375 0.146875
0 0.19609375 0.084375 0.028125 0.13125