0 0.7328125 0.6359375 0.053125 0.2234375
0 0.23828125 0.29765625 0.0390625 0.2015625
0 0.071875 0.6203125 0.05 0.2296875
0 0.915625 0.51875 0.040625 0.19375
0 0.521875 0.92421875 0.0359375 0.1515625
0 0.353125 0.81953125 0.053125 0.23125
0 0.37734375 0.24140625 0.0390625 0.1046875
0 0.3671875 0.32421875 0.0296875 0.1125
0 0.42890625 0.21796875 0.03125 0.1609375
0 0.78984375 0.13046875 0.028125 0.1375
0 0.64453125 0.209375 0.03125 0.153125
0 0.61875 0.2140625 0.03125 0.1703125
0 0.28671875 0.196875 0.03125 0.15
0 0.4796875 0.23125 0.0375 0.1734375
0 0.06875 0.409375 0.025 0.1734375
0 0.078125 0.39140625 0.028125 0.1859375
0 0.40859375 0.36328125 0.034375 0.1890625
0 0.43515625 0.36796875 0.0359375 0.1765625
0 0.5546875 0.20078125 0.028125 0.1484375
0 0.471875 0.184375 0.03125 0.15625
0 0.3796875 0.07265625 0.028125 0.1453125
0 0.134375 0.596875 0.03125 0.1953125
0 0.65078125 0.08125 0.03125 0.109375
0 0.3296875 0.37734375 0.03125 0.1734375
0 0.28515625 0.3890625 0.040625 0.196875
0 0.25234375 0.03984375 0.025 0.0796875
0 0.29296875 0.1359375 0.025 0.1546875
0 0.21875 0.11171875 0.034375 0.1484375
0 0.1984375 0.17734375 0.028125 0.1625
0 0.296875 0.30625 0.0296875 0.1546875
0 0.16328125 0.19453125 0.028125 0.1578125
0 0.18671875 0.1625 0.021875 0.1609375
0 0.12421875 0.19296875 0.028125 0.1515625
0 0.146875 0.171875 0.025 0.16875
0 0.1921875 0.053125 0.028125 0.10625
0 0.23125 0.6796875 0.0484375 0.234375
0 0.8171875 0.0484375 0.0296875 0.096875
0 0.06015625 0.7109375 0.0609375 0.23125
0 0.009375 0.66171875 0.0171875 0.215625