0 0.7359375 0.63671875 0.0546875 0.2234375
0 0.22265625 0.453125 0.0453125 0.2171875
0 0.07421875 0.6234375 0.04375 0.23125
0 0.915625 0.51875 0.0390625 0.19375
0 0.62734375 0.95234375 0.0390625 0.0953125
0 0.35390625 0.81953125 0.053125 0.23125
0 0.37734375 0.24140625 0.0390625 0.1046875
0 0.3671875 0.32421875 0.0296875 0.1125
0 0.42890625 0.21796875 0.03125 0.1609375
0 0.97109375 0.31640625 0.034375 0.175
0 0.7875 0.13125 0.028125 0.1359375
0 0.84140625 0.30078125 0.028125 0.1640625
0 0.79765625 0.2984375 0.03125 0.178125
0 0.5234375 0.26484375 0.040625 0.1625
0 0.54609375 0.2265625 0.040625 0.1671875
0 0.115625 0.43046875 0.034375 0.1796875
0 0.4671875 0.21328125 0.028125 0.16875
0 0.48828125 0.21796875 0.025 0.15
0 0.5515625 0.02421875 0.0234375 0.0484375
0 0.53359375 0.0234375 0.021875 0.046875
0 0.74375 0.28828125 0.025 0.15625
0 0.721875 0.24921875 0.0234375 0.15625
0 0.3796875 0.07265625 0.028125 0.1453125
0 0.015625 0.8640625 0.03125 0.2203125
0 0.64609375 0.08203125 0.0390625 0.109375
0 0.2765625 0.23984375 0.046875 0.175
0 0.24765625 0.12890625 0.0234375 0.153125
0 0.2265625 0.140625 0.0265625 0.153125
0 0.2921875 0.1359375 0.0234375 0.1546875
0 0.2671875 0.11171875 0.028125 0.1484375
0 0.1984375 0.17890625 0.028125 0.165625
0 0.209375 0.1515625 0.025 0.14375
0 0.1609375 0.19140625 0.028125 0.1578125
0 0.18828125 0.16015625 0.025 0.1609375
0 0.1234375 0.19375 0.025 0.1515625
0 0.14375 0.16953125 0.025 0.1671875
0 0.22265625 0.96953125 0.0453125 0.0609375