0 0.734375 0.6359375 0.0546875 0.2234375
0 0.2453125 0.2734375 0.0390625 0.1984375
0 0.07265625 0.628125 0.04375 0.2296875
0 0.915625 0.51875 0.040625 0.19375
0 0.5046875 0.915625 0.0375 0.16875
0 0.35234375 0.81953125 0.05 0.23125
0 0.37734375 0.24140625 0.0390625 0.1046875
0 0.3671875 0.32421875 0.0296875 0.1125
0 0.42890625 0.21796875 0.03125 0.1609375
0 0.78984375 0.13046875 0.028125 0.1375
0 0.628125 0.18828125 0.0234375 0.153125
0 0.5875 0.20078125 0.034375 0.16875
0 0.28125 0.19296875 0.025 0.1640625
0 0.4953125 0.203125 0.0375 0.165625
0 0.06875 0.409375 0.025 0.1734375
0 0.42265625 0.39296875 0.0375 0.190625
0 0.45234375 0.39609375 0.0375 0.1765625
0 0.5125 0.18359375 0.01875 0.14375
0 0.38046875 0.0734375 0.028125 0.146875
0 0.128125 0.5515625 0.0296875 0.190625
0 0.65078125 0.08125 0.03125 0.109375
0 0.3234375 0.41328125 0.03125 0.1796875
0 0.28125 0.415625 0.0359375 0.1984375
0 0.26171875 0.03046875 0.0265625 0.0609375
0 0.22109375 0.03203125 0.0234375 0.0640625
0 0.29296875 0.1359375 0.025 0.1546875
0 0.1984375 0.115625 0.0265625 0.1515625
0 0.1984375 0.178125 0.028125 0.1625
0 0.1640625 0.19375 0.028125 0.15625
0 0.1875 0.16328125 0.0234375 0.15625
0 0.12421875 0.19296875 0.028125 0.1515625
0 0.14609375 0.171875 0.025 0.165625
0 0.22265625 0.61796875 0.05 0.2265625
0 0.99140625 0.709375 0.0171875 0.215625
0 0.8359375 0.0640625 0.03125 0.128125
0 0.10703125 0.75703125 0.0546875 0.234375
0 0.07734375 0.696875 0.0453125 0.2265625