0 0.84609375 0.65390625 0.053125 0.215625
0 0.35546875 0.64765625 0.0421875 0.225
0 0.915625 0.5171875 0.040625 0.1953125
0 0.4921875 0.93828125 0.0421875 0.1234375
0 0.37734375 0.24140625 0.0390625 0.1046875
0 0.3671875 0.32421875 0.0296875 0.1125
0 0.43203125 0.20703125 0.0390625 0.1578125
0 0.19453125 0.234375 0.0265625 0.1546875
0 0.17421875 0.23828125 0.034375 0.1765625
0 0.40546875 0.14140625 0.0265625 0.146875
0 0.4 0.115625 0.025 0.1546875
0 0.65078125 0.08046875 0.03125 0.109375
0 0.3046875 0.18671875 0.0296875 0.1578125
0 0.17421875 0.059375 0.0234375 0.11875
0 0.2078125 0.1765625 0.028125 0.159375
0 0.1390625 0.19921875 0.0296875 0.1515625
0 0.1234375 0.18046875 0.0265625 0.1703125
0 0.46640625 0.0234375 0.0265625 0.046875
0 0.18203125 0.75390625 0.0484375 0.2359375
0 0.52109375 0.48671875 0.0328125 0.209375
0 0.4703125 0.503125 0.0328125 0.2046875
0 0.70703125 0.90703125 0.05 0.1859375
0 0.9328125 0.7390625 0.05 0.221875
0 0.79609375 0.06328125 0.0296875 0.1265625
0 0.7578125 0.06640625 0.0234375 0.1328125
0 0.90625 0.15859375 0.028125 0.1609375
0 0.84453125 0.12734375 0.028125 0.1453125
0 0.7859375 0.165625 0.0296875 0.14375
0 0.59296875 0.0984375 0.03125 0.1484375
0 0.38671875 0.0359375 0.0328125 0.071875
0 0.25625 0.0765625 0.025 0.1359375
0 0.23046875 0.4109375 0.0296875 0.190625
0 0.19140625 0.41015625 0.0453125 0.1703125
0 0.23203125 0.140625 0.028125 0.1625
0 0.2296875 0.04609375 0.034375 0.0921875
0 0.1453125 0.05546875 0.028125 0.1109375
0 0.26328125 0.265625 0.034375 0.1734375
0 0.2140625 0.2609375 0.028125 0.1703125