0 0.853125 0.69140625 0.046875 0.225
0 0.25703125 0.1546875 0.0359375 0.178125
0 0.36171875 0.6265625 0.053125 0.2265625
0 0.91484375 0.51875 0.0421875 0.19375
0 0.53203125 0.91875 0.046875 0.1625
0 0.37734375 0.24140625 0.0390625 0.1046875
0 0.3671875 0.32421875 0.0296875 0.1125
0 0.42890625 0.21796875 0.03125 0.159375
0 0.76328125 0.034375 0.0265625 0.06875
0 0.5390625 0.11328125 0.028125 0.1484375
0 0.509375 0.1015625 0.0328125 0.1609375
0 0.4921875 0.05703125 0.028125 0.1140625
0 0.06953125 0.409375 0.0265625 0.1734375
0 0.46484375 0.57890625 0.046875 0.2140625
0 0.4984375 0.58515625 0.040625 0.1953125
0 0.40625 0.1609375 0.0328125 0.109375
0 0.38359375 0.16171875 0.03125 0.1546875
0 0.38359375 0.06484375 0.0265625 0.1296875
0 0.1203125 0.34453125 0.028125 0.1671875
0 0.65078125 0.08125 0.03125 0.109375
0 0.24296875 0.64609375 0.0375 0.2140625
0 0.18828125 0.63046875 0.046875 0.2265625
0 0.296875 0.13515625 0.0296875 0.1515625
0 0.18125 0.1265625 0.0328125 0.1515625
0 0.2 0.1796875 0.028125 0.1640625
0 0.61328125 0.53046875 0.0375 0.1859375
0 0.1609375 0.19453125 0.028125 0.15625
0 0.19296875 0.16171875 0.0265625 0.1609375
0 0.12890625 0.20078125 0.03125 0.1453125
0 0.44453125 0.0546875 0.0296875 0.109375
0 0.2359375 0.15703125 0.028125 0.1609375
0 0.25390625 0.35 0.040625 0.190625
0 0.93671875 0.4890625 0.0359375 0.1921875
0 0.940625 0.17890625 0.0359375 0.15
0 0.94453125 0.1359375 0.034375 0.1546875
0 0.86953125 0.11328125 0.0328125 0.1546875
0 0.32109375 0.9734375 0.0453125 0.053125
0 0.2328125 0.04609375 0.025 0.0921875
0 0.2046875 0.04765625 0.0328125 0.0953125