0 0.846875 0.65 0.0359375 0.215625
0 0.24921875 0.07109375 0.034375 0.1421875
0 0.42265625 0.66875 0.05 0.2390625
0 0.91328125 0.51875 0.04375 0.1953125
0 0.55546875 0.93203125 0.04375 0.1359375
0 0.37734375 0.24140625 0.0390625 0.1046875
0 0.3671875 0.32421875 0.0296875 0.1125
0 0.425 0.2140625 0.034375 0.159375
0 0.5265625 0.04453125 0.028125 0.0890625
0 0.496875 0.04453125 0.028125 0.0890625
0 0.325 0.12578125 0.0203125 0.134375
0 0.1125 0.36875 0.034375 0.178125
0 0.08359375 0.35 0.028125 0.1953125
0 0.55 0.82890625 0.0625 0.2359375
0 0.5828125 0.83671875 0.046875 0.2265625
0 0.40390625 0.1453125 0.0234375 0.1390625
0 0.42578125 0.15078125 0.03125 0.1546875
0 0.22421875 0.209375 0.025 0.1484375
0 0.65078125 0.08125 0.03125 0.109375
0 0.14921875 0.90234375 0.0421875 0.1953125
0 0.13671875 0.87890625 0.046875 0.2421875
0 0.29140625 0.18203125 0.03125 0.1609375
0 0.1671875 0.11171875 0.025 0.15
0 0.2 0.18203125 0.028125 0.1609375
0 0.97890625 0.74375 0.0421875 0.209375
0 0.16328125 0.19296875 0.025 0.1578125
0 0.128125 0.19921875 0.03125 0.146875
0 0.46875 0.05078125 0.0265625 0.1015625
0 0.21484375 0.2875 0.03125 0.1765625
0 0.25078125 0.1765625 0.034375 0.16875
0 0.88671875 0.359375 0.046875 0.1875
0 0.83203125 0.3359375 0.0296875 0.171875
0 0.79140625 0.06640625 0.0296875 0.1328125
0 0.9484375 0.2984375 0.0359375 0.1625
0 0.8765625 0.07265625 0.0265625 0.1453125
0 0.8421875 0.071875 0.028125 0.14375
0 0.225 0.121875 0.025 0.159375
0 0.21484375 0.03125 0.0265625 0.0625