0 0.7328125 0.6359375 0.053125 0.2234375
0 0.23828125 0.29765625 0.0390625 0.2015625
0 0.07265625 0.6203125 0.05 0.2296875
0 0.915625 0.51875 0.040625 0.19375
0 0.52109375 0.925 0.0359375 0.15
0 0.353125 0.81953125 0.053125 0.23125
0 0.37734375 0.24140625 0.0390625 0.1046875
0 0.3671875 0.32421875 0.0296875 0.1125
0 0.42890625 0.21796875 0.03125 0.1609375
0 0.78984375 0.13046875 0.028125 0.1375
0 0.64375 0.209375 0.03125 0.153125
0 0.61796875 0.21328125 0.03125 0.16875
0 0.28671875 0.196875 0.03125 0.15
0 0.48046875 0.23046875 0.0375 0.1734375
0 0.06875 0.409375 0.025 0.1734375
0 0.078125 0.39140625 0.028125 0.1859375
0 0.40859375 0.36484375 0.034375 0.1890625
0 0.4359375 0.36875 0.0359375 0.1765625
0 0.553125 0.20078125 0.028125 0.1484375
0 0.47109375 0.18515625 0.03125 0.15625
0 0.38046875 0.0734375 0.028125 0.146875
0 0.134375 0.596875 0.03125 0.1953125
0 0.65078125 0.08125 0.03125 0.109375
0 0.3296875 0.37890625 0.03125 0.171875
0 0.28515625 0.390625 0.040625 0.1984375
0 0.253125 0.03984375 0.0265625 0.0796875
0 0.29296875 0.1359375 0.025 0.1546875
0 0.21875 0.1125 0.034375 0.15
0 0.1984375 0.17734375 0.028125 0.1625
0 0.29765625 0.30703125 0.028125 0.1546875
0 0.16328125 0.19453125 0.028125 0.1578125
0 0.18671875 0.1625 0.021875 0.1609375
0 0.12421875 0.19296875 0.028125 0.1515625
0 0.14765625 0.1734375 0.025 0.16875
0 0.19296875 0.05390625 0.028125 0.1078125
0 0.23046875 0.67734375 0.0484375 0.23125
0 0.8171875 0.04921875 0.0296875 0.0984375
0 0.06171875 0.71171875 0.0609375 0.23125
0 0.0109375 0.6625 0.021875 0.215625