0 0.740625 0.634375 0.053125 0.225
0 0.2515625 0.25859375 0.0390625 0.1953125
0 0.0828125 0.63203125 0.04375 0.228125
0 0.915625 0.51875 0.040625 0.19375
0 0.50390625 0.9171875 0.0375 0.165625
0 0.37734375 0.24140625 0.0390625 0.1046875
0 0.3671875 0.32421875 0.0296875 0.1125
0 0.42890625 0.21796875 0.03125 0.1609375
0 0.78515625 0.121875 0.028125 0.1375
0 0.61640625 0.18046875 0.0265625 0.1515625
0 0.5765625 0.19140625 0.028125 0.16875
0 0.28125 0.190625 0.028125 0.165625
0 0.503125 0.190625 0.0375 0.1640625
0 0.06875 0.409375 0.025 0.1734375
0 0.05 0.39140625 0.04375 0.1859375
0 0.43125 0.4078125 0.0421875 0.190625
0 0.4625 0.4109375 0.040625 0.1765625
0 0.4890625 0.1765625 0.021875 0.14375
0 0.4140625 0.17109375 0.0265625 0.1546875
0 0.38046875 0.0734375 0.028125 0.146875
0 0.13125 0.52578125 0.03125 0.1859375
0 0.65078125 0.08125 0.03125 0.109375
0 0.32109375 0.43671875 0.03125 0.1890625
0 0.27421875 0.43828125 0.0375 0.2046875
0 0.26796875 0.0265625 0.025 0.053125
0 0.225 0.0265625 0.0234375 0.053125
0 0.29296875 0.1359375 0.025 0.1546875
0 0.1984375 0.17890625 0.0265625 0.1625
0 0.1640625 0.19375 0.028125 0.15625
0 0.1875 0.16328125 0.0234375 0.1609375
0 0.12421875 0.19296875 0.028125 0.1515625
0 0.14375 0.171875 0.0234375 0.165625
0 0.2 0.07109375 0.028125 0.1421875
0 0.225 0.5921875 0.0453125 0.2234375
0 0.9875 0.678125 0.025 0.215625
0 0.84609375 0.07109375 0.03125 0.13125
0 0.12890625 0.7890625 0.04375 0.240625
0 0.1109375 0.72578125 0.05625 0.23125