0 0.7609375 0.63828125 0.05 0.2265625
0 0.2546875 0.23828125 0.0390625 0.19375
0 0.1109375 0.64375 0.0453125 0.23125
0 0.915625 0.51875 0.040625 0.19375
0 0.5125 0.9234375 0.04375 0.153125
0 0.37734375 0.24140625 0.0390625 0.1046875
0 0.42890625 0.21796875 0.03125 0.1609375
0 0.78125 0.10703125 0.0265625 0.1359375
0 0.59609375 0.16640625 0.03125 0.1515625
0 0.559375 0.18046875 0.03125 0.1703125
0 0.2796875 0.18828125 0.0265625 0.165625
0 0.50703125 0.1671875 0.0359375 0.1640625
0 0.06875 0.409375 0.0265625 0.1734375
0 0.05078125 0.3921875 0.04375 0.1875
0 0.44140625 0.434375 0.04375 0.2
0 0.475 0.43671875 0.0390625 0.1796875
0 0.46328125 0.171875 0.021875 0.140625
0 0.40390625 0.1703125 0.0234375 0.159375
0 0.3796875 0.0734375 0.0265625 0.146875
0 0.13515625 0.49453125 0.03125 0.1859375
0 0.65078125 0.08125 0.03125 0.109375
0 0.3109375 0.46875 0.03125 0.1953125
0 0.265625 0.4640625 0.0375 0.209375
0 0.29375 0.1359375 0.0234375 0.1546875
0 0.19765625 0.18046875 0.025 0.1609375
0 0.3828125 0.38671875 0.034375 0.1671875
0 0.1640625 0.19375 0.028125 0.15625
0 0.1875 0.16484375 0.0234375 0.1625
0 0.12578125 0.1921875 0.0296875 0.1515625
0 0.14140625 0.17421875 0.0234375 0.1703125
0 0.4640625 0.02109375 0.01875 0.0421875
0 0.2125 0.08125 0.0296875 0.146875
0 0.21796875 0.55078125 0.0484375 0.221875
0 0.98359375 0.64296875 0.0328125 0.2140625
0 0.86640625 0.084375 0.03125 0.1359375
0 0.79140625 0.021875 0.0234375 0.04375
0 0.15390625 0.83671875 0.0453125 0.25
0 0.15546875 0.76796875 0.046875 0.240625