0 0.828125 0.6828125 0.0453125 0.2234375
0 0.25 0.184375 0.0375 0.184375
0 0.253125 0.64453125 0.0515625 0.23125
0 0.91484375 0.51875 0.040625 0.19375
0 0.51328125 0.925 0.0390625 0.15
0 0.37734375 0.24140625 0.0390625 0.1046875
0 0.3671875 0.32421875 0.0296875 0.1125
0 0.42890625 0.21796875 0.03125 0.1609375
0 0.76640625 0.05546875 0.028125 0.1109375
0 0.553125 0.1359375 0.0265625 0.15
0 0.52109375 0.13671875 0.03125 0.1671875
0 0.28046875 0.16640625 0.0203125 0.1578125
0 0.49765625 0.09296875 0.03125 0.1515625
0 0.06953125 0.41015625 0.0265625 0.175
0 0.459375 0.5203125 0.0453125 0.2078125
0 0.4859375 0.52421875 0.0359375 0.1890625
0 0.41015625 0.15546875 0.0203125 0.140625
0 0.38515625 0.165625 0.0296875 0.15625
0 0.38125 0.0765625 0.025 0.1421875
0 0.1328125 0.39765625 0.03125 0.171875
0 0.65078125 0.08125 0.03125 0.109375
0 0.275 0.565625 0.0328125 0.2
0 0.22890625 0.559375 0.04375 0.2140625
0 0.29375 0.13515625 0.025 0.1546875
0 0.1828125 0.12109375 0.028125 0.15
0 0.203125 0.17890625 0.028125 0.1625
0 0.52890625 0.46484375 0.0328125 0.18125
0 0.1625 0.19921875 0.028125 0.1578125
0 0.12265625 0.2015625 0.028125 0.1453125
0 0.1296875 0.18046875 0.0234375 0.175
0 0.14765625 0.1546875 0.0296875 0.1609375
0 0.4515625 0.0421875 0.025 0.084375
0 0.23515625 0.13046875 0.03125 0.15625
0 0.24296875 0.421875 0.040625 0.196875
0 0.96953125 0.54921875 0.0359375 0.1921875
0 0.9171875 0.14140625 0.0296875 0.14375
0 0.98984375 0.1328125 0.0203125 0.146875
0 0.8484375 0.06171875 0.0265625 0.1234375
0 0.23671875 0.9421875 0.0515625 0.115625
0 0.2609375 0.9078125 0.053125 0.184375
0 0.22890625 0.034375 0.0234375 0.06875
0 0.2046875 0.03359375 0.021875 0.0671875