0 0.84609375 0.6546875 0.053125 0.215625
0 0.3609375 0.6421875 0.0375 0.225
0 0.915625 0.51796875 0.040625 0.1953125
0 0.50078125 0.93125 0.0421875 0.1375
0 0.37734375 0.24140625 0.0390625 0.1046875
0 0.3671875 0.32421875 0.0296875 0.1125
0 0.43125 0.20703125 0.0375 0.1578125
0 0.1890625 0.24140625 0.034375 0.1765625
0 0.4046875 0.140625 0.0296875 0.146875
0 0.39765625 0.1125 0.028125 0.1546875
0 0.65078125 0.08046875 0.03125 0.109375
0 0.3 0.1859375 0.0234375 0.15625
0 0.17421875 0.059375 0.0234375 0.11875
0 0.203125 0.18046875 0.0296875 0.159375
0 0.16328125 0.19296875 0.025 0.1546875
0 0.1328125 0.203125 0.0296875 0.153125
0 0.12421875 0.178125 0.028125 0.1703125
0 0.19609375 0.86875 0.0453125 0.246875
0 0.5 0.40078125 0.0359375 0.1984375
0 0.45703125 0.40703125 0.0328125 0.1921875
0 0.653125 0.77890625 0.046875 0.2484375
0 0.93125 0.74140625 0.0515625 0.2296875
0 0.771875 0.04609375 0.034375 0.0921875
0 0.73984375 0.04609375 0.0234375 0.0921875
0 0.940625 0.23203125 0.0359375 0.1671875
0 0.8734375 0.19453125 0.0296875 0.15625
0 0.7828125 0.215625 0.0328125 0.15
0 0.61875 0.171875 0.034375 0.1546875
0 0.44609375 0.0296875 0.025 0.059375
0 0.415625 0.0265625 0.025 0.053125
0 0.38984375 0.0375 0.028125 0.075
0 0.265625 0.1265625 0.028125 0.1421875
0 0.21953125 0.4859375 0.034375 0.196875
0 0.18203125 0.48984375 0.04375 0.18125
0 0.2453125 0.14375 0.028125 0.1625
0 0.23828125 0.071875 0.0296875 0.14375
0 0.21171875 0.0578125 0.028125 0.115625
0 0.12578125 0.059375 0.021875 0.11875
0 0.2328125 0.32109375 0.0359375 0.1765625
0 0.18671875 0.3203125 0.034375 0.1765625
0 0.271875 0.3046875 0.0328125 0.1671875