0 0.7765625 0.653125 0.046875 0.2296875
0 0.25546875 0.221875 0.0375 0.190625
0 0.13671875 0.65078125 0.0484375 0.234375
0 0.91484375 0.51875 0.040625 0.19375
0 0.51015625 0.92421875 0.0453125 0.1515625
0 0.37734375 0.24140625 0.0390625 0.1046875
0 0.3671875 0.32421875 0.0296875 0.1125
0 0.42890625 0.21796875 0.03125 0.1609375
0 0.77734375 0.09296875 0.028125 0.134375
0 0.5828125 0.15859375 0.0265625 0.146875
0 0.54609375 0.171875 0.03125 0.16875
0 0.28046875 0.17890625 0.0265625 0.159375
0 0.5046875 0.15 0.03125 0.1640625
0 0.06875 0.409375 0.0265625 0.1734375
0 0.446875 0.453125 0.0484375 0.196875
0 0.48046875 0.45703125 0.040625 0.1796875
0 0.44765625 0.1734375 0.0296875 0.14375
0 0.4015625 0.171875 0.0234375 0.15625
0 0.3796875 0.0734375 0.0265625 0.146875
0 0.1375 0.4703125 0.0296875 0.18125
0 0.65078125 0.08125 0.03125 0.109375
0 0.3015625 0.4890625 0.034375 0.19375
0 0.2578125 0.48359375 0.0328125 0.20625
0 0.29375 0.1359375 0.0234375 0.1546875
0 0.19765625 0.18125 0.025 0.1609375
0 0.41953125 0.40703125 0.034375 0.1734375
0 0.1625 0.19765625 0.028125 0.15625
0 0.18828125 0.16484375 0.021875 0.1625
0 0.12890625 0.19453125 0.0265625 0.1484375
0 0.13984375 0.17578125 0.025 0.1703125
0 0.11640625 0.1734375 0.021875 0.159375
0 0.46171875 0.02734375 0.01875 0.0546875
0 0.22265625 0.09296875 0.0296875 0.15
0 0.2234375 0.51328125 0.0421875 0.2109375
0 0.98046875 0.61953125 0.034375 0.20625
0 0.8796875 0.10078125 0.0296875 0.140625
0 0.17421875 0.87421875 0.05 0.2515625
0 0.184375 0.8046875 0.0484375 0.240625