0 0.77890625 0.6546875 0.046875 0.2296875
0 0.25546875 0.21953125 0.0375 0.190625
0 0.13984375 0.65078125 0.05 0.2359375
0 0.91484375 0.51875 0.040625 0.19375
0 0.509375 0.92421875 0.0453125 0.1515625
0 0.37734375 0.24140625 0.0390625 0.1046875
0 0.3671875 0.32421875 0.0296875 0.1125
0 0.42890625 0.21796875 0.03125 0.1609375
0 0.7765625 0.090625 0.028125 0.134375
0 0.58125 0.15859375 0.0265625 0.146875
0 0.54453125 0.17109375 0.03125 0.16875
0 0.28046875 0.178125 0.0265625 0.159375
0 0.50390625 0.1484375 0.0328125 0.1640625
0 0.06875 0.409375 0.0265625 0.1734375
0 0.446875 0.45625 0.0484375 0.1984375
0 0.48125 0.45859375 0.040625 0.1796875
0 0.4453125 0.1734375 0.0328125 0.14375
0 0.4015625 0.171875 0.025 0.15625
0 0.3796875 0.0734375 0.0265625 0.146875
0 0.13828125 0.46953125 0.03125 0.18125
0 0.65078125 0.08125 0.03125 0.109375
0 0.3 0.490625 0.034375 0.1953125
0 0.2578125 0.4875 0.0328125 0.209375
0 0.29375 0.1359375 0.0234375 0.1546875
0 0.17890625 0.121875 0.028125 0.15
0 0.19765625 0.18125 0.025 0.1609375
0 0.4234375 0.40859375 0.0328125 0.171875
0 0.1625 0.1984375 0.028125 0.1578125
0 0.1890625 0.16484375 0.0234375 0.1625
0 0.12890625 0.19453125 0.028125 0.1484375
0 0.13984375 0.17578125 0.025 0.1703125
0 0.4609375 0.028125 0.01875 0.05625
0 0.22265625 0.09375 0.0296875 0.15
0 0.2234375 0.50859375 0.040625 0.2109375
0 0.9796875 0.615625 0.034375 0.2046875
0 0.88203125 0.10234375 0.0296875 0.1421875
0 0.17578125 0.8765625 0.0515625 0.246875
0 0.1859375 0.80703125 0.046875 0.240625