0 0.81015625 0.67265625 0.04375 0.2265625
0 0.253125 0.1984375 0.0375 0.1859375
0 0.20390625 0.653125 0.0578125 0.2296875
0 0.91484375 0.51875 0.040625 0.19375
0 0.503125 0.9203125 0.0390625 0.159375
0 0.37734375 0.24140625 0.0390625 0.1046875
0 0.3671875 0.32421875 0.0296875 0.1125
0 0.42890625 0.21796875 0.03125 0.1609375
0 0.77109375 0.0640625 0.028125 0.128125
0 0.55859375 0.14296875 0.0265625 0.146875
0 0.53125 0.15234375 0.03125 0.16875
0 0.27890625 0.16875 0.0203125 0.1546875
0 0.49921875 0.115625 0.0328125 0.159375
0 0.06875 0.409375 0.0265625 0.1734375
0 0.45078125 0.49921875 0.0390625 0.1984375
0 0.4828125 0.49921875 0.0359375 0.1859375
0 0.425 0.1625 0.0234375 0.1421875
0 0.390625 0.16796875 0.025 0.1546875
0 0.38046875 0.07421875 0.025 0.1421875
0 0.1375 0.4265625 0.0296875 0.178125
0 0.65078125 0.08125 0.03125 0.109375
0 0.28515625 0.540625 0.034375 0.2
0 0.24140625 0.53046875 0.0390625 0.2171875
0 0.29375 0.13515625 0.0234375 0.1546875
0 0.17734375 0.121875 0.028125 0.15
0 0.2015625 0.18046875 0.0296875 0.165625
0 0.4890625 0.43828125 0.034375 0.1703125
0 0.16015625 0.2 0.028125 0.1578125
0 0.1234375 0.19921875 0.028125 0.153125
0 0.15390625 0.16171875 0.0296875 0.14375
0 0.45703125 0.03828125 0.021875 0.0765625
0 0.23203125 0.11953125 0.028125 0.15625
0 0.22890625 0.45703125 0.04375 0.2015625
0 0.97265625 0.578125 0.0359375 0.196875
0 0.90703125 0.12265625 0.0296875 0.1421875
0 0.83515625 0.0515625 0.0328125 0.103125
0 0.2109375 0.91796875 0.053125 0.1640625
0 0.228125 0.88125 0.04375 0.2375
0 0.22734375 0.028125 0.021875 0.05625
0 0.20390625 0.028125 0.021875 0.05625