0 0.778125 0.65390625 0.0484375 0.2296875
0 0.25546875 0.22109375 0.0375 0.190625
0 0.13828125 0.65078125 0.0484375 0.2359375
0 0.91484375 0.51875 0.040625 0.19375
0 0.51015625 0.92421875 0.04375 0.1515625
0 0.37734375 0.24140625 0.0390625 0.1046875
0 0.3671875 0.32421875 0.0296875 0.1125
0 0.42890625 0.21796875 0.03125 0.1609375
0 0.77734375 0.0921875 0.028125 0.134375
0 0.58203125 0.15859375 0.0265625 0.146875
0 0.5453125 0.17109375 0.03125 0.16875
0 0.28046875 0.17890625 0.0265625 0.159375
0 0.50390625 0.14921875 0.0328125 0.1625
0 0.06875 0.409375 0.0265625 0.1734375
0 0.446875 0.45546875 0.0484375 0.196875
0 0.48125 0.4578125 0.040625 0.178125
0 0.446875 0.1734375 0.03125 0.14375
0 0.4015625 0.171875 0.025 0.15625
0 0.3796875 0.0734375 0.0265625 0.146875
0 0.1375 0.4703125 0.0296875 0.18125
0 0.65078125 0.08125 0.03125 0.109375
0 0.3 0.48984375 0.034375 0.1953125
0 0.2578125 0.4859375 0.0328125 0.20625
0 0.29375 0.1359375 0.0234375 0.1546875
0 0.17890625 0.121875 0.028125 0.15
0 0.19765625 0.18125 0.025 0.1609375
0 0.421875 0.40703125 0.0328125 0.171875
0 0.1625 0.1984375 0.028125 0.1578125
0 0.1890625 0.16484375 0.0234375 0.1625
0 0.12890625 0.19453125 0.028125 0.1484375
0 0.13984375 0.17578125 0.025 0.1703125
0 0.46171875 0.02734375 0.01875 0.0546875
0 0.22265625 0.09375 0.0296875 0.15
0 0.2234375 0.5109375 0.040625 0.2109375
0 0.98046875 0.61796875 0.034375 0.20625
0 0.88125 0.1015625 0.0296875 0.1421875
0 0.175 0.875 0.0515625 0.25
0 0.18515625 0.80546875 0.046875 0.240625