0 0.84609375 0.65390625 0.053125 0.215625
0 0.36484375 0.64375 0.0453125 0.2265625
0 0.915625 0.51796875 0.040625 0.1953125
0 0.496875 0.9328125 0.040625 0.134375
0 0.37734375 0.24140625 0.0390625 0.1046875
0 0.3671875 0.32421875 0.0296875 0.1125
0 0.43125 0.20703125 0.0375 0.1578125
0 0.17734375 0.2390625 0.0296875 0.1765625
0 0.4046875 0.13984375 0.0296875 0.1453125
0 0.65078125 0.08046875 0.03125 0.109375
0 0.3015625 0.18671875 0.0296875 0.1578125
0 0.17421875 0.059375 0.0234375 0.11875
0 0.20078125 0.18125 0.028125 0.159375
0 0.16328125 0.19296875 0.025 0.1546875
0 0.13671875 0.203125 0.0296875 0.1546875
0 0.12734375 0.18203125 0.0359375 0.1625
0 0.46640625 0.0234375 0.0265625 0.046875
0 0.19140625 0.8265625 0.0484375 0.2453125
0 0.5046875 0.43359375 0.034375 0.2
0 0.4625 0.44609375 0.0328125 0.196875
0 0.67265625 0.8375 0.046875 0.253125
0 0.93046875 0.74296875 0.0484375 0.2296875
0 0.7859375 0.0515625 0.028125 0.103125
0 0.7484375 0.05390625 0.0234375 0.1078125
0 0.92734375 0.20078125 0.03125 0.165625
0 0.86328125 0.16796875 0.028125 0.15
0 0.7828125 0.19453125 0.034375 0.146875
0 0.6078125 0.140625 0.03125 0.1515625
0 0.43984375 0.025 0.0234375 0.05
0 0.37578125 0.0390625 0.0390625 0.078125
0 0.26171875 0.1046875 0.0265625 0.140625
0 0.22109375 0.4546875 0.034375 0.1953125
0 0.18984375 0.46640625 0.040625 0.1828125
0 0.23984375 0.14765625 0.028125 0.1625
0 0.234375 0.0609375 0.0328125 0.121875
0 0.21328125 0.0484375 0.0265625 0.096875
0 0.14296875 0.05546875 0.028125 0.1109375
0 0.2421875 0.3 0.0359375 0.1765625
0 0.19609375 0.29609375 0.03125 0.1703125
0 0.2640625 0.2828125 0.03125 0.1671875