0 0.734375 0.63671875 0.053125 0.2234375
0 0.240625 0.38984375 0.0421875 0.2109375
0 0.07421875 0.621875 0.04375 0.2296875
0 0.915625 0.51875 0.0390625 0.19375
0 0.62421875 0.9390625 0.04375 0.121875
0 0.353125 0.81953125 0.053125 0.23125
0 0.3671875 0.32421875 0.0296875 0.1125
0 0.42890625 0.21796875 0.03125 0.1609375
0 0.78828125 0.13125 0.028125 0.1359375
0 0.76953125 0.25546875 0.03125 0.159375
0 0.74453125 0.26640625 0.028125 0.178125
0 0.38828125 0.25234375 0.03125 0.1625
0 0.5171875 0.26875 0.0375 0.1703125
0 0.07109375 0.4109375 0.025 0.1765625
0 0.07734375 0.39140625 0.028125 0.1859375
0 0.44140625 0.26015625 0.03125 0.171875
0 0.4625 0.2703125 0.028125 0.1546875
0 0.67890625 0.25859375 0.0234375 0.15
0 0.6359375 0.221875 0.0390625 0.159375
0 0.3796875 0.07265625 0.028125 0.1453125
0 0.03125 0.7453125 0.034375 0.2078125
0 0.65078125 0.08046875 0.03125 0.109375
0 0.2796875 0.29453125 0.0375 0.184375
0 0.240625 0.078125 0.0265625 0.1453125
0 0.2078125 0.08359375 0.025 0.15
0 0.2921875 0.1359375 0.0234375 0.1546875
0 0.26640625 0.11171875 0.0296875 0.1484375
0 0.19921875 0.178125 0.028125 0.1640625
0 0.26484375 0.2046875 0.028125 0.146875
0 0.16640625 0.19296875 0.028125 0.15625
0 0.18828125 0.159375 0.021875 0.159375
0 0.12109375 0.1953125 0.0265625 0.1515625
0 0.15 0.16875 0.0328125 0.1703125
0 0.23203125 0.88828125 0.0515625 0.2234375