0 0.73515625 0.63671875 0.0546875 0.2234375
0 0.22578125 0.4421875 0.0453125 0.215625
0 0.07421875 0.62265625 0.04375 0.23125
0 0.915625 0.51875 0.0390625 0.19375
0 0.6421875 0.953125 0.040625 0.09375
0 0.35390625 0.81953125 0.053125 0.23125
0 0.37734375 0.24140625 0.0390625 0.1046875
0 0.3671875 0.32421875 0.0296875 0.1125
0 0.42890625 0.21796875 0.03125 0.1609375
0 0.97890625 0.32578125 0.0390625 0.178125
0 0.7875 0.13125 0.028125 0.1359375
0 0.83046875 0.29296875 0.028125 0.165625
0 0.79296875 0.29296875 0.03125 0.178125
0 0.49375 0.26484375 0.046875 0.1609375
0 0.54453125 0.2328125 0.040625 0.16875
0 0.10703125 0.428125 0.034375 0.178125
0 0.46328125 0.221875 0.03125 0.16875
0 0.5515625 0.02109375 0.0234375 0.0421875
0 0.53125 0.021875 0.0234375 0.04375
0 0.7328125 0.28125 0.0234375 0.1546875
0 0.7109375 0.246875 0.0296875 0.1546875
0 0.3796875 0.07265625 0.028125 0.1453125
0 0.29453125 0.040625 0.0171875 0.08125
0 0.0171875 0.84765625 0.034375 0.221875
0 0.64921875 0.08203125 0.0375 0.109375
0 0.2765625 0.24375 0.046875 0.178125
0 0.2453125 0.1171875 0.028125 0.1515625
0 0.2921875 0.1359375 0.0234375 0.1546875
0 0.2671875 0.11171875 0.028125 0.1484375
0 0.1984375 0.178125 0.028125 0.1640625
0 0.22265625 0.15390625 0.028125 0.1421875
0 0.16015625 0.19140625 0.028125 0.1578125
0 0.18984375 0.16171875 0.025 0.1609375
0 0.1234375 0.19375 0.025 0.1515625
0 0.14375 0.16875 0.0234375 0.1703125
0 0.2234375 0.95390625 0.0484375 0.0921875