0 0.84453125 0.65 0.0421875 0.21875
0 0.2546875 0.06328125 0.0328125 0.1265625
0 0.39453125 0.65390625 0.04375 0.23125
0 0.9140625 0.51796875 0.04375 0.1953125
0 0.54453125 0.92734375 0.0421875 0.1453125
0 0.37734375 0.24140625 0.0390625 0.1046875
0 0.3671875 0.32421875 0.0296875 0.1125
0 0.43125 0.2125 0.0359375 0.15625
0 0.52421875 0.0375 0.0265625 0.075
0 0.49453125 0.03828125 0.028125 0.0765625
0 0.33203125 0.1265625 0.0234375 0.1328125
0 0.12421875 0.35 0.0328125 0.175
0 0.09296875 0.334375 0.03125 0.190625
0 0.56953125 0.878125 0.06875 0.24375
0 0.60703125 0.88203125 0.05 0.23125
0 0.403125 0.14453125 0.021875 0.140625
0 0.440625 0.13828125 0.0296875 0.1546875
0 0.246875 0.18828125 0.0265625 0.1453125
0 0.65078125 0.08125 0.03125 0.109375
0 0.15 0.92734375 0.04375 0.1453125
0 0.175 0.89765625 0.05625 0.2046875
0 0.3 0.184375 0.0234375 0.15625
0 0.171875 0.09609375 0.028125 0.1484375
0 0.2 0.18203125 0.028125 0.1609375
0 0.1625 0.1921875 0.025 0.15625
0 0.12578125 0.2 0.025 0.1484375
0 0.4671875 0.0484375 0.0265625 0.096875
0 0.21328125 0.3109375 0.034375 0.178125
0 0.2578125 0.15078125 0.03125 0.165625
0 0.88125 0.33046875 0.0359375 0.1859375
0 0.828125 0.3125 0.0296875 0.171875
0 0.7859375 0.06953125 0.03125 0.13125
0 0.971875 0.31953125 0.0359375 0.165625
0 0.8734375 0.0625 0.028125 0.125
0 0.8296875 0.059375 0.028125 0.11875
0 0.23125 0.13046875 0.0234375 0.15625
0 0.20625 0.040625 0.0265625 0.08125