0 0.84453125 0.653125 0.05 0.215625
0 0.35546875 0.62109375 0.040625 0.234375
0 0.91328125 0.51875 0.046875 0.1953125
0 0.53515625 0.934375 0.040625 0.13125
0 0.37734375 0.24140625 0.0390625 0.1046875
0 0.3671875 0.32421875 0.0296875 0.1125
0 0.4328125 0.21328125 0.0328125 0.1578125
0 0.51875 0.03046875 0.0265625 0.0609375
0 0.48984375 0.03125 0.0265625 0.0625
0 0.3328125 0.12578125 0.0203125 0.13125
0 0.13828125 0.328125 0.0328125 0.1703125
0 0.10234375 0.3234375 0.03125 0.190625
0 0.590625 0.903125 0.065625 0.19375
0 0.63125 0.9078125 0.0515625 0.184375
0 0.403125 0.14453125 0.021875 0.140625
0 0.428125 0.12578125 0.0296875 0.1515625
0 0.26484375 0.165625 0.0234375 0.1453125
0 0.65078125 0.08125 0.03125 0.109375
0 0.15390625 0.95625 0.04375 0.0875
0 0.190625 0.925 0.0546875 0.15
0 0.30546875 0.1859375 0.025 0.1609375
0 0.16484375 0.0859375 0.028125 0.146875
0 0.2 0.1828125 0.0265625 0.1609375
0 0.1625 0.1921875 0.025 0.15625
0 0.1265625 0.1984375 0.028125 0.1484375
0 0.46640625 0.04296875 0.0265625 0.0859375
0 0.20625 0.34453125 0.0328125 0.18125
0 0.2671875 0.1234375 0.03125 0.1609375
0 0.87734375 0.30078125 0.0375 0.1828125
0 0.8234375 0.28203125 0.0265625 0.16875
0 0.7859375 0.06953125 0.03125 0.13125
0 0.98828125 0.34609375 0.0234375 0.1640625
0 0.859375 0.0515625 0.028125 0.103125
0 0.23671875 0.14140625 0.025 0.1546875
0 0.215625 0.1515625 0.025 0.1421875
0 0.234375 0.05 0.0296875 0.1
0 0.20234375 0.04609375 0.0265625 0.0921875