0 0.84453125 0.65390625 0.05 0.215625
0 0.28125 0.60703125 0.0515625 0.221875
0 0.91484375 0.51796875 0.05 0.19375
0 0.50234375 0.928125 0.0390625 0.14375
0 0.37734375 0.24140625 0.0390625 0.1046875
0 0.3671875 0.32421875 0.0296875 0.1125
0 0.4328125 0.2125 0.034375 0.15625
0 0.50859375 0.01953125 0.0265625 0.0390625
0 0.33359375 0.12578125 0.0203125 0.13125
0 0.15078125 0.30859375 0.03125 0.1703125
0 0.121875 0.30078125 0.03125 0.1875
0 0.60859375 0.9375 0.0515625 0.125
0 0.63828125 0.94296875 0.04375 0.1140625
0 0.40234375 0.14453125 0.0234375 0.140625
0 0.40625 0.12109375 0.0265625 0.1578125
0 0.2671875 0.1359375 0.0234375 0.14375
0 0.65078125 0.08125 0.03125 0.109375
0 0.19296875 0.97265625 0.0515625 0.0546875
0 0.2984375 0.184375 0.03125 0.1609375
0 0.15546875 0.06875 0.028125 0.1375
0 0.2 0.18203125 0.025 0.159375
0 0.1625 0.1921875 0.025 0.15625
0 0.13359375 0.19765625 0.025 0.146875
0 0.46953125 0.0390625 0.0265625 0.078125
0 0.19375 0.38125 0.034375 0.190625
0 0.26015625 0.09140625 0.03125 0.1546875
0 0.80234375 0.94453125 0.046875 0.1109375
0 0.76015625 0.95390625 0.040625 0.0921875
0 0.86171875 0.2671875 0.034375 0.1734375
0 0.80234375 0.25234375 0.028125 0.1640625
0 0.7859375 0.0703125 0.03125 0.13125
0 0.83046875 0.03828125 0.028125 0.0765625
0 0.25234375 0.16640625 0.0234375 0.1609375
0 0.23125 0.17265625 0.028125 0.14375
0 0.23125 0.065625 0.0296875 0.13125
0 0.19765625 0.05859375 0.028125 0.1171875