0 0.734375 0.6359375 0.0546875 0.2234375
0 0.23984375 0.3625 0.040625 0.203125
0 0.0734375 0.621875 0.04375 0.23125
0 0.915625 0.51875 0.040625 0.19375
0 0.5953125 0.928125 0.04375 0.14375
0 0.353125 0.81953125 0.053125 0.23125
0 0.37734375 0.24140625 0.0390625 0.1046875
0 0.3671875 0.32421875 0.0296875 0.1125
0 0.42890625 0.21796875 0.03125 0.1609375
0 0.7890625 0.13125 0.028125 0.1359375
0 0.73359375 0.24140625 0.028125 0.1515625
0 0.71640625 0.2515625 0.034375 0.16875
0 0.36015625 0.240625 0.021875 0.1515625
0 0.49453125 0.28203125 0.0359375 0.175
0 0.06875 0.409375 0.025 0.1734375
0 0.078125 0.3921875 0.028125 0.1875
0 0.42421875 0.284375 0.034375 0.171875
0 0.44609375 0.29296875 0.0265625 0.159375
0 0.64921875 0.24140625 0.0234375 0.15
0 0.59296875 0.21328125 0.040625 0.159375
0 0.3796875 0.07265625 0.028125 0.1453125
0 0.06328125 0.70625 0.03125 0.2046875
0 0.65078125 0.08125 0.03125 0.109375
0 0.30390625 0.30546875 0.028125 0.171875
0 0.28984375 0.31875 0.0375 0.1875
0 0.2453125 0.06640625 0.028125 0.1328125
0 0.2078125 0.0671875 0.025 0.134375
0 0.29296875 0.1359375 0.025 0.1546875
0 0.26484375 0.1109375 0.0296875 0.1484375
0 0.19921875 0.178125 0.028125 0.1640625
0 0.26328125 0.23125 0.028125 0.153125
0 0.16328125 0.19296875 0.028125 0.1578125
0 0.1890625 0.1625 0.0234375 0.1625
0 0.12421875 0.19296875 0.0265625 0.1515625
0 0.146875 0.16796875 0.028125 0.1703125
0 0.23203125 0.84375 0.05 0.25
0 0.78515625 0.02421875 0.025 0.0484375