0 0.84296875 0.68203125 0.046875 0.2234375
0 0.253125 0.1390625 0.0359375 0.175
0 0.409375 0.63203125 0.04375 0.221875
0 0.91484375 0.51875 0.0421875 0.19375
0 0.5359375 0.92734375 0.046875 0.1453125
0 0.37734375 0.24140625 0.0390625 0.1046875
0 0.3671875 0.32421875 0.0296875 0.1125
0 0.428125 0.2171875 0.028125 0.159375
0 0.7734375 0.02109375 0.0265625 0.0421875
0 0.53828125 0.09453125 0.028125 0.1484375
0 0.5046875 0.08046875 0.03125 0.15625
0 0.26953125 0.12890625 0.021875 0.153125
0 0.484375 0.0421875 0.028125 0.084375
0 0.0703125 0.409375 0.028125 0.1734375
0 0.478125 0.62890625 0.05625 0.2203125
0 0.51328125 0.63046875 0.0421875 0.1953125
0 0.40390625 0.15 0.0234375 0.1375
0 0.38671875 0.16171875 0.03125 0.15625
0 0.3875 0.05234375 0.0265625 0.1046875
0 0.128125 0.31015625 0.0265625 0.159375
0 0.65078125 0.08125 0.03125 0.109375
0 0.2171875 0.70703125 0.0375 0.2234375
0 0.1703125 0.6859375 0.0484375 0.2375
0 0.29453125 0.140625 0.0296875 0.1515625
0 0.2 0.18125 0.028125 0.1640625
0 0.6859375 0.57109375 0.0390625 0.190625
0 0.1625 0.19375 0.028125 0.1578125
0 0.190625 0.16171875 0.0265625 0.1609375
0 0.134375 0.1984375 0.0390625 0.1421875
0 0.45078125 0.06171875 0.025 0.1234375
0 0.23671875 0.1765625 0.028125 0.1609375
0 0.25234375 0.30546875 0.040625 0.1859375
0 0.9828125 0.475 0.034375 0.178125
0 0.90703125 0.44765625 0.0359375 0.1890625
0 0.80390625 0.04140625 0.028125 0.0828125
0 0.9296875 0.203125 0.0265625 0.1515625
0 0.94921875 0.14296875 0.04375 0.159375
0 0.8875 0.153125 0.0328125 0.159375
0 0.23125 0.059375 0.021875 0.11875
0 0.203125 0.05859375 0.034375 0.1171875