0 0.853125 0.69609375 0.0421875 0.225
0 0.253125 0.15625 0.0359375 0.1796875
0 0.34765625 0.63125 0.0484375 0.228125
0 0.91484375 0.51875 0.0421875 0.19375
0 0.5296875 0.9171875 0.046875 0.165625
0 0.37734375 0.24140625 0.0390625 0.1046875
0 0.3671875 0.32421875 0.0296875 0.1125
0 0.42890625 0.21796875 0.03125 0.1609375
0 0.7609375 0.0375 0.0265625 0.075
0 0.54140625 0.11640625 0.028125 0.1484375
0 0.51015625 0.10625 0.03125 0.1625
0 0.27421875 0.1484375 0.0265625 0.15625
0 0.49375 0.06015625 0.0296875 0.1203125
0 0.06953125 0.409375 0.0265625 0.1734375
0 0.4640625 0.56953125 0.0453125 0.2140625
0 0.4953125 0.575 0.0375 0.1953125
0 0.40546875 0.1578125 0.0296875 0.115625
0 0.38203125 0.1625 0.0296875 0.1546875
0 0.38125 0.06796875 0.0265625 0.1359375
0 0.12109375 0.3546875 0.028125 0.16875
0 0.65078125 0.08125 0.03125 0.109375
0 0.24765625 0.63203125 0.0375 0.2109375
0 0.19375 0.6203125 0.0484375 0.228125
0 0.2953125 0.134375 0.0296875 0.1515625
0 0.18125 0.1265625 0.0328125 0.1515625
0 0.2 0.1796875 0.028125 0.1640625
0 0.5984375 0.51953125 0.0375 0.1859375
0 0.16015625 0.19453125 0.028125 0.15625
0 0.128125 0.20078125 0.0296875 0.1453125
0 0.44453125 0.05234375 0.028125 0.1046875
0 0.23671875 0.1515625 0.0296875 0.1609375
0 0.2515625 0.36484375 0.0421875 0.1953125
0 0.94453125 0.496875 0.0359375 0.19375
0 0.93984375 0.17421875 0.034375 0.15
0 0.94765625 0.13515625 0.034375 0.1546875
0 0.871875 0.10390625 0.0390625 0.1546875
0 0.31484375 0.96171875 0.046875 0.0765625
0 0.23359375 0.04296875 0.025 0.0859375
0 0.20703125 0.04765625 0.0328125 0.0953125