0 0.84609375 0.65546875 0.053125 0.21875
0 0.34921875 0.628125 0.0453125 0.225
0 0.915625 0.51796875 0.040625 0.1953125
0 0.4953125 0.9328125 0.040625 0.134375
0 0.37734375 0.24140625 0.0390625 0.1046875
0 0.3671875 0.32421875 0.0296875 0.1125
0 0.43125 0.20703125 0.0375 0.1578125
0 0.21015625 0.24375 0.0328125 0.178125
0 0.4046875 0.14140625 0.028125 0.146875
0 0.3953125 0.10859375 0.0296875 0.1515625
0 0.65078125 0.08046875 0.03125 0.109375
0 0.29765625 0.18671875 0.028125 0.1546875
0 0.17421875 0.059375 0.0234375 0.11875
0 0.20703125 0.17890625 0.0296875 0.1578125
0 0.16328125 0.19375 0.025 0.15625
0 0.1328125 0.20234375 0.028125 0.1546875
0 0.1203125 0.18046875 0.028125 0.1703125
0 0.1515625 0.1609375 0.0328125 0.15625
0 0.190625 0.14375 0.0265625 0.15
0 0.196875 0.88671875 0.0484375 0.2265625
0 0.49609375 0.37734375 0.0328125 0.19375
0 0.45390625 0.38671875 0.0375 0.1921875
0 0.64296875 0.74921875 0.0453125 0.2484375
0 0.9296875 0.740625 0.0484375 0.228125
0 0.76796875 0.04140625 0.0296875 0.0828125
0 0.73203125 0.04140625 0.0234375 0.0828125
0 0.95078125 0.246875 0.0359375 0.165625
0 0.8828125 0.209375 0.028125 0.15625
0 0.78125 0.228125 0.034375 0.146875
0 0.63203125 0.1859375 0.028125 0.1546875
0 0.4515625 0.03359375 0.025 0.0671875
0 0.271875 0.13671875 0.025 0.140625
0 0.21875 0.50703125 0.034375 0.2046875
0 0.17734375 0.509375 0.04375 0.184375
0 0.24609375 0.14140625 0.028125 0.1609375
0 0.24375 0.0828125 0.03125 0.14375
0 0.2109375 0.06171875 0.028125 0.1234375
0 0.228125 0.33671875 0.0359375 0.1796875
0 0.18046875 0.3328125 0.0328125 0.1796875
0 0.27421875 0.31640625 0.034375 0.16875