0 0.84609375 0.65390625 0.053125 0.215625
0 0.36640625 0.64296875 0.040625 0.2265625
0 0.915625 0.51796875 0.040625 0.1953125
0 0.5 0.93046875 0.040625 0.1390625
0 0.37734375 0.24140625 0.0390625 0.1046875
0 0.3671875 0.32421875 0.0296875 0.1125
0 0.43125 0.20703125 0.0375 0.1578125
0 0.1796875 0.2390625 0.0265625 0.1765625
0 0.40546875 0.13984375 0.0296875 0.1453125
0 0.4 0.11328125 0.0265625 0.1546875
0 0.65078125 0.08046875 0.03125 0.109375
0 0.30078125 0.18671875 0.028125 0.15625
0 0.17421875 0.059375 0.0234375 0.11875
0 0.19921875 0.18125 0.028125 0.159375
0 0.16328125 0.19296875 0.025 0.1546875
0 0.13515625 0.20390625 0.0296875 0.1546875
0 0.1265625 0.178125 0.03125 0.16875
0 0.46640625 0.0234375 0.0265625 0.046875
0 0.19140625 0.83671875 0.0484375 0.2453125
0 0.5015625 0.42109375 0.0375 0.1984375
0 0.46015625 0.43671875 0.0359375 0.196875
0 0.6671875 0.821875 0.046875 0.25
0 0.93046875 0.74296875 0.0484375 0.2296875
0 0.78359375 0.04921875 0.0265625 0.0984375
0 0.74609375 0.0515625 0.0234375 0.103125
0 0.93125 0.20859375 0.0328125 0.1640625
0 0.8671875 0.171875 0.0265625 0.15
0 0.78203125 0.20078125 0.034375 0.1484375
0 0.61171875 0.14609375 0.028125 0.1515625
0 0.4421875 0.02578125 0.025 0.0515625
0 0.41640625 0.0265625 0.025 0.053125
0 0.37890625 0.0390625 0.03125 0.078125
0 0.26328125 0.10859375 0.028125 0.14375
0 0.2203125 0.46328125 0.0359375 0.1953125
0 0.1875 0.471875 0.0421875 0.1828125
0 0.240625 0.14765625 0.028125 0.1625
0 0.2359375 0.06328125 0.03125 0.1265625
0 0.21171875 0.04921875 0.0265625 0.0984375
0 0.14140625 0.05546875 0.028125 0.1109375
0 0.23828125 0.30625 0.0359375 0.1765625
0 0.19296875 0.30234375 0.0328125 0.171875
0 0.26484375 0.2859375 0.03125 0.1671875