0 0.81953125 0.67109375 0.0390625 0.228125
0 0.25078125 0.1109375 0.0375 0.16875
0 0.44375 0.66328125 0.0484375 0.234375
0 0.90546875 0.51875 0.059375 0.19375
0 0.553125 0.92734375 0.046875 0.1453125
0 0.37734375 0.24140625 0.0390625 0.1046875
0 0.3671875 0.32421875 0.0296875 0.1125
0 0.4296875 0.21328125 0.0265625 0.1609375
0 0.53515625 0.06796875 0.028125 0.1359375
0 0.50078125 0.06640625 0.03125 0.1328125
0 0.07890625 0.40390625 0.0296875 0.1765625
0 0.50390625 0.7015625 0.0609375 0.2296875
0 0.5359375 0.70625 0.0390625 0.203125
0 0.40546875 0.153125 0.0265625 0.125
0 0.38515625 0.1609375 0.028125 0.1546875
0 0.39765625 0.02421875 0.025 0.0484375
0 0.16328125 0.26796875 0.028125 0.1578125
0 0.65078125 0.08125 0.03125 0.109375
0 0.1859375 0.78984375 0.0390625 0.23125
0 0.140625 0.76640625 0.046875 0.2453125
0 0.28125 0.15625 0.0328125 0.1546875
0 0.184375 0.1265625 0.0296875 0.1515625
0 0.2 0.18125 0.028125 0.1640625
0 0.16328125 0.19375 0.028125 0.1578125
0 0.12890625 0.19921875 0.0328125 0.146875
0 0.46796875 0.059375 0.0265625 0.11875
0 0.23359375 0.2171875 0.03125 0.165625
0 0.253125 0.253125 0.0390625 0.1765625
0 0.953125 0.43359375 0.0453125 0.1984375
0 0.86953125 0.40390625 0.0328125 0.184375
0 0.79765625 0.053125 0.0296875 0.10625
0 0.9140625 0.23828125 0.0359375 0.1546875
0 0.90234375 0.12734375 0.025 0.15625
0 0.8765625 0.12109375 0.0296875 0.1609375
0 0.946875 0.2171875 0.04375 0.1640625
0 0.22578125 0.07421875 0.0234375 0.146875
0 0.1984375 0.07578125 0.0296875 0.125