0 0.82578125 0.678125 0.0390625 0.2265625
0 0.25 0.12421875 0.0359375 0.171875
0 0.4375 0.6484375 0.04375 0.228125
0 0.91328125 0.51875 0.0453125 0.19375
0 0.553125 0.925 0.046875 0.15
0 0.37734375 0.24140625 0.0390625 0.1046875
0 0.3671875 0.32421875 0.0296875 0.1125
0 0.42890625 0.21640625 0.025 0.1578125
0 0.5375 0.078125 0.0265625 0.1453125
0 0.5015625 0.06953125 0.03125 0.1390625
0 0.07265625 0.409375 0.028125 0.171875
0 0.49296875 0.66875 0.0609375 0.225
0 0.52890625 0.6734375 0.04375 0.203125
0 0.40546875 0.15078125 0.0265625 0.1328125
0 0.38359375 0.159375 0.025 0.15625
0 0.39453125 0.03828125 0.025 0.0765625
0 0.1484375 0.28359375 0.0265625 0.1640625
0 0.65078125 0.08125 0.03125 0.109375
0 0.196875 0.75234375 0.0375 0.2296875
0 0.153125 0.72890625 0.0484375 0.2359375
0 0.2859375 0.1484375 0.028125 0.159375
0 0.18359375 0.1265625 0.0296875 0.15
0 0.2 0.18125 0.028125 0.1640625
0 0.75859375 0.603125 0.05 0.190625
0 0.1625 0.19375 0.028125 0.1578125
0 0.12890625 0.2 0.03125 0.146875
0 0.4640625 0.06171875 0.028125 0.1234375
0 0.2375 0.19609375 0.0296875 0.159375
0 0.25 0.275 0.0359375 0.1796875
0 0.97421875 0.4515625 0.0421875 0.19375
0 0.88125 0.4234375 0.03125 0.184375
0 0.7984375 0.0484375 0.028125 0.096875
0 0.92109375 0.22421875 0.0296875 0.1546875
0 0.92578125 0.1359375 0.03125 0.1546875
0 0.90234375 0.134375 0.0359375 0.159375
0 0.91171875 0.18671875 0.0375 0.159375
0 0.22890625 0.06796875 0.021875 0.1359375
0 0.20234375 0.06796875 0.034375 0.1265625