0 0.84296875 0.653125 0.046875 0.215625
0 0.2578125 0.059375 0.03125 0.11875
0 0.37265625 0.6328125 0.0484375 0.2390625
0 0.915625 0.51796875 0.040625 0.1953125
0 0.5390625 0.92890625 0.0390625 0.1421875
0 0.37734375 0.24140625 0.0390625 0.1046875
0 0.3671875 0.32421875 0.0296875 0.1125
0 0.4328125 0.21328125 0.03125 0.1578125
0 0.51953125 0.034375 0.0265625 0.06875
0 0.49140625 0.03359375 0.0265625 0.0671875
0 0.3328125 0.12578125 0.021875 0.13125
0 0.13125 0.33984375 0.0328125 0.175
0 0.09765625 0.3265625 0.03125 0.190625
0 0.5828125 0.88984375 0.0625 0.2203125
0 0.621875 0.89453125 0.0515625 0.2109375
0 0.40234375 0.14453125 0.021875 0.140625
0 0.4390625 0.13046875 0.025 0.1515625
0 0.25703125 0.1765625 0.0265625 0.1453125
0 0.65078125 0.08125 0.03125 0.109375
0 0.15 0.94453125 0.04375 0.1109375
0 0.18203125 0.9125 0.0515625 0.175
0 0.30390625 0.18359375 0.025 0.1609375
0 0.1671875 0.0890625 0.0296875 0.146875
0 0.2 0.18203125 0.028125 0.1609375
0 0.1625 0.1921875 0.025 0.15625
0 0.125 0.1984375 0.028125 0.146875
0 0.15703125 0.14296875 0.028125 0.15
0 0.4671875 0.0453125 0.0265625 0.090625
0 0.21015625 0.32578125 0.034375 0.178125
0 0.265625 0.134375 0.0328125 0.1609375
0 0.8796875 0.31640625 0.040625 0.184375
0 0.82578125 0.29921875 0.028125 0.1703125
0 0.7859375 0.06953125 0.03125 0.13125
0 0.9828125 0.33125 0.034375 0.1640625
0 0.86875 0.05546875 0.028125 0.1109375
0 0.82109375 0.053125 0.028125 0.10625
0 0.23359375 0.1375 0.0234375 0.1546875
0 0.209375 0.14453125 0.0265625 0.1390625
0 0.234375 0.046875 0.028125 0.09375
0 0.20234375 0.04296875 0.0265625 0.0859375