0 0.7359375 0.63671875 0.0546875 0.2234375
0 0.21953125 0.4703125 0.04375 0.21875
0 0.07421875 0.6234375 0.04375 0.23125
0 0.91640625 0.51953125 0.0390625 0.19375
0 0.6140625 0.95 0.040625 0.1
0 0.35390625 0.81953125 0.053125 0.23125
0 0.37734375 0.24140625 0.0390625 0.1046875
0 0.3671875 0.32421875 0.0296875 0.1125
0 0.42890625 0.21796875 0.03125 0.1609375
0 0.959375 0.29140625 0.034375 0.1703125
0 0.7875 0.13125 0.028125 0.1359375
0 0.85546875 0.31484375 0.03125 0.1703125
0 0.55078125 0.26875 0.0421875 0.165625
0 0.55234375 0.2109375 0.0328125 0.1578125
0 0.12265625 0.44609375 0.0328125 0.1828125
0 0.13671875 0.42109375 0.0328125 0.2
0 0.471875 0.20546875 0.0296875 0.165625
0 0.4890625 0.20625 0.0265625 0.146875
0 0.55234375 0.03125 0.025 0.0625
0 0.5328125 0.03046875 0.0234375 0.0609375
0 0.75546875 0.29765625 0.0265625 0.15625
0 0.73671875 0.25390625 0.0265625 0.1578125
0 0.3796875 0.07265625 0.028125 0.1453125
0 0.01171875 0.89140625 0.0234375 0.2171875
0 0.64453125 0.084375 0.0375 0.10625
0 0.284375 0.22890625 0.053125 0.175
0 0.25234375 0.1390625 0.025 0.1578125
0 0.23046875 0.14921875 0.028125 0.1546875
0 0.29140625 0.1359375 0.021875 0.1546875
0 0.2671875 0.11171875 0.0265625 0.1484375
0 0.1984375 0.17890625 0.028125 0.165625
0 0.16171875 0.19140625 0.028125 0.1578125
0 0.18671875 0.159375 0.025 0.1609375
0 0.12421875 0.19375 0.0234375 0.1515625
0 0.146875 0.1703125 0.03125 0.1671875
0 0.64765625 0.06015625 0.040625 0.1203125