0 0.734375 0.63671875 0.0546875 0.2234375
0 0.23515625 0.4078125 0.0421875 0.2109375
0 0.07421875 0.621875 0.04375 0.2296875
0 0.915625 0.51875 0.0390625 0.19375
0 0.6359375 0.94453125 0.04375 0.1109375
0 0.35390625 0.81953125 0.053125 0.23125
0 0.37734375 0.24140625 0.0390625 0.1046875
0 0.3671875 0.32421875 0.0296875 0.1125
0 0.99375 0.37734375 0.0125 0.1765625
0 0.78828125 0.13125 0.028125 0.1359375
0 0.7921875 0.26953125 0.0265625 0.1609375
0 0.76171875 0.2734375 0.0375 0.175
0 0.41875 0.25625 0.03125 0.1625
0 0.528125 0.25859375 0.0359375 0.16875
0 0.08046875 0.415625 0.025 0.1796875
0 0.08515625 0.39375 0.034375 0.1875
0 0.4515625 0.24453125 0.028125 0.1703125
0 0.47265625 0.25234375 0.028125 0.1546875
0 0.70234375 0.2625 0.0203125 0.15
0 0.66484375 0.2296875 0.0375 0.15
0 0.3796875 0.07265625 0.028125 0.1453125
0 0.02265625 0.78203125 0.034375 0.2140625
0 0.65078125 0.0796875 0.03125 0.10625
0 0.275 0.275 0.0390625 0.18125
0 0.2390625 0.09296875 0.0265625 0.1484375
0 0.21171875 0.09921875 0.028125 0.15
0 0.2921875 0.1359375 0.0234375 0.1546875
0 0.26640625 0.11171875 0.0296875 0.1484375
0 0.19921875 0.178125 0.028125 0.1640625
0 0.26171875 0.18203125 0.03125 0.14375
0 0.16484375 0.19140625 0.028125 0.1578125
0 0.18671875 0.159375 0.025 0.1640625
0 0.121875 0.1953125 0.0265625 0.1515625
0 0.14609375 0.16875 0.025 0.1703125
0 0.2265625 0.91171875 0.05 0.1765625