0 0.73359375 0.6359375 0.053125 0.2234375
0 0.2390625 0.35234375 0.0390625 0.2015625
0 0.0734375 0.621875 0.04375 0.23125
0 0.915625 0.51875 0.040625 0.19375
0 0.5828125 0.9265625 0.0421875 0.146875
0 0.353125 0.81953125 0.053125 0.23125
0 0.37734375 0.24140625 0.0390625 0.1046875
0 0.3671875 0.32421875 0.0296875 0.1125
0 0.42890625 0.21796875 0.03125 0.1609375
0 0.7890625 0.13125 0.028125 0.1359375
0 0.71953125 0.2390625 0.0265625 0.15
0 0.7046875 0.24765625 0.0265625 0.16875
0 0.4828125 0.28359375 0.040625 0.1765625
0 0.06875 0.409375 0.025 0.1734375
0 0.078125 0.3921875 0.0296875 0.1875
0 0.41953125 0.29453125 0.0328125 0.1734375
0 0.440625 0.3015625 0.0265625 0.159375
0 0.6390625 0.234375 0.025 0.15
0 0.57578125 0.20703125 0.028125 0.1625
0 0.3796875 0.07265625 0.028125 0.1453125
0 0.08125 0.69375 0.034375 0.2
0 0.65078125 0.08125 0.03125 0.109375
0 0.31015625 0.3109375 0.0296875 0.1734375
0 0.290625 0.328125 0.0328125 0.1921875
0 0.24453125 0.0640625 0.0234375 0.128125
0 0.20859375 0.06328125 0.0234375 0.1265625
0 0.29296875 0.1359375 0.025 0.1546875
0 0.26171875 0.11015625 0.0296875 0.1484375
0 0.19921875 0.178125 0.028125 0.1640625
0 0.26328125 0.24140625 0.03125 0.15625
0 0.16328125 0.19296875 0.028125 0.1578125
0 0.18984375 0.16328125 0.0234375 0.1640625
0 0.12734375 0.19140625 0.025 0.153125
0 0.146875 0.16875 0.0265625 0.1703125
0 0.2296875 0.8234375 0.05 0.25
0 0.790625 0.02734375 0.025 0.0546875