0 0.84609375 0.65390625 0.053125 0.215625
0 0.35546875 0.646875 0.0421875 0.2265625
0 0.915625 0.5171875 0.040625 0.1953125
0 0.490625 0.93984375 0.040625 0.1203125
0 0.37734375 0.24140625 0.0390625 0.1046875
0 0.3671875 0.32421875 0.0296875 0.1125
0 0.43203125 0.20703125 0.0390625 0.1578125
0 0.1734375 0.2390625 0.0359375 0.178125
0 0.40546875 0.14140625 0.0265625 0.146875
0 0.4 0.115625 0.0234375 0.1546875
0 0.65078125 0.08046875 0.03125 0.109375
0 0.30390625 0.18671875 0.0296875 0.1578125
0 0.17421875 0.059375 0.0234375 0.11875
0 0.2078125 0.1765625 0.028125 0.159375
0 0.1390625 0.19921875 0.0296875 0.1515625
0 0.1234375 0.18046875 0.0265625 0.1703125
0 0.46640625 0.0234375 0.0265625 0.046875
0 0.18359375 0.765625 0.046875 0.240625
0 0.5171875 0.48359375 0.0328125 0.2109375
0 0.46953125 0.496875 0.0328125 0.2015625
0 0.7015625 0.9 0.05 0.2
0 0.9328125 0.7390625 0.05 0.225
0 0.79453125 0.06171875 0.0296875 0.1234375
0 0.75859375 0.065625 0.0234375 0.13125
0 0.9078125 0.16328125 0.028125 0.1640625
0 0.846875 0.13203125 0.028125 0.146875
0 0.784375 0.16953125 0.03125 0.14375
0 0.59453125 0.10390625 0.03125 0.15
0 0.384375 0.0375 0.0390625 0.075
0 0.25625 0.08125 0.0234375 0.1359375
0 0.2296875 0.41796875 0.03125 0.1921875
0 0.19140625 0.41875 0.04375 0.1734375
0 0.23359375 0.14140625 0.028125 0.1640625
0 0.23125 0.0484375 0.0359375 0.096875
0 0.2125 0.034375 0.021875 0.06875
0 0.1453125 0.05546875 0.028125 0.1109375
0 0.2609375 0.27109375 0.0359375 0.1734375
0 0.2109375 0.26640625 0.0296875 0.1703125