0 0.84609375 0.65390625 0.053125 0.215625
0 0.35859375 0.646875 0.04375 0.225
0 0.915625 0.5171875 0.040625 0.1953125
0 0.49375 0.93828125 0.0421875 0.1234375
0 0.37734375 0.24140625 0.0390625 0.1046875
0 0.3671875 0.32421875 0.0296875 0.1125
0 0.43125 0.20703125 0.0390625 0.1578125
0 0.1734375 0.2390625 0.0359375 0.178125
0 0.40390625 0.13828125 0.03125 0.1453125
0 0.65078125 0.08046875 0.03125 0.109375
0 0.30234375 0.18671875 0.0296875 0.1578125
0 0.17421875 0.059375 0.0234375 0.11875
0 0.20703125 0.178125 0.028125 0.159375
0 0.16328125 0.19296875 0.025 0.1546875
0 0.1375 0.19921875 0.028125 0.1546875
0 0.12734375 0.18828125 0.040625 0.153125
0 0.46640625 0.0234375 0.0265625 0.046875
0 0.18671875 0.79921875 0.04375 0.24375
0 0.5109375 0.4515625 0.0390625 0.1984375
0 0.4640625 0.46640625 0.0328125 0.1984375
0 0.68359375 0.875 0.05 0.25
0 0.9328125 0.74140625 0.0484375 0.2296875
0 0.78828125 0.05625 0.03125 0.1125
0 0.753125 0.059375 0.0234375 0.11875
0 0.9171875 0.18828125 0.028125 0.1609375
0 0.8578125 0.15078125 0.028125 0.15
0 0.78359375 0.184375 0.03125 0.14375
0 0.6015625 0.12265625 0.0296875 0.153125
0 0.4375 0.021875 0.0234375 0.04375
0 0.37578125 0.0390625 0.0546875 0.078125
0 0.2609375 0.09453125 0.028125 0.1390625
0 0.2234375 0.4390625 0.03125 0.19375
0 0.19140625 0.44296875 0.040625 0.178125
0 0.23828125 0.14375 0.0296875 0.1640625
0 0.23203125 0.05546875 0.034375 0.1109375
0 0.2125 0.04140625 0.0265625 0.0828125
0 0.1453125 0.05546875 0.028125 0.1109375
0 0.25078125 0.28671875 0.034375 0.1765625
0 0.20546875 0.28671875 0.03125 0.1703125
0 0.26171875 0.26640625 0.03125 0.1640625