0 0.8453125 0.65390625 0.0515625 0.215625
0 0.36328125 0.646875 0.0484375 0.234375
0 0.915625 0.515625 0.0390625 0.196875
0 0.46875 0.934375 0.040625 0.13125
0 0.37734375 0.24140625 0.0390625 0.1046875
0 0.3671875 0.32421875 0.0296875 0.1125
0 0.428125 0.20703125 0.034375 0.1609375
0 0.1921875 0.24140625 0.025 0.1546875
0 0.16875 0.23828125 0.0328125 0.1765625
0 0.40625 0.140625 0.0296875 0.146875
0 0.3984375 0.115625 0.0296875 0.15625
0 0.2484375 0.03125 0.021875 0.0625
0 0.65078125 0.08046875 0.03125 0.109375
0 0.30546875 0.1875 0.03125 0.159375
0 0.17421875 0.05859375 0.0234375 0.1171875
0 0.19921875 0.178125 0.025 0.159375
0 0.1625 0.19140625 0.025 0.15625
0 0.13671875 0.19921875 0.025 0.1546875
0 0.1234375 0.18046875 0.0265625 0.1671875
0 0.46640625 0.0234375 0.0265625 0.046875
0 0.16328125 0.63828125 0.040625 0.2203125
0 0.5609375 0.60546875 0.046875 0.2203125
0 0.51640625 0.62421875 0.0375 0.21875
0 0.753125 0.10859375 0.025 0.1453125
0 0.86875 0.07578125 0.0296875 0.1453125
0 0.7828125 0.11328125 0.028125 0.1390625
0 0.56953125 0.03828125 0.0265625 0.0765625
0 0.27109375 0.04140625 0.01875 0.0828125
0 0.240625 0.328125 0.028125 0.178125
0 0.209375 0.33046875 0.040625 0.1640625
0 0.1453125 0.05546875 0.028125 0.1109375
0 0.26171875 0.19609375 0.0296875 0.1640625
0 0.23359375 0.19140625 0.028125 0.159375
0 0.41015625 0.03046875 0.0234375 0.0609375