0 0.753125 0.63203125 0.0515625 0.2265625
0 0.25390625 0.24609375 0.0390625 0.19375
0 0.0984375 0.6390625 0.0453125 0.2296875
0 0.915625 0.51875 0.040625 0.19375
0 0.50859375 0.91953125 0.040625 0.1609375
0 0.37734375 0.24140625 0.0390625 0.1046875
0 0.42890625 0.21796875 0.03125 0.1609375
0 0.78359375 0.11328125 0.0265625 0.1359375
0 0.60546875 0.16796875 0.0265625 0.1515625
0 0.56640625 0.1859375 0.028125 0.1734375
0 0.28046875 0.1890625 0.0296875 0.165625
0 0.50546875 0.1734375 0.0359375 0.1625
0 0.06875 0.409375 0.025 0.1734375
0 0.05 0.3921875 0.0453125 0.1875
0 0.4375 0.41875 0.0421875 0.19375
0 0.47109375 0.4234375 0.0421875 0.175
0 0.47265625 0.171875 0.025 0.140625
0 0.40625 0.16953125 0.025 0.1578125
0 0.3796875 0.0734375 0.0265625 0.146875
0 0.13359375 0.51015625 0.0296875 0.184375
0 0.65078125 0.08125 0.03125 0.109375
0 0.3140625 0.453125 0.0328125 0.1875
0 0.27109375 0.4515625 0.0359375 0.2078125
0 0.234375 0.0234375 0.03125 0.046875
0 0.29296875 0.1359375 0.025 0.1546875
0 0.19765625 0.18046875 0.025 0.1625
0 0.36953125 0.371875 0.0265625 0.1609375
0 0.1640625 0.19375 0.028125 0.15625
0 0.1875 0.1640625 0.025 0.1625
0 0.12421875 0.19296875 0.028125 0.1515625
0 0.140625 0.17265625 0.0234375 0.16875
0 0.20703125 0.07734375 0.03125 0.146875
0 0.221875 0.559375 0.04375 0.21875
0 0.98515625 0.66484375 0.0296875 0.215625
0 0.86171875 0.08203125 0.0328125 0.1359375
0 0.78515625 0.01875 0.0234375 0.0375
0 0.14609375 0.81953125 0.046875 0.25
0 0.1390625 0.74609375 0.0453125 0.2359375