0 0.8484375 0.64921875 0.0359375 0.215625
0 0.25078125 0.06796875 0.0328125 0.1359375
0 0.41171875 0.6640625 0.0453125 0.2296875
0 0.915625 0.51796875 0.040625 0.1953125
0 0.55234375 0.93203125 0.04375 0.1359375
0 0.37734375 0.24140625 0.0390625 0.1046875
0 0.3671875 0.32421875 0.0296875 0.1125
0 0.42578125 0.2140625 0.034375 0.159375
0 0.52578125 0.04296875 0.0265625 0.0859375
0 0.4953125 0.04140625 0.028125 0.0828125
0 0.3296875 0.1265625 0.021875 0.134375
0 0.11796875 0.359375 0.034375 0.175
0 0.0859375 0.34296875 0.028125 0.1890625
0 0.55703125 0.84453125 0.059375 0.240625
0 0.59140625 0.8484375 0.05 0.2203125
0 0.40390625 0.14375 0.0234375 0.140625
0 0.43203125 0.14609375 0.0296875 0.1546875
0 0.23359375 0.2015625 0.025 0.1453125
0 0.65078125 0.08125 0.03125 0.109375
0 0.1484375 0.9125 0.0421875 0.175
0 0.15234375 0.88671875 0.0484375 0.2265625
0 0.29453125 0.184375 0.03125 0.15625
0 0.17109375 0.10703125 0.028125 0.15
0 0.2 0.18203125 0.028125 0.1609375
0 0.16328125 0.19296875 0.025 0.1578125
0 0.12734375 0.19921875 0.0296875 0.146875
0 0.4671875 0.05078125 0.0265625 0.1015625
0 0.21171875 0.296875 0.0328125 0.178125
0 0.25703125 0.16796875 0.034375 0.16875
0 0.88671875 0.34609375 0.040625 0.184375
0 0.8296875 0.3234375 0.028125 0.171875
0 0.7890625 0.06875 0.03125 0.13125
0 0.96015625 0.303125 0.0359375 0.1625
0 0.8765625 0.06875 0.0265625 0.1375
0 0.8390625 0.06640625 0.028125 0.1328125
0 0.228125 0.1234375 0.0234375 0.15625
0 0.21171875 0.0328125 0.025 0.065625