0 0.84609375 0.65625 0.053125 0.2203125
0 0.31953125 0.6140625 0.034375 0.23125
0 0.915625 0.51875 0.040625 0.1953125
0 0.4796875 0.9328125 0.0421875 0.134375
0 0.37734375 0.24140625 0.0390625 0.1046875
0 0.3671875 0.32421875 0.0296875 0.1125
0 0.43125 0.20703125 0.0375 0.1578125
0 0.246875 0.234375 0.03125 0.1546875
0 0.27578125 0.24375 0.0375 0.1765625
0 0.40390625 0.14296875 0.028125 0.15
0 0.3953125 0.10859375 0.0296875 0.1515625
0 0.65078125 0.08046875 0.03125 0.109375
0 0.29609375 0.1875 0.0296875 0.1546875
0 0.16875 0.06015625 0.0171875 0.1203125
0 0.2078125 0.1765625 0.0296875 0.1609375
0 0.16328125 0.19453125 0.025 0.1546875
0 0.1984375 0.15859375 0.0234375 0.1609375
0 0.134375 0.2046875 0.028125 0.1484375
0 0.12109375 0.18046875 0.034375 0.16875
0 0.18984375 0.14609375 0.025 0.15
0 0.22578125 0.9421875 0.0515625 0.115625
0 0.5046875 0.3140625 0.034375 0.184375
0 0.45859375 0.32421875 0.03125 0.18125
0 0.61015625 0.64140625 0.0453125 0.234375
0 0.88984375 0.73828125 0.046875 0.21875
0 0.74453125 0.025 0.028125 0.05
0 0.98125 0.3140625 0.034375 0.1734375
0 0.90546875 0.271875 0.03125 0.1640625
0 0.7953125 0.025 0.028125 0.05
0 0.77109375 0.0265625 0.025 0.053125
0 0.7828125 0.2703125 0.0359375 0.15
0 0.6828125 0.253125 0.034375 0.1546875
0 0.46015625 0.03828125 0.0296875 0.0765625
0 0.42890625 0.03125 0.025 0.0625
0 0.40703125 0.0390625 0.0265625 0.078125
0 0.2625 0.18125 0.0234375 0.146875
0 0.2109375 0.57421875 0.0359375 0.2109375
0 0.1703125 0.5859375 0.046875 0.1953125
0 0.240625 0.14296875 0.0328125 0.159375
0 0.26875 0.13125 0.03125 0.1515625
0 0.21875 0.08984375 0.0328125 0.1515625
0 0.2078125 0.38515625 0.0375 0.18125
0 0.16953125 0.3890625 0.034375 0.1890625
0 0.26875 0.38046875 0.0390625 0.1796875