0 0.7359375 0.63671875 0.0546875 0.2234375
0 0.22109375 0.46484375 0.0453125 0.21875
0 0.07421875 0.6234375 0.04375 0.23125
0 0.91640625 0.51953125 0.0390625 0.19375
0 0.61953125 0.95078125 0.040625 0.0984375
0 0.35390625 0.81953125 0.053125 0.23125
0 0.37734375 0.24140625 0.0390625 0.1046875
0 0.3671875 0.32421875 0.0296875 0.1125
0 0.42890625 0.21796875 0.03125 0.1609375
0 0.96328125 0.29921875 0.0328125 0.171875
0 0.7875 0.13125 0.028125 0.1359375
0 0.85078125 0.30859375 0.03125 0.1703125
0 0.53984375 0.265625 0.0359375 0.165625
0 0.55 0.2140625 0.0328125 0.15625
0 0.1203125 0.4421875 0.0328125 0.1828125
0 0.13125 0.41796875 0.0328125 0.1984375
0 0.4703125 0.20859375 0.0296875 0.165625
0 0.48828125 0.209375 0.0265625 0.1484375
0 0.55234375 0.028125 0.025 0.05625
0 0.53359375 0.02734375 0.0234375 0.0546875
0 0.7515625 0.29609375 0.0265625 0.15625
0 0.73125 0.253125 0.0265625 0.1578125
0 0.3796875 0.07265625 0.028125 0.1453125
0 0.0125 0.88359375 0.025 0.2234375
0 0.6453125 0.08359375 0.0359375 0.10625
0 0.2796875 0.23125 0.046875 0.1703125
0 0.25078125 0.13515625 0.025 0.15625
0 0.23046875 0.14453125 0.028125 0.1546875
0 0.29140625 0.1359375 0.021875 0.1546875
0 0.2671875 0.11171875 0.0265625 0.1484375
0 0.1984375 0.17890625 0.028125 0.165625
0 0.16171875 0.19140625 0.028125 0.1578125
0 0.18671875 0.159375 0.025 0.1609375
0 0.12421875 0.19375 0.025 0.1515625
0 0.14609375 0.16953125 0.0296875 0.165625
0 0.646875 0.059375 0.040625 0.11875