0 0.84609375 0.65625 0.053125 0.2203125
0 0.31953125 0.61328125 0.03125 0.2359375
0 0.915625 0.51875 0.040625 0.1953125
0 0.47578125 0.93125 0.0390625 0.1375
0 0.37734375 0.24140625 0.0390625 0.1046875
0 0.3671875 0.32421875 0.0296875 0.1125
0 0.43125 0.20703125 0.0375 0.1578125
0 0.25703125 0.23671875 0.028125 0.1546875
0 0.28359375 0.24453125 0.0390625 0.175
0 0.4046875 0.1421875 0.0265625 0.15
0 0.3953125 0.10703125 0.0296875 0.1515625
0 0.65078125 0.08046875 0.03125 0.109375
0 0.296875 0.18671875 0.0296875 0.1546875
0 0.16953125 0.0609375 0.01875 0.121875
0 0.2078125 0.17421875 0.0296875 0.1609375
0 0.16328125 0.19375 0.025 0.15625
0 0.19765625 0.15703125 0.025 0.159375
0 0.1328125 0.20390625 0.028125 0.15
0 0.1234375 0.18046875 0.0390625 0.16875
0 0.18984375 0.1453125 0.025 0.15
0 0.23515625 0.9515625 0.0515625 0.096875
0 0.50390625 0.30703125 0.034375 0.184375
0 0.459375 0.31015625 0.0359375 0.1796875
0 0.6046875 0.6234375 0.04375 0.228125
0 0.88359375 0.7359375 0.0484375 0.21875
0 0.8765625 0.70390625 0.053125 0.2359375
0 0.740625 0.02421875 0.0296875 0.0484375
0 0.984375 0.32578125 0.03125 0.1734375
0 0.91015625 0.28046875 0.0296875 0.165625
0 0.7734375 0.02890625 0.025 0.0578125
0 0.784375 0.278125 0.0375 0.1515625
0 0.69453125 0.25859375 0.03125 0.153125
0 0.45625 0.0390625 0.028125 0.078125
0 0.4328125 0.03125 0.0265625 0.0625
0 0.40703125 0.0390625 0.0265625 0.078125
0 0.25546875 0.190625 0.028125 0.15
0 0.2109375 0.58515625 0.0359375 0.2140625
0 0.1671875 0.5984375 0.0484375 0.2
0 0.23984375 0.14296875 0.034375 0.159375
0 0.27109375 0.1390625 0.03125 0.1515625
0 0.2234375 0.0984375 0.0328125 0.159375
0 0.2046875 0.3984375 0.0375 0.1890625
0 0.16796875 0.4 0.0359375 0.190625
0 0.26640625 0.3890625 0.0375 0.178125