0 0.84609375 0.65390625 0.053125 0.215625
0 0.3640625 0.64453125 0.046875 0.2265625
0 0.915625 0.5171875 0.040625 0.1953125
0 0.496875 0.934375 0.0421875 0.13125
0 0.37734375 0.24140625 0.0390625 0.1046875
0 0.3671875 0.32421875 0.0296875 0.1125
0 0.43125 0.20703125 0.0375 0.1578125
0 0.17734375 0.2390625 0.03125 0.1765625
0 0.40390625 0.13984375 0.03125 0.1453125
0 0.65078125 0.08046875 0.03125 0.109375
0 0.3015625 0.18671875 0.0296875 0.1578125
0 0.17421875 0.059375 0.0234375 0.11875
0 0.2015625 0.18046875 0.028125 0.159375
0 0.16328125 0.19296875 0.025 0.1546875
0 0.13671875 0.2015625 0.0296875 0.1546875
0 0.128125 0.184375 0.0375 0.159375
0 0.46640625 0.0234375 0.0265625 0.046875
0 0.1921875 0.82265625 0.0484375 0.2453125
0 0.50546875 0.43828125 0.034375 0.2
0 0.46328125 0.44921875 0.0328125 0.196875
0 0.67421875 0.84375 0.046875 0.2546875
0 0.93125 0.74296875 0.0484375 0.2296875
0 0.7875 0.053125 0.0296875 0.10625
0 0.74921875 0.05390625 0.0234375 0.1078125
0 0.92578125 0.2 0.03125 0.165625
0 0.8625 0.16640625 0.0296875 0.1515625
0 0.78359375 0.19296875 0.0328125 0.146875
0 0.60703125 0.1390625 0.03125 0.1515625
0 0.43828125 0.02421875 0.0234375 0.0484375
0 0.37578125 0.03984375 0.0421875 0.0796875
0 0.2609375 0.103125 0.0265625 0.140625
0 0.221875 0.45390625 0.034375 0.19375
0 0.18984375 0.4625 0.040625 0.1828125
0 0.23984375 0.14765625 0.028125 0.1625
0 0.23359375 0.0609375 0.0328125 0.121875
0 0.21328125 0.04765625 0.0265625 0.0953125
0 0.14375 0.05546875 0.028125 0.1109375
0 0.24375 0.2984375 0.0359375 0.1765625
0 0.196875 0.29375 0.03125 0.1703125
0 0.2640625 0.28203125 0.03125 0.16875