0 0.8515625 0.69921875 0.0390625 0.2234375
0 0.24921875 0.159375 0.0359375 0.1796875
0 0.3296875 0.63515625 0.0484375 0.2234375
0 0.91484375 0.51875 0.0421875 0.19375
0 0.528125 0.91875 0.046875 0.1625
0 0.37734375 0.24140625 0.0390625 0.1046875
0 0.3671875 0.32421875 0.0296875 0.1125
0 0.42890625 0.21796875 0.03125 0.1609375
0 0.76015625 0.04140625 0.0265625 0.0828125
0 0.54296875 0.12109375 0.028125 0.1484375
0 0.5109375 0.11171875 0.03125 0.1625
0 0.27578125 0.1515625 0.025 0.15625
0 0.49375 0.06171875 0.028125 0.1234375
0 0.06953125 0.41015625 0.0265625 0.175
0 0.465625 0.559375 0.046875 0.2109375
0 0.49296875 0.56328125 0.034375 0.1921875
0 0.40546875 0.15625 0.0265625 0.1234375
0 0.38203125 0.16328125 0.0296875 0.15625
0 0.3796875 0.0703125 0.0265625 0.140625
0 0.121875 0.36328125 0.028125 0.1703125
0 0.65078125 0.08125 0.03125 0.109375
0 0.25390625 0.621875 0.0359375 0.2140625
0 0.1984375 0.60625 0.0453125 0.225
0 0.29375 0.134375 0.0265625 0.153125
0 0.18125 0.1265625 0.0328125 0.1515625
0 0.2 0.17890625 0.028125 0.1625
0 0.5859375 0.50625 0.03125 0.1859375
0 0.16015625 0.19609375 0.028125 0.15625
0 0.128125 0.2015625 0.0296875 0.1453125
0 0.44453125 0.05078125 0.028125 0.1015625
0 0.2359375 0.146875 0.0296875 0.159375
0 0.253125 0.3765625 0.0359375 0.1953125
0 0.9515625 0.51015625 0.0328125 0.1921875
0 0.93671875 0.16875 0.0296875 0.146875
0 0.95234375 0.13828125 0.0375 0.15
0 0.8671875 0.0921875 0.0328125 0.1515625
0 0.30625 0.94921875 0.0515625 0.1015625
0 0.23359375 0.0390625 0.025 0.078125
0 0.21015625 0.04375 0.0265625 0.0875