0 0.84609375 0.65390625 0.053125 0.215625
0 0.3578125 0.646875 0.040625 0.2265625
0 0.915625 0.5171875 0.040625 0.1953125
0 0.4921875 0.9390625 0.0421875 0.121875
0 0.37734375 0.24140625 0.0390625 0.1046875
0 0.3671875 0.32421875 0.0296875 0.1125
0 0.43125 0.20703125 0.0390625 0.1578125
0 0.1734375 0.2390625 0.0359375 0.178125
0 0.40390625 0.13828125 0.0296875 0.1453125
0 0.65078125 0.08046875 0.03125 0.109375
0 0.303125 0.18671875 0.0296875 0.1578125
0 0.17421875 0.059375 0.0234375 0.11875
0 0.2078125 0.17734375 0.028125 0.159375
0 0.16328125 0.19296875 0.025 0.1546875
0 0.13828125 0.1984375 0.028125 0.153125
0 0.12578125 0.18359375 0.0328125 0.165625
0 0.46640625 0.0234375 0.0265625 0.046875
0 0.18359375 0.7828125 0.0453125 0.2390625
0 0.51328125 0.4671875 0.0453125 0.2109375
0 0.465625 0.48125 0.0328125 0.2
0 0.68984375 0.88203125 0.05 0.2359375
0 0.934375 0.74140625 0.0484375 0.2296875
0 0.790625 0.0578125 0.03125 0.115625
0 0.75546875 0.0609375 0.0234375 0.121875
0 0.9140625 0.1765625 0.028125 0.159375
0 0.8546875 0.14375 0.0265625 0.146875
0 0.78359375 0.178125 0.0328125 0.1421875
0 0.59921875 0.1140625 0.028125 0.1515625
0 0.4359375 0.01953125 0.025 0.0390625
0 0.37734375 0.0390625 0.053125 0.078125
0 0.25859375 0.08828125 0.028125 0.1375
0 0.22578125 0.43125 0.03125 0.1921875
0 0.1921875 0.43359375 0.0375 0.175
0 0.23828125 0.14140625 0.0359375 0.1640625
0 0.23203125 0.05234375 0.0359375 0.1046875
0 0.2109375 0.0390625 0.025 0.078125
0 0.1453125 0.05546875 0.028125 0.1109375
0 0.2546875 0.28125 0.0359375 0.1765625
0 0.2078125 0.27734375 0.03125 0.1703125