0 0.73515625 0.63671875 0.0546875 0.2234375
0 0.225 0.44375 0.0453125 0.215625
0 0.07421875 0.62265625 0.04375 0.23125
0 0.915625 0.51875 0.0390625 0.19375
0 0.6421875 0.95390625 0.040625 0.0921875
0 0.35390625 0.81953125 0.053125 0.23125
0 0.37734375 0.24140625 0.0390625 0.1046875
0 0.3671875 0.32421875 0.0296875 0.1125
0 0.42890625 0.21796875 0.03125 0.1609375
0 0.978125 0.321875 0.0390625 0.178125
0 0.7875 0.13125 0.028125 0.1359375
0 0.8328125 0.29609375 0.0296875 0.16875
0 0.79453125 0.29375 0.03125 0.178125
0 0.4984375 0.265625 0.0515625 0.1625
0 0.5453125 0.23203125 0.040625 0.16875
0 0.10859375 0.4296875 0.034375 0.178125
0 0.46484375 0.221875 0.03125 0.16875
0 0.55078125 0.021875 0.0234375 0.04375
0 0.53125 0.02265625 0.0234375 0.0453125
0 0.73515625 0.28203125 0.0234375 0.15625
0 0.71328125 0.24921875 0.028125 0.1546875
0 0.3796875 0.07265625 0.028125 0.1453125
0 0.29453125 0.040625 0.0171875 0.08125
0 0.0171875 0.8515625 0.034375 0.2203125
0 0.64921875 0.0828125 0.0390625 0.109375
0 0.27578125 0.2421875 0.046875 0.1765625
0 0.2453125 0.11953125 0.028125 0.1515625
0 0.225 0.13203125 0.0265625 0.153125
0 0.2921875 0.1359375 0.0234375 0.1546875
0 0.2671875 0.11171875 0.028125 0.1484375
0 0.1984375 0.178125 0.028125 0.1640625
0 0.21953125 0.15234375 0.028125 0.1421875
0 0.1609375 0.19140625 0.028125 0.1578125
0 0.18984375 0.16171875 0.025 0.1609375
0 0.1234375 0.19375 0.025 0.1515625
0 0.14375 0.16875 0.0234375 0.1703125
0 0.2234375 0.95625 0.0484375 0.0875