0 0.84609375 0.65390625 0.053125 0.215625
0 0.3578125 0.64921875 0.040625 0.2296875
0 0.915625 0.51640625 0.040625 0.1953125
0 0.48984375 0.9328125 0.0421875 0.134375
0 0.37734375 0.24140625 0.0390625 0.1046875
0 0.3671875 0.32421875 0.0296875 0.1125
0 0.4328125 0.2078125 0.040625 0.1578125
0 0.19453125 0.23515625 0.0265625 0.1546875
0 0.17421875 0.23828125 0.0359375 0.1765625
0 0.40546875 0.140625 0.028125 0.146875
0 0.3984375 0.115625 0.028125 0.15625
0 0.65078125 0.08046875 0.03125 0.109375
0 0.30546875 0.1875 0.03125 0.159375
0 0.17421875 0.05859375 0.0234375 0.1171875
0 0.19921875 0.1765625 0.025 0.159375
0 0.1625 0.19296875 0.025 0.1546875
0 0.1375 0.1984375 0.0265625 0.1546875
0 0.1265625 0.1796875 0.025 0.1703125
0 0.46640625 0.0234375 0.0265625 0.046875
0 0.16796875 0.70390625 0.04375 0.2296875
0 0.53046875 0.53671875 0.034375 0.2109375
0 0.484375 0.553125 0.0375 0.2109375
0 0.7375 0.94765625 0.0515625 0.1046875
0 0.93984375 0.740625 0.0546875 0.2140625
0 0.978125 0.7 0.0421875 0.2359375
0 0.79453125 0.071875 0.028125 0.14375
0 0.7515625 0.0796875 0.0265625 0.140625
0 0.89453125 0.12421875 0.0265625 0.15625
0 0.834375 0.09296875 0.0296875 0.1359375
0 0.78515625 0.1453125 0.03125 0.14375
0 0.58046875 0.06796875 0.03125 0.1359375
0 0.39375 0.03203125 0.021875 0.0640625
0 0.26015625 0.06015625 0.0234375 0.1203125
0 0.23671875 0.37421875 0.028125 0.1890625
0 0.19453125 0.378125 0.04375 0.1640625
0 0.2125 0.13046875 0.0265625 0.1546875
0 0.22421875 0.034375 0.0296875 0.06875
0 0.1453125 0.05546875 0.028125 0.1109375
0 0.2640625 0.2359375 0.03125 0.1703125
0 0.22734375 0.22890625 0.0296875 0.1609375