0 0.8515625 0.684375 0.053125 0.225
0 0.25859375 0.14921875 0.0359375 0.1765625
0 0.38359375 0.62421875 0.046875 0.21875
0 0.91484375 0.51875 0.0421875 0.19375
0 0.5296875 0.925 0.046875 0.15
0 0.37734375 0.24140625 0.0390625 0.1046875
0 0.3671875 0.32421875 0.0296875 0.1125
0 0.42890625 0.21796875 0.0296875 0.159375
0 0.77109375 0.03125 0.0265625 0.0625
0 0.53671875 0.10546875 0.028125 0.1484375
0 0.5078125 0.09375 0.03125 0.1578125
0 0.48984375 0.0515625 0.0296875 0.103125
0 0.06953125 0.409375 0.0265625 0.1734375
0 0.47109375 0.59921875 0.0546875 0.2171875
0 0.50390625 0.60078125 0.0421875 0.1984375
0 0.40546875 0.16015625 0.03125 0.115625
0 0.3859375 0.16171875 0.0328125 0.1546875
0 0.3859375 0.0609375 0.0265625 0.121875
0 0.11953125 0.33359375 0.028125 0.1640625
0 0.65078125 0.08125 0.03125 0.109375
0 0.23359375 0.67109375 0.0390625 0.21875
0 0.178125 0.65078125 0.0421875 0.2296875
0 0.30078125 0.13828125 0.0296875 0.1515625
0 0.18203125 0.1265625 0.03125 0.1515625
0 0.2 0.18046875 0.028125 0.1625
0 0.640625 0.54296875 0.0296875 0.1890625
0 0.16171875 0.19453125 0.028125 0.1578125
0 0.19140625 0.1609375 0.0265625 0.159375
0 0.13046875 0.203125 0.034375 0.14375
0 0.44609375 0.0578125 0.028125 0.115625
0 0.234375 0.16171875 0.0265625 0.1609375
0 0.25859375 0.33671875 0.0375 0.1875
0 0.92421875 0.47265625 0.034375 0.1921875
0 0.9375 0.18828125 0.03125 0.153125
0 0.94609375 0.1390625 0.0359375 0.1546875
0 0.9859375 0.1421875 0.028125 0.1609375
0 0.875 0.1265625 0.034375 0.1546875
0 0.23203125 0.05 0.021875 0.1
0 0.20390625 0.053125 0.0328125 0.10625