0 0.7359375 0.6359375 0.0546875 0.2234375
0 0.24921875 0.2640625 0.0390625 0.1953125
0 0.07890625 0.63125 0.04375 0.2296875
0 0.915625 0.51875 0.040625 0.19375
0 0.50390625 0.915625 0.0375 0.16875
0 0.3515625 0.81953125 0.0484375 0.23125
0 0.37734375 0.24140625 0.0390625 0.1046875
0 0.3671875 0.32421875 0.0296875 0.1125
0 0.42890625 0.21796875 0.03125 0.1609375
0 0.78671875 0.12421875 0.028125 0.1390625
0 0.62109375 0.1828125 0.0265625 0.1515625
0 0.58046875 0.19296875 0.0296875 0.1671875
0 0.28125 0.19140625 0.0265625 0.165625
0 0.50078125 0.196875 0.0359375 0.165625
0 0.06875 0.409375 0.025 0.1734375
0 0.42890625 0.4015625 0.0421875 0.190625
0 0.45859375 0.4046875 0.040625 0.1765625
0 0.4171875 0.171875 0.028125 0.1515625
0 0.38046875 0.0734375 0.028125 0.146875
0 0.13046875 0.5359375 0.03125 0.190625
0 0.65078125 0.08125 0.03125 0.109375
0 0.32265625 0.4265625 0.03125 0.1859375
0 0.2765625 0.43203125 0.0359375 0.203125
0 0.2640625 0.02890625 0.025 0.0578125
0 0.22265625 0.02890625 0.0234375 0.0578125
0 0.29296875 0.1359375 0.025 0.1546875
0 0.19609375 0.11796875 0.0265625 0.1515625
0 0.1984375 0.178125 0.028125 0.1625
0 0.1640625 0.19375 0.028125 0.15625
0 0.18671875 0.1625 0.021875 0.159375
0 0.12421875 0.19296875 0.028125 0.1515625
0 0.14453125 0.171875 0.025 0.165625
0 0.1984375 0.06953125 0.028125 0.1390625
0 0.2203125 0.6 0.0453125 0.2234375
0 0.990625 0.69375 0.01875 0.215625
0 0.8421875 0.065625 0.0296875 0.13125
0 0.11953125 0.771875 0.0453125 0.234375
0 0.09921875 0.71640625 0.05 0.23125