0 0.73515625 0.63671875 0.0546875 0.2234375
0 0.23125 0.421875 0.04375 0.2140625
0 0.07421875 0.62265625 0.04375 0.23125
0 0.915625 0.51875 0.0390625 0.19375
0 0.64296875 0.94765625 0.04375 0.1046875
0 0.35390625 0.81953125 0.053125 0.23125
0 0.37734375 0.24140625 0.0390625 0.1046875
0 0.3671875 0.32421875 0.0296875 0.1125
0 0.42890625 0.21796875 0.03125 0.1609375
0 0.9890625 0.3625 0.021875 0.1765625
0 0.78828125 0.13125 0.028125 0.1359375
0 0.809375 0.278125 0.0265625 0.1625
0 0.77578125 0.278125 0.034375 0.178125
0 0.44765625 0.26171875 0.0453125 0.159375
0 0.53671875 0.25078125 0.0359375 0.1609375
0 0.08984375 0.41953125 0.028125 0.175
0 0.478125 0.24296875 0.0296875 0.1546875
0 0.71640625 0.26875 0.0203125 0.1546875
0 0.6859375 0.23828125 0.03125 0.153125
0 0.3796875 0.07265625 0.028125 0.1453125
0 0.02265625 0.8015625 0.0359375 0.2125
0 0.65078125 0.07890625 0.03125 0.10625
0 0.2734375 0.26328125 0.040625 0.1796875
0 0.23984375 0.1 0.0265625 0.146875
0 0.2125 0.1109375 0.0265625 0.1515625
0 0.2921875 0.1359375 0.0234375 0.1546875
0 0.26640625 0.11171875 0.028125 0.1484375
0 0.1984375 0.178125 0.028125 0.1640625
0 0.2515625 0.17109375 0.028125 0.14375
0 0.16171875 0.19140625 0.028125 0.1578125
0 0.1890625 0.159375 0.0234375 0.1609375
0 0.121875 0.1953125 0.0265625 0.1515625
0 0.1453125 0.16875 0.025 0.1703125
0 0.22890625 0.92890625 0.0515625 0.1421875