0 0.84765625 0.64921875 0.0359375 0.215625
0 0.2484375 0.06953125 0.034375 0.1390625
0 0.41875 0.66796875 0.0515625 0.234375
0 0.9140625 0.51796875 0.0453125 0.1953125
0 0.5546875 0.93203125 0.04375 0.1359375
0 0.37734375 0.24140625 0.0390625 0.1046875
0 0.3671875 0.32421875 0.0296875 0.1125
0 0.42578125 0.2140625 0.034375 0.159375
0 0.5265625 0.04375 0.0265625 0.0859375
0 0.49609375 0.04375 0.028125 0.0859375
0 0.32734375 0.12578125 0.0203125 0.134375
0 0.11484375 0.36640625 0.0328125 0.178125
0 0.08515625 0.3484375 0.028125 0.19375
0 0.55234375 0.834375 0.0625 0.2359375
0 0.5859375 0.84140625 0.0484375 0.2265625
0 0.40390625 0.14453125 0.0234375 0.1390625
0 0.428125 0.14921875 0.0328125 0.1546875
0 0.22734375 0.20703125 0.025 0.146875
0 0.65078125 0.08125 0.03125 0.109375
0 0.14765625 0.90546875 0.0421875 0.1890625
0 0.13984375 0.88046875 0.0453125 0.2390625
0 0.29296875 0.1828125 0.03125 0.1609375
0 0.16796875 0.1109375 0.025 0.15
0 0.2 0.18203125 0.028125 0.1609375
0 0.98203125 0.7484375 0.0359375 0.209375
0 0.16328125 0.19296875 0.025 0.1578125
0 0.128125 0.19921875 0.0296875 0.146875
0 0.46875 0.05078125 0.0265625 0.1015625
0 0.21328125 0.29140625 0.03125 0.1765625
0 0.25234375 0.1734375 0.034375 0.16875
0 0.8859375 0.35546875 0.046875 0.1875
0 0.83125 0.33203125 0.0296875 0.171875
0 0.79140625 0.0671875 0.0296875 0.13125
0 0.9515625 0.3015625 0.0359375 0.1625
0 0.87578125 0.07109375 0.0265625 0.1421875
0 0.84140625 0.07109375 0.0265625 0.1421875
0 0.22578125 0.12265625 0.025 0.159375
0 0.21484375 0.03203125 0.0265625 0.0640625