0 0.84609375 0.65390625 0.053125 0.215625
0 0.35703125 0.65078125 0.040625 0.23125
0 0.915625 0.51640625 0.040625 0.1953125
0 0.49375 0.9328125 0.0421875 0.134375
0 0.37734375 0.24140625 0.0390625 0.1046875
0 0.3671875 0.32421875 0.0296875 0.1125
0 0.43203125 0.20703125 0.0390625 0.1578125
0 0.19453125 0.23515625 0.0265625 0.1546875
0 0.17421875 0.23828125 0.0359375 0.1765625
0 0.40625 0.140625 0.028125 0.146875
0 0.39921875 0.115625 0.0265625 0.15625
0 0.65078125 0.08046875 0.03125 0.109375
0 0.30546875 0.18671875 0.03125 0.1578125
0 0.17421875 0.05859375 0.0234375 0.1171875
0 0.20078125 0.1765625 0.025 0.159375
0 0.1625 0.19296875 0.025 0.1546875
0 0.1375 0.19921875 0.0265625 0.1546875
0 0.125 0.1796875 0.025 0.1703125
0 0.46640625 0.0234375 0.0265625 0.046875
0 0.17109375 0.71484375 0.04375 0.23125
0 0.5265625 0.5234375 0.034375 0.209375
0 0.48203125 0.540625 0.0359375 0.2109375
0 0.73203125 0.93828125 0.0515625 0.1234375
0 0.93671875 0.73984375 0.0484375 0.215625
0 0.971875 0.69921875 0.0421875 0.2359375
0 0.79296875 0.06953125 0.0296875 0.1390625
0 0.753125 0.07578125 0.0265625 0.1375
0 0.89765625 0.13046875 0.0265625 0.15625
0 0.8359375 0.1015625 0.0296875 0.140625
0 0.7859375 0.1515625 0.03125 0.14375
0 0.58203125 0.07109375 0.0296875 0.1421875
0 0.39375 0.03203125 0.021875 0.0640625
0 0.25859375 0.06328125 0.0234375 0.1265625
0 0.2359375 0.38203125 0.028125 0.1890625
0 0.19375 0.3875 0.0421875 0.1640625
0 0.22109375 0.13359375 0.03125 0.1609375
0 0.225 0.03671875 0.03125 0.0734375
0 0.1453125 0.05546875 0.028125 0.1109375
0 0.2640625 0.24375 0.0328125 0.171875
0 0.225 0.23828125 0.0296875 0.165625