0 0.84453125 0.65390625 0.05 0.215625
0 0.25625 0.609375 0.0453125 0.221875
0 0.915625 0.51796875 0.0515625 0.19375
0 0.48984375 0.9296875 0.0390625 0.140625
0 0.37734375 0.24140625 0.0390625 0.1046875
0 0.3671875 0.32421875 0.0296875 0.1125
0 0.4328125 0.21328125 0.0328125 0.1578125
0 0.1546875 0.3015625 0.03125 0.1703125
0 0.12734375 0.296875 0.028125 0.1875
0 0.609375 0.94921875 0.053125 0.1015625
0 0.403125 0.1484375 0.021875 0.140625
0 0.40234375 0.121875 0.0265625 0.159375
0 0.265625 0.12734375 0.0234375 0.14375
0 0.65078125 0.08125 0.03125 0.109375
0 0.3 0.184375 0.03125 0.1609375
0 0.1625 0.06796875 0.0265625 0.1359375
0 0.2 0.18203125 0.025 0.159375
0 0.1625 0.1921875 0.025 0.15625
0 0.13125 0.1984375 0.025 0.1484375
0 0.15078125 0.165625 0.0296875 0.1625
0 0.47109375 0.0359375 0.0265625 0.071875
0 0.19140625 0.3953125 0.034375 0.190625
0 0.25703125 0.0765625 0.0296875 0.153125
0 0.78203125 0.9265625 0.0453125 0.146875
0 0.73828125 0.9390625 0.04375 0.121875
0 0.85859375 0.25 0.034375 0.16875
0 0.7984375 0.24296875 0.028125 0.1625
0 0.7859375 0.0703125 0.03125 0.13125
0 0.25625 0.17578125 0.0234375 0.1609375
0 0.234375 0.18125 0.028125 0.14375
0 0.22734375 0.06953125 0.0296875 0.1390625
0 0.196875 0.065625 0.0265625 0.13125
0 0.84609375 0.01328125 0.015625 0.0265625
0 0.63046875 0.05703125 0.0359375 0.1140625