0 0.8453125 0.65390625 0.0515625 0.215625
0 0.3375 0.6515625 0.0390625 0.225
0 0.91640625 0.515625 0.0375 0.196875
0 0.475 0.9359375 0.046875 0.128125
0 0.37734375 0.24140625 0.0390625 0.1046875
0 0.3671875 0.32421875 0.0296875 0.1125
0 0.4203125 0.2015625 0.0265625 0.1640625
0 0.19140625 0.25 0.025 0.1609375
0 0.159375 0.24609375 0.0296875 0.1828125
0 0.4046875 0.1390625 0.0296875 0.146875
0 0.39921875 0.1140625 0.0296875 0.15625
0 0.2421875 0.040625 0.021875 0.08125
0 0.65078125 0.08046875 0.03125 0.109375
0 0.30078125 0.18671875 0.03125 0.1609375
0 0.17421875 0.05859375 0.0234375 0.1171875
0 0.19921875 0.17890625 0.025 0.159375
0 0.1625 0.19140625 0.025 0.15625
0 0.13359375 0.19921875 0.0265625 0.1515625
0 0.12109375 0.18046875 0.0265625 0.16875
0 0.46640625 0.0234375 0.0265625 0.046875
0 0.16875 0.5890625 0.040625 0.21875
0 0.58515625 0.6671875 0.046875 0.234375
0 0.54765625 0.68203125 0.0390625 0.221875
0 0.8265625 0.1328125 0.03125 0.1609375
0 0.7625 0.12734375 0.0234375 0.146875
0 0.85078125 0.0578125 0.028125 0.115625
0 0.80390625 0.0484375 0.0234375 0.096875
0 0.7859375 0.09453125 0.03125 0.1359375
0 0.5640625 0.021875 0.021875 0.04375
0 0.38828125 0.02109375 0.0234375 0.0421875
0 0.27265625 0.03046875 0.01875 0.0609375
0 0.24375 0.3 0.028125 0.1765625
0 0.21953125 0.30234375 0.034375 0.1640625
0 0.1453125 0.05546875 0.0265625 0.1109375
0 0.26484375 0.165625 0.0328125 0.159375
0 0.23359375 0.1640625 0.028125 0.15625
0 0.41953125 0.0296875 0.0234375 0.059375