0 0.82109375 0.67578125 0.0375 0.2296875
0 0.25078125 0.1171875 0.0375 0.171875
0 0.4453125 0.6578125 0.0484375 0.23125
0 0.909375 0.51875 0.053125 0.19375
0 0.5546875 0.925 0.046875 0.15
0 0.37734375 0.24140625 0.0390625 0.1046875
0 0.3671875 0.32421875 0.0296875 0.1125
0 0.4296875 0.215625 0.0234375 0.1578125
0 0.53671875 0.07109375 0.0265625 0.1421875
0 0.5015625 0.06796875 0.03125 0.1359375
0 0.075 0.40859375 0.028125 0.175
0 0.49765625 0.684375 0.059375 0.2265625
0 0.53359375 0.69375 0.046875 0.20625
0 0.40546875 0.1515625 0.0265625 0.128125
0 0.384375 0.16015625 0.025 0.15625
0 0.39765625 0.03125 0.025 0.0625
0 0.15703125 0.27421875 0.028125 0.1609375
0 0.65078125 0.08125 0.03125 0.109375
0 0.1921875 0.7703125 0.0375 0.228125
0 0.1484375 0.7515625 0.05 0.24375
0 0.284375 0.15234375 0.0296875 0.15625
0 0.184375 0.1265625 0.0296875 0.15
0 0.2 0.18125 0.028125 0.1640625
0 0.7921875 0.61171875 0.0390625 0.1921875
0 0.16328125 0.19375 0.028125 0.1578125
0 0.12890625 0.19921875 0.0328125 0.146875
0 0.46796875 0.0609375 0.028125 0.121875
0 0.2375 0.20859375 0.0296875 0.1625
0 0.25234375 0.265625 0.0359375 0.1765625
0 0.96171875 0.44140625 0.0453125 0.1953125
0 0.87421875 0.41328125 0.0328125 0.184375
0 0.7984375 0.05078125 0.0296875 0.1015625
0 0.915625 0.2328125 0.0328125 0.153125
0 0.91328125 0.13125 0.0265625 0.1546875
0 0.8859375 0.12734375 0.0328125 0.1609375
0 0.92890625 0.20078125 0.0390625 0.1609375
0 0.22578125 0.07109375 0.0234375 0.1421875
0 0.2 0.06796875 0.0296875 0.125