0 0.81953125 0.671875 0.0390625 0.2296875
0 0.25078125 0.1109375 0.0375 0.1703125
0 0.44453125 0.6625 0.05 0.234375
0 0.90625 0.51875 0.059375 0.19375
0 0.55390625 0.92734375 0.046875 0.1453125
0 0.37734375 0.24140625 0.0390625 0.1046875
0 0.3671875 0.32421875 0.0296875 0.1125
0 0.4296875 0.21328125 0.0265625 0.1609375
0 0.5359375 0.06875 0.0265625 0.1375
0 0.50078125 0.06640625 0.03125 0.1328125
0 0.078125 0.40390625 0.0296875 0.1765625
0 0.503125 0.69921875 0.0609375 0.2296875
0 0.5359375 0.70625 0.040625 0.2046875
0 0.40546875 0.153125 0.0265625 0.1265625
0 0.384375 0.1609375 0.028125 0.1546875
0 0.396875 0.02421875 0.025 0.0484375
0 0.1625 0.26953125 0.028125 0.159375
0 0.65078125 0.08125 0.03125 0.109375
0 0.18671875 0.78671875 0.0375 0.23125
0 0.14140625 0.76484375 0.046875 0.2453125
0 0.28203125 0.15625 0.03125 0.1546875
0 0.184375 0.1265625 0.0296875 0.1515625
0 0.2 0.18125 0.028125 0.1640625
0 0.16328125 0.19375 0.028125 0.1578125
0 0.12890625 0.19921875 0.0328125 0.146875
0 0.46796875 0.059375 0.0265625 0.11875
0 0.234375 0.21640625 0.03125 0.165625
0 0.253125 0.25390625 0.0375 0.1765625
0 0.953125 0.43359375 0.0453125 0.196875
0 0.86953125 0.40546875 0.034375 0.184375
0 0.7984375 0.053125 0.0296875 0.10625
0 0.91328125 0.23671875 0.0359375 0.153125
0 0.903125 0.128125 0.025 0.15625
0 0.878125 0.12109375 0.0296875 0.1609375
0 0.9453125 0.215625 0.04375 0.1640625
0 0.22578125 0.07421875 0.0234375 0.146875
0 0.1984375 0.07421875 0.0296875 0.125