0 0.84609375 0.6546875 0.053125 0.215625
0 0.3625 0.640625 0.0390625 0.225
0 0.915625 0.51796875 0.040625 0.1953125
0 0.50078125 0.93046875 0.0421875 0.1390625
0 0.37734375 0.24140625 0.0390625 0.1046875
0 0.3671875 0.32421875 0.0296875 0.1125
0 0.43125 0.20703125 0.0375 0.1578125
0 0.18671875 0.240625 0.03125 0.178125
0 0.4046875 0.140625 0.0296875 0.146875
0 0.3984375 0.1125 0.028125 0.1546875
0 0.65078125 0.08046875 0.03125 0.109375
0 0.29921875 0.1859375 0.025 0.15625
0 0.17421875 0.059375 0.0234375 0.11875
0 0.2015625 0.18046875 0.0296875 0.159375
0 0.16328125 0.19296875 0.025 0.1546875
0 0.1328125 0.203125 0.0296875 0.153125
0 0.12421875 0.1765625 0.028125 0.1703125
0 0.153125 0.1609375 0.0296875 0.1578125
0 0.19375 0.8609375 0.046875 0.246875
0 0.50078125 0.40625 0.0390625 0.2
0 0.45703125 0.40859375 0.034375 0.190625
0 0.65625 0.7890625 0.0484375 0.25
0 0.93125 0.7421875 0.0515625 0.2296875
0 0.7734375 0.04609375 0.03125 0.0921875
0 0.74140625 0.046875 0.0234375 0.09375
0 0.93828125 0.22890625 0.0359375 0.165625
0 0.87265625 0.1890625 0.0296875 0.15625
0 0.7828125 0.21171875 0.0328125 0.15
0 0.6171875 0.165625 0.0328125 0.1546875
0 0.44453125 0.02890625 0.0265625 0.0578125
0 0.41640625 0.0265625 0.025 0.053125
0 0.3875 0.03828125 0.028125 0.0765625
0 0.26484375 0.12265625 0.028125 0.1421875
0 0.21953125 0.48203125 0.034375 0.196875
0 0.18359375 0.4875 0.04375 0.1828125
0 0.2453125 0.14609375 0.0265625 0.1625
0 0.2375 0.07109375 0.03125 0.1421875
0 0.21171875 0.05546875 0.028125 0.1109375
0 0.1296875 0.0578125 0.0234375 0.115625
0 0.23359375 0.31796875 0.0359375 0.1765625
0 0.18828125 0.3140625 0.0328125 0.1734375
0 0.2703125 0.2984375 0.034375 0.165625