0 0.84453125 0.653125 0.05 0.215625
0 0.3421875 0.61953125 0.0453125 0.23125
0 0.91328125 0.51796875 0.046875 0.19375
0 0.53359375 0.9359375 0.0390625 0.128125
0 0.37734375 0.24140625 0.0390625 0.1046875
0 0.3671875 0.32421875 0.0296875 0.1125
0 0.4328125 0.2125 0.034375 0.15625
0 0.51640625 0.02890625 0.0265625 0.0578125
0 0.48828125 0.02890625 0.0265625 0.0578125
0 0.3328125 0.12578125 0.0203125 0.13125
0 0.13984375 0.3265625 0.03125 0.1703125
0 0.103125 0.31796875 0.0296875 0.1890625
0 0.5953125 0.90703125 0.065625 0.1859375
0 0.63359375 0.91171875 0.05 0.1765625
0 0.403125 0.14453125 0.021875 0.140625
0 0.42421875 0.12578125 0.028125 0.153125
0 0.26640625 0.1609375 0.0234375 0.1453125
0 0.65078125 0.08125 0.03125 0.109375
0 0.153125 0.9625 0.04375 0.075
0 0.190625 0.93125 0.053125 0.1375
0 0.3046875 0.184375 0.0265625 0.1609375
0 0.16328125 0.08125 0.028125 0.146875
0 0.2 0.18203125 0.025 0.159375
0 0.1625 0.1921875 0.025 0.15625
0 0.12734375 0.1984375 0.028125 0.1484375
0 0.15859375 0.16640625 0.0296875 0.15625
0 0.465625 0.04140625 0.025 0.0828125
0 0.20546875 0.3453125 0.0328125 0.18125
0 0.265625 0.11953125 0.0328125 0.1609375
0 0.87421875 0.29609375 0.0359375 0.178125
0 0.82265625 0.27890625 0.0265625 0.165625
0 0.7859375 0.06953125 0.03125 0.13125
0 0.98984375 0.35078125 0.0203125 0.1640625
0 0.85546875 0.05078125 0.028125 0.1015625
0 0.23828125 0.14453125 0.025 0.15625
0 0.2171875 0.1546875 0.0265625 0.140625
0 0.234375 0.05078125 0.03125 0.1015625
0 0.20078125 0.046875 0.0265625 0.09375