0 0.84609375 0.6546875 0.053125 0.215625
0 0.3578125 0.63828125 0.0390625 0.225
0 0.915625 0.51796875 0.040625 0.1953125
0 0.5 0.93125 0.0421875 0.1375
0 0.37734375 0.24140625 0.0390625 0.1046875
0 0.3671875 0.32421875 0.0296875 0.1125
0 0.43125 0.20703125 0.0375 0.1578125
0 0.1953125 0.2421875 0.034375 0.1765625
0 0.4046875 0.140625 0.0296875 0.146875
0 0.396875 0.1109375 0.028125 0.153125
0 0.65078125 0.08046875 0.03125 0.109375
0 0.29921875 0.1859375 0.025 0.15625
0 0.17421875 0.059375 0.0234375 0.11875
0 0.20390625 0.1796875 0.0296875 0.1578125
0 0.16328125 0.19296875 0.025 0.1546875
0 0.1328125 0.203125 0.028125 0.153125
0 0.12265625 0.178125 0.028125 0.1703125
0 0.15234375 0.1609375 0.03125 0.1578125
0 0.19609375 0.8765625 0.046875 0.246875
0 0.5 0.39609375 0.034375 0.196875
0 0.45625 0.4046875 0.0328125 0.1953125
0 0.65 0.77265625 0.0453125 0.25
0 0.93046875 0.74140625 0.05 0.2296875
0 0.77109375 0.04453125 0.0328125 0.0890625
0 0.7375 0.04453125 0.0234375 0.0890625
0 0.94296875 0.23515625 0.0359375 0.165625
0 0.8765625 0.1984375 0.0296875 0.15625
0 0.7828125 0.21953125 0.034375 0.15
0 0.62265625 0.17578125 0.03125 0.1546875
0 0.4484375 0.03046875 0.025 0.0609375
0 0.415625 0.028125 0.025 0.05625
0 0.26640625 0.128125 0.028125 0.1421875
0 0.21953125 0.49140625 0.034375 0.1984375
0 0.18046875 0.49296875 0.04375 0.18125
0 0.24609375 0.1421875 0.028125 0.1625
0 0.23984375 0.07421875 0.03125 0.1453125
0 0.2109375 0.05859375 0.028125 0.1171875
0 0.12265625 0.059375 0.021875 0.11875
0 0.23203125 0.32578125 0.0359375 0.1765625
0 0.18515625 0.32578125 0.0328125 0.1765625
0 0.27265625 0.3109375 0.034375 0.16875