0 0.81171875 0.67421875 0.04375 0.2265625
0 0.253125 0.19765625 0.0375 0.1859375
0 0.20859375 0.653125 0.0546875 0.2296875
0 0.91484375 0.51875 0.040625 0.19375
0 0.503125 0.9203125 0.0375 0.159375
0 0.37734375 0.24140625 0.0390625 0.1046875
0 0.3671875 0.32421875 0.0296875 0.1125
0 0.42890625 0.21796875 0.03125 0.1609375
0 0.7703125 0.06328125 0.028125 0.1265625
0 0.5578125 0.14375 0.0265625 0.1484375
0 0.53046875 0.15078125 0.03125 0.16875
0 0.27890625 0.16875 0.0203125 0.1546875
0 0.49921875 0.11328125 0.0328125 0.159375
0 0.06875 0.409375 0.0265625 0.1734375
0 0.45234375 0.5 0.040625 0.1984375
0 0.48359375 0.50078125 0.0375 0.1859375
0 0.42265625 0.16171875 0.0234375 0.1421875
0 0.390625 0.16796875 0.0265625 0.15625
0 0.38125 0.07578125 0.025 0.1421875
0 0.1375 0.42421875 0.0296875 0.178125
0 0.65078125 0.08125 0.03125 0.109375
0 0.284375 0.54375 0.034375 0.2015625
0 0.23984375 0.5328125 0.040625 0.215625
0 0.29375 0.13515625 0.0234375 0.1546875
0 0.17734375 0.121875 0.028125 0.15
0 0.2015625 0.18046875 0.0296875 0.165625
0 0.49296875 0.44140625 0.034375 0.171875
0 0.16015625 0.2 0.028125 0.1578125
0 0.1234375 0.2 0.028125 0.1515625
0 0.15390625 0.1609375 0.0296875 0.1453125
0 0.45703125 0.03828125 0.021875 0.0765625
0 0.23203125 0.1203125 0.028125 0.15625
0 0.22890625 0.45390625 0.04375 0.2015625
0 0.971875 0.57421875 0.0359375 0.196875
0 0.9078125 0.125 0.03125 0.14375
0 0.83828125 0.053125 0.0359375 0.10625
0 0.2140625 0.92109375 0.053125 0.1578125
0 0.23046875 0.88359375 0.04375 0.2328125
0 0.22734375 0.02890625 0.021875 0.0578125
0 0.20390625 0.028125 0.021875 0.05625