0 0.8296875 0.68515625 0.046875 0.221875
0 0.25 0.18046875 0.0375 0.1828125
0 0.2671875 0.64453125 0.0484375 0.2265625
0 0.91484375 0.51875 0.040625 0.19375
0 0.515625 0.9265625 0.040625 0.146875
0 0.37734375 0.24140625 0.0390625 0.1046875
0 0.3671875 0.32421875 0.0296875 0.1125
0 0.42890625 0.21796875 0.03125 0.1609375
0 0.7640625 0.0515625 0.028125 0.103125
0 0.55234375 0.13203125 0.028125 0.1484375
0 0.51953125 0.13125 0.03125 0.165625
0 0.27890625 0.165625 0.01875 0.159375
0 0.496875 0.08984375 0.03125 0.1515625
0 0.06953125 0.41015625 0.0265625 0.175
0 0.459375 0.521875 0.0453125 0.2046875
0 0.4859375 0.53046875 0.0390625 0.1921875
0 0.409375 0.1546875 0.0203125 0.140625
0 0.384375 0.165625 0.03125 0.15625
0 0.38046875 0.0765625 0.025 0.1421875
0 0.13125 0.3953125 0.0296875 0.1703125
0 0.65078125 0.08125 0.03125 0.109375
0 0.22734375 0.56171875 0.0453125 0.2140625
0 0.29375 0.134375 0.025 0.153125
0 0.184375 0.12109375 0.028125 0.15
0 0.203125 0.17890625 0.028125 0.1625
0 0.53671875 0.46953125 0.03125 0.18125
0 0.16328125 0.19921875 0.028125 0.1578125
0 0.121875 0.2015625 0.0296875 0.1453125
0 0.1296875 0.18125 0.0234375 0.175
0 0.14765625 0.1546875 0.0296875 0.1609375
0 0.4515625 0.04375 0.025 0.0859375
0 0.23671875 0.1359375 0.0296875 0.159375
0 0.2453125 0.41484375 0.0375 0.19375
0 0.96953125 0.54140625 0.0359375 0.19375
0 0.92109375 0.14375 0.0296875 0.14375
0 0.9859375 0.13125 0.028125 0.146875
0 0.8515625 0.0640625 0.028125 0.128125
0 0.24296875 0.94765625 0.0515625 0.1046875
0 0.26484375 0.9125 0.046875 0.175
0 0.2296875 0.0359375 0.0234375 0.071875
0 0.20625 0.034375 0.021875 0.06875