0 0.734375 0.63671875 0.0546875 0.2234375
0 0.2390625 0.3953125 0.0421875 0.2109375
0 0.07421875 0.621875 0.04375 0.2296875
0 0.915625 0.51875 0.0390625 0.19375
0 0.6296875 0.94140625 0.04375 0.1171875
0 0.353125 0.81953125 0.053125 0.23125
0 0.37734375 0.24140625 0.0390625 0.1046875
0 0.3671875 0.32421875 0.0296875 0.1125
0 0.42890625 0.21796875 0.03125 0.1609375
0 0.78828125 0.13125 0.028125 0.1359375
0 0.77734375 0.25703125 0.028125 0.1609375
0 0.75 0.26953125 0.0296875 0.1796875
0 0.39609375 0.25546875 0.0375 0.1640625
0 0.52265625 0.265625 0.0359375 0.16875
0 0.0734375 0.41171875 0.0234375 0.1765625
0 0.44609375 0.253125 0.0296875 0.1703125
0 0.465625 0.26640625 0.0265625 0.159375
0 0.6875 0.26328125 0.0234375 0.15
0 0.64453125 0.2234375 0.0265625 0.1578125
0 0.3796875 0.07265625 0.028125 0.1453125
0 0.02890625 0.75390625 0.034375 0.209375
0 0.65078125 0.08046875 0.03125 0.109375
0 0.2796875 0.28671875 0.0390625 0.18125
0 0.240625 0.08203125 0.0265625 0.1484375
0 0.209375 0.09140625 0.028125 0.15
0 0.2921875 0.1359375 0.0234375 0.1546875
0 0.26640625 0.11171875 0.0296875 0.1484375
0 0.19921875 0.178125 0.0296875 0.1640625
0 0.26484375 0.1984375 0.028125 0.1453125
0 0.165625 0.19296875 0.028125 0.1578125
0 0.18828125 0.159375 0.021875 0.1609375
0 0.121875 0.1953125 0.0265625 0.1515625
0 0.1484375 0.16875 0.03125 0.1703125
0 0.2359375 0.896875 0.059375 0.20625