0 0.7328125 0.6359375 0.053125 0.2234375
0 0.24296875 0.27890625 0.0390625 0.1984375
0 0.07265625 0.62578125 0.0453125 0.2296875
0 0.915625 0.51875 0.040625 0.19375
0 0.50546875 0.91640625 0.0359375 0.1671875
0 0.353125 0.81953125 0.0515625 0.23125
0 0.37734375 0.24140625 0.0390625 0.1046875
0 0.3671875 0.32421875 0.0296875 0.1125
0 0.42890625 0.21796875 0.03125 0.1609375
0 0.78984375 0.13046875 0.028125 0.1375
0 0.63203125 0.19375 0.021875 0.1546875
0 0.5953125 0.20234375 0.028125 0.1703125
0 0.28125 0.19375 0.0234375 0.1640625
0 0.490625 0.209375 0.040625 0.165625
0 0.06875 0.409375 0.025 0.1734375
0 0.41875 0.38671875 0.0390625 0.1890625
0 0.4484375 0.3890625 0.0375 0.1765625
0 0.52109375 0.1859375 0.01875 0.1453125
0 0.43984375 0.178125 0.0359375 0.1578125
0 0.38046875 0.0734375 0.028125 0.146875
0 0.128125 0.55625 0.03125 0.1875
0 0.65078125 0.08125 0.03125 0.109375
0 0.325 0.41015625 0.03125 0.1859375
0 0.28125 0.41328125 0.0359375 0.2015625
0 0.25859375 0.0328125 0.0265625 0.065625
0 0.2203125 0.03359375 0.0234375 0.0671875
0 0.29296875 0.1359375 0.025 0.1546875
0 0.2015625 0.115625 0.0265625 0.1515625
0 0.1984375 0.178125 0.028125 0.1625
0 0.31875 0.33828125 0.0296875 0.1625
0 0.1640625 0.19375 0.028125 0.15625
0 0.1875 0.1640625 0.0234375 0.159375
0 0.12421875 0.19296875 0.028125 0.1515625
0 0.14609375 0.171875 0.025 0.165625
0 0.19375 0.0640625 0.028125 0.128125
0 0.228125 0.6328125 0.0484375 0.2265625
0 0.83125 0.06171875 0.0296875 0.1234375
0 0.096875 0.74765625 0.0546875 0.234375
0 0.0640625 0.6921875 0.0515625 0.2265625