0 0.7328125 0.6359375 0.053125 0.2234375
0 0.23984375 0.28671875 0.0390625 0.1984375
0 0.07265625 0.6234375 0.046875 0.2296875
0 0.915625 0.51875 0.040625 0.19375
0 0.5109375 0.91953125 0.0359375 0.1609375
0 0.353125 0.81953125 0.0515625 0.23125
0 0.37734375 0.24140625 0.0390625 0.1046875
0 0.3671875 0.32421875 0.0296875 0.1125
0 0.42890625 0.21796875 0.03125 0.1609375
0 0.78984375 0.13046875 0.028125 0.1375
0 0.63671875 0.2 0.021875 0.153125
0 0.603125 0.20859375 0.028125 0.1703125
0 0.2828125 0.19453125 0.0234375 0.1609375
0 0.48671875 0.21953125 0.0375 0.16875
0 0.06875 0.409375 0.025 0.1734375
0 0.07578125 0.39140625 0.0328125 0.1859375
0 0.41328125 0.37578125 0.0375 0.1859375
0 0.4421875 0.38125 0.0359375 0.1765625
0 0.5328125 0.19140625 0.0203125 0.1453125
0 0.45234375 0.1796875 0.03125 0.159375
0 0.38046875 0.0734375 0.028125 0.146875
0 0.13046875 0.5703125 0.03125 0.1890625
0 0.65078125 0.08125 0.03125 0.109375
0 0.32734375 0.39765625 0.03125 0.1796875
0 0.28125 0.403125 0.0375 0.2
0 0.25546875 0.0359375 0.025 0.071875
0 0.22109375 0.03671875 0.0234375 0.0734375
0 0.29296875 0.1359375 0.025 0.1546875
0 0.20703125 0.11328125 0.0265625 0.1515625
0 0.1984375 0.17734375 0.028125 0.1625
0 0.309375 0.33046875 0.028125 0.1640625
0 0.16328125 0.19453125 0.028125 0.1578125
0 0.18671875 0.16171875 0.021875 0.159375
0 0.12421875 0.19296875 0.028125 0.1515625
0 0.146875 0.171875 0.028125 0.165625
0 0.19296875 0.0640625 0.028125 0.128125
0 0.23125 0.65078125 0.04375 0.2265625
0 0.8234375 0.05859375 0.028125 0.1171875
0 0.08125 0.73046875 0.053125 0.234375
0 0.040625 0.68125 0.0578125 0.2234375