0 0.80390625 0.66875 0.04375 0.2265625
0 0.25390625 0.203125 0.0375 0.1859375
0 0.19140625 0.65390625 0.0546875 0.234375
0 0.91484375 0.51875 0.040625 0.19375
0 0.50234375 0.91953125 0.0390625 0.1609375
0 0.37734375 0.24140625 0.0390625 0.1046875
0 0.3671875 0.32421875 0.0296875 0.1125
0 0.42890625 0.21796875 0.03125 0.1609375
0 0.771875 0.06953125 0.028125 0.13125
0 0.56171875 0.14609375 0.028125 0.146875
0 0.53515625 0.15546875 0.03125 0.16875
0 0.27734375 0.16953125 0.0203125 0.15625
0 0.50078125 0.12109375 0.03125 0.1578125
0 0.06875 0.409375 0.0265625 0.1734375
0 0.45078125 0.490625 0.040625 0.1984375
0 0.48125 0.49140625 0.0359375 0.1828125
0 0.43203125 0.165625 0.025 0.1421875
0 0.3921875 0.16875 0.0234375 0.1546875
0 0.38046875 0.0734375 0.025 0.1453125
0 0.1375 0.4328125 0.0296875 0.1765625
0 0.65078125 0.08125 0.03125 0.109375
0 0.2890625 0.53046875 0.034375 0.196875
0 0.24609375 0.5203125 0.0359375 0.215625
0 0.29375 0.13515625 0.0234375 0.1546875
0 0.17734375 0.121875 0.028125 0.15
0 0.20078125 0.18046875 0.0296875 0.165625
0 0.47734375 0.43125 0.0328125 0.1703125
0 0.15859375 0.2 0.028125 0.1578125
0 0.125 0.1984375 0.0296875 0.1515625
0 0.459375 0.0359375 0.0203125 0.071875
0 0.23203125 0.11328125 0.03125 0.1546875
0 0.22890625 0.4671875 0.04375 0.2046875
0 0.97578125 0.58671875 0.0359375 0.1984375
0 0.9015625 0.11953125 0.0296875 0.1421875
0 0.83046875 0.046875 0.0296875 0.09375
0 0.203125 0.90859375 0.0515625 0.1828125
0 0.221875 0.871875 0.0484375 0.2515625
0 0.2015625 0.0265625 0.021875 0.053125