0 0.84609375 0.65546875 0.053125 0.21875
0 0.33515625 0.6203125 0.0546875 0.221875
0 0.915625 0.51875 0.040625 0.1953125
0 0.4890625 0.9375 0.0421875 0.125
0 0.37734375 0.24140625 0.0390625 0.1046875
0 0.3671875 0.32421875 0.0296875 0.1125
0 0.43125 0.20703125 0.0375 0.1578125
0 0.2046875 0.23359375 0.028125 0.1546875
0 0.228125 0.2421875 0.0375 0.1796875
0 0.4046875 0.14140625 0.0265625 0.1484375
0 0.3953125 0.10703125 0.0296875 0.1515625
0 0.65078125 0.08046875 0.03125 0.109375
0 0.29609375 0.1875 0.03125 0.1546875
0 0.171875 0.059375 0.021875 0.11875
0 0.21171875 0.17734375 0.0296875 0.1609375
0 0.16328125 0.19375 0.025 0.1546875
0 0.1984375 0.15703125 0.0234375 0.159375
0 0.13359375 0.20234375 0.028125 0.1546875
0 0.1171875 0.18125 0.025 0.1703125
0 0.1515625 0.1609375 0.0328125 0.15625
0 0.18984375 0.14453125 0.025 0.15
0 0.19921875 0.90703125 0.0484375 0.1859375
0 0.4984375 0.35546875 0.0359375 0.1921875
0 0.45546875 0.365625 0.03125 0.184375
0 0.63125 0.703125 0.046875 0.2390625
0 0.9296875 0.74140625 0.0484375 0.228125
0 0.76015625 0.034375 0.0296875 0.06875
0 0.72265625 0.03515625 0.0234375 0.0703125
0 0.9609375 0.2703125 0.034375 0.1734375
0 0.8890625 0.23125 0.03125 0.159375
0 0.7828125 0.24140625 0.0328125 0.146875
0 0.6453125 0.2109375 0.0328125 0.15625
0 0.45625 0.03671875 0.0265625 0.0734375
0 0.40703125 0.0390625 0.0265625 0.078125
0 0.27734375 0.15234375 0.028125 0.1421875
0 0.215625 0.52890625 0.0328125 0.20625
0 0.17734375 0.5328125 0.0453125 0.1890625
0 0.24296875 0.1421875 0.03125 0.1609375
0 0.2515625 0.09921875 0.03125 0.1484375
0 0.2125 0.06796875 0.0296875 0.1359375
0 0.23515625 0.06796875 0.025 0.1359375
0 0.2234375 0.353125 0.0375 0.1796875
0 0.17734375 0.35078125 0.0328125 0.178125
0 0.27734375 0.340625 0.034375 0.1703125