0 0.7359375 0.63671875 0.0546875 0.2234375
0 0.21640625 0.48046875 0.04375 0.2203125
0 0.07421875 0.6234375 0.04375 0.23125
0 0.91875 0.51953125 0.0390625 0.1953125
0 0.60390625 0.95 0.0390625 0.1
0 0.35390625 0.81953125 0.053125 0.23125
0 0.37734375 0.24140625 0.0390625 0.1046875
0 0.3671875 0.32421875 0.0296875 0.1125
0 0.42890625 0.21796875 0.03125 0.1609375
0 0.953125 0.28046875 0.034375 0.1671875
0 0.7875 0.13125 0.028125 0.1359375
0 0.8625 0.32421875 0.03125 0.1703125
0 0.5734375 0.27421875 0.0484375 0.165625
0 0.55546875 0.209375 0.0375 0.165625
0 0.128125 0.45078125 0.034375 0.18125
0 0.1453125 0.42734375 0.0296875 0.2
0 0.471875 0.19921875 0.0328125 0.165625
0 0.48828125 0.2015625 0.0265625 0.146875
0 0.55234375 0.0359375 0.025 0.071875
0 0.53203125 0.034375 0.0234375 0.06875
0 0.76328125 0.30234375 0.0265625 0.15625
0 0.74453125 0.25703125 0.025 0.159375
0 0.3796875 0.07265625 0.028125 0.1453125
0 0.40234375 0.01953125 0.0203125 0.0390625
0 0.0109375 0.9 0.021875 0.2
0 0.64296875 0.0859375 0.0390625 0.1046875
0 0.2890625 0.2234375 0.053125 0.175
0 0.25390625 0.1484375 0.0265625 0.159375
0 0.23046875 0.159375 0.028125 0.1578125
0 0.29140625 0.1359375 0.021875 0.1546875
0 0.26796875 0.11171875 0.025 0.1484375
0 0.1984375 0.17890625 0.028125 0.165625
0 0.1625 0.19140625 0.028125 0.1578125
0 0.1875 0.159375 0.0265625 0.1609375
0 0.125 0.19375 0.0234375 0.153125
0 0.14921875 0.16953125 0.0296875 0.1671875
0 0.6484375 0.0609375 0.0390625 0.121875