0 0.84609375 0.65390625 0.053125 0.215625
0 0.359375 0.646875 0.0453125 0.225
0 0.915625 0.5171875 0.040625 0.1953125
0 0.49375 0.93828125 0.0421875 0.1234375
0 0.37734375 0.24140625 0.0390625 0.1046875
0 0.3671875 0.32421875 0.0296875 0.1125
0 0.43125 0.20703125 0.0390625 0.1578125
0 0.17421875 0.2390625 0.0328125 0.178125
0 0.40390625 0.13828125 0.03125 0.1453125
0 0.65078125 0.08046875 0.03125 0.109375
0 0.30234375 0.18671875 0.0296875 0.1578125
0 0.17421875 0.059375 0.0234375 0.11875
0 0.20625 0.178125 0.028125 0.159375
0 0.16328125 0.19296875 0.025 0.1546875
0 0.1375 0.19921875 0.028125 0.1546875
0 0.128125 0.18828125 0.040625 0.153125
0 0.46640625 0.0234375 0.0265625 0.046875
0 0.18828125 0.803125 0.0453125 0.24375
0 0.51015625 0.44765625 0.0375 0.1953125
0 0.46328125 0.4625 0.0328125 0.196875
0 0.6828125 0.87109375 0.05 0.2546875
0 0.9328125 0.74140625 0.0484375 0.2296875
0 0.78828125 0.05546875 0.03125 0.1109375
0 0.7515625 0.0578125 0.0234375 0.115625
0 0.91796875 0.190625 0.0296875 0.1625
0 0.8578125 0.15390625 0.0296875 0.15
0 0.78359375 0.184375 0.03125 0.14375
0 0.60234375 0.12578125 0.03125 0.1515625
0 0.43671875 0.021875 0.0234375 0.04375
0 0.37421875 0.0390625 0.0515625 0.078125
0 0.26015625 0.096875 0.028125 0.1390625
0 0.2234375 0.4421875 0.03125 0.19375
0 0.190625 0.4453125 0.040625 0.178125
0 0.23828125 0.14375 0.028125 0.1625
0 0.23125 0.05625 0.034375 0.1125
0 0.2125 0.04296875 0.0265625 0.0859375
0 0.1453125 0.05546875 0.028125 0.1109375
0 0.25 0.28828125 0.0359375 0.1765625
0 0.20546875 0.2890625 0.03125 0.1703125
0 0.2625 0.26796875 0.03125 0.1640625