0 0.8265625 0.6640625 0.040625 0.225
0 0.25234375 0.09375 0.0390625 0.1671875
0 0.446875 0.68125 0.0390625 0.2390625
0 0.9171875 0.51953125 0.0375 0.190625
0 0.55625 0.9328125 0.046875 0.134375
0 0.37734375 0.24140625 0.0390625 0.1046875
0 0.3671875 0.32421875 0.0296875 0.1125
0 0.42578125 0.2125 0.03125 0.159375
0 0.53359375 0.0578125 0.028125 0.115625
0 0.49921875 0.05859375 0.0296875 0.1171875
0 0.3 0.12890625 0.0203125 0.14375
0 0.09140625 0.3921875 0.0328125 0.1796875
0 0.06171875 0.37421875 0.021875 0.2
0 0.5140625 0.75 0.065625 0.2359375
0 0.55078125 0.75546875 0.040625 0.21875
0 0.3890625 0.16171875 0.034375 0.1546875
0 0.1796875 0.24375 0.0265625 0.15625
0 0.65078125 0.08125 0.03125 0.109375
0 0.17265625 0.8390625 0.0375 0.240625
0 0.1328125 0.81484375 0.0484375 0.2484375
0 0.2796875 0.165625 0.03125 0.159375
0 0.175 0.12578125 0.025 0.153125
0 0.2 0.18203125 0.028125 0.1625
0 0.88671875 0.659375 0.0359375 0.1953125
0 0.16328125 0.19375 0.028125 0.1578125
0 0.12890625 0.19921875 0.0328125 0.146875
0 0.4703125 0.0578125 0.025 0.115625
0 0.22421875 0.2421875 0.03125 0.16875
0 0.259375 0.221875 0.034375 0.175
0 0.9234375 0.409375 0.0421875 0.1984375
0 0.859375 0.378125 0.03125 0.18125
0 0.79296875 0.0609375 0.0296875 0.121875
0 0.92109375 0.26015625 0.034375 0.1609375
0 0.8890625 0.10625 0.0265625 0.153125
0 0.85703125 0.10234375 0.0296875 0.1625
0 0.97421875 0.25859375 0.0421875 0.1734375
0 0.2203125 0.090625 0.0234375 0.146875
0 0.19375 0.09765625 0.0296875 0.1359375