0 0.85234375 0.68515625 0.053125 0.2265625
0 0.259375 0.1515625 0.0359375 0.1765625
0 0.37734375 0.62421875 0.046875 0.221875
0 0.91484375 0.51875 0.0421875 0.19375
0 0.53125 0.9234375 0.046875 0.153125
0 0.37734375 0.24140625 0.0390625 0.1046875
0 0.3671875 0.32421875 0.0296875 0.1125
0 0.428125 0.21796875 0.0296875 0.159375
0 0.76953125 0.03203125 0.0265625 0.0640625
0 0.5375 0.10703125 0.028125 0.1484375
0 0.5078125 0.0953125 0.0328125 0.1578125
0 0.49140625 0.053125 0.03125 0.10625
0 0.06953125 0.409375 0.0265625 0.1734375
0 0.4703125 0.59375 0.0546875 0.215625
0 0.503125 0.59609375 0.0421875 0.1953125
0 0.40625 0.16171875 0.0328125 0.1109375
0 0.38515625 0.1609375 0.0328125 0.1546875
0 0.38515625 0.06171875 0.0265625 0.1234375
0 0.11953125 0.334375 0.028125 0.1640625
0 0.65078125 0.08125 0.03125 0.109375
0 0.2359375 0.6671875 0.0375 0.21875
0 0.18046875 0.64375 0.04375 0.225
0 0.3 0.13671875 0.0296875 0.1515625
0 0.18203125 0.1265625 0.03125 0.1515625
0 0.2 0.18046875 0.028125 0.1625
0 0.634375 0.53984375 0.0296875 0.1890625
0 0.16171875 0.19453125 0.028125 0.1578125
0 0.19140625 0.1609375 0.0265625 0.159375
0 0.1296875 0.20234375 0.034375 0.14375
0 0.4453125 0.05703125 0.0296875 0.1140625
0 0.234375 0.16171875 0.0265625 0.1609375
0 0.2578125 0.3390625 0.0390625 0.1875
0 0.9265625 0.478125 0.0359375 0.1921875
0 0.93828125 0.18515625 0.0328125 0.1515625
0 0.9453125 0.13828125 0.0359375 0.1546875
0 0.9890625 0.13984375 0.021875 0.1640625
0 0.8734375 0.1234375 0.0328125 0.1546875
0 0.23203125 0.04921875 0.0234375 0.0984375
0 0.20390625 0.0515625 0.0328125 0.103125