0 0.84453125 0.65390625 0.05 0.215625
0 0.21953125 0.6140625 0.034375 0.2265625
0 0.915625 0.5171875 0.05 0.1921875
0 0.459375 0.93203125 0.04375 0.1359375
0 0.37734375 0.24140625 0.0390625 0.1046875
0 0.3671875 0.32421875 0.0296875 0.1125
0 0.4296875 0.21015625 0.0234375 0.1609375
0 0.1734375 0.2734375 0.0296875 0.1625
0 0.1484375 0.27109375 0.0296875 0.18125
0 0.40234375 0.14453125 0.025 0.140625
0 0.2578125 0.084375 0.0234375 0.128125
0 0.65078125 0.08046875 0.03125 0.109375
0 0.3046875 0.1828125 0.028125 0.1625
0 0.1828125 0.059375 0.0265625 0.11875
0 0.19921875 0.18125 0.025 0.159375
0 0.1625 0.19296875 0.025 0.15625
0 0.13203125 0.196875 0.025 0.1515625
0 0.12109375 0.17890625 0.0265625 0.1703125
0 0.47109375 0.02890625 0.0265625 0.0578125
0 0.17265625 0.45859375 0.0375 0.196875
0 0.7015625 0.84921875 0.04375 0.246875
0 0.6546875 0.8765625 0.046875 0.246875
0 0.8515625 0.20546875 0.034375 0.16875
0 0.78046875 0.19765625 0.0265625 0.159375
0 0.74140625 0.0203125 0.0234375 0.040625
0 0.7859375 0.07109375 0.0296875 0.13125
0 0.2640625 0.21953125 0.025 0.1625
0 0.23359375 0.221875 0.0390625 0.1515625
0 0.146875 0.05546875 0.025 0.1109375
0 0.22890625 0.0984375 0.03125 0.146875
0 0.19921875 0.09609375 0.028125 0.140625
0 0.83828125 0.0171875 0.0203125 0.034375
0 0.5390625 0.040625 0.0359375 0.08125