0 0.73515625 0.63671875 0.053125 0.2234375
0 0.22421875 0.4484375 0.0453125 0.2171875
0 0.07421875 0.62265625 0.04375 0.23125
0 0.915625 0.51875 0.0390625 0.19375
0 0.6359375 0.953125 0.0390625 0.09375
0 0.35390625 0.81953125 0.053125 0.23125
0 0.37734375 0.24140625 0.0390625 0.1046875
0 0.3671875 0.32421875 0.0296875 0.1125
0 0.42890625 0.21796875 0.03125 0.1609375
0 0.975 0.31953125 0.0375 0.1765625
0 0.7875 0.13125 0.028125 0.1359375
0 0.83671875 0.29765625 0.0296875 0.165625
0 0.79609375 0.2953125 0.03125 0.178125
0 0.509375 0.26484375 0.046875 0.1625
0 0.5453125 0.23046875 0.040625 0.16875
0 0.11171875 0.43046875 0.034375 0.178125
0 0.465625 0.21796875 0.0296875 0.16875
0 0.4875 0.221875 0.0265625 0.1515625
0 0.5515625 0.0234375 0.0234375 0.046875
0 0.53203125 0.02265625 0.021875 0.0453125
0 0.7390625 0.284375 0.0234375 0.15625
0 0.7171875 0.24921875 0.0265625 0.1546875
0 0.3796875 0.07265625 0.028125 0.1453125
0 0.01640625 0.85703125 0.0328125 0.2203125
0 0.64765625 0.08203125 0.0390625 0.109375
0 0.27421875 0.240625 0.046875 0.175
0 0.246875 0.1234375 0.0265625 0.153125
0 0.22578125 0.1359375 0.0265625 0.153125
0 0.2921875 0.1359375 0.0234375 0.1546875
0 0.2671875 0.11171875 0.028125 0.1484375
0 0.1984375 0.178125 0.028125 0.1640625
0 0.21484375 0.1515625 0.0265625 0.14375
0 0.1609375 0.19140625 0.028125 0.1578125
0 0.1890625 0.1609375 0.0265625 0.1609375
0 0.1234375 0.19375 0.025 0.1515625
0 0.14375 0.16875 0.025 0.16875
0 0.2234375 0.96171875 0.0484375 0.0765625