0 0.734375 0.63671875 0.0546875 0.2234375
0 0.23984375 0.39375 0.0421875 0.2109375
0 0.07421875 0.621875 0.04375 0.2296875
0 0.915625 0.51875 0.0390625 0.19375
0 0.62734375 0.940625 0.04375 0.11875
0 0.353125 0.81953125 0.053125 0.23125
0 0.3671875 0.32421875 0.0296875 0.1125
0 0.42890625 0.21796875 0.03125 0.1609375
0 0.78828125 0.13125 0.028125 0.1359375
0 0.77421875 0.25625 0.028125 0.1609375
0 0.74765625 0.26875 0.0296875 0.178125
0 0.39296875 0.25390625 0.034375 0.1625
0 0.52109375 0.26640625 0.0359375 0.16875
0 0.07265625 0.4109375 0.025 0.1765625
0 0.44453125 0.25546875 0.0296875 0.1703125
0 0.46484375 0.26796875 0.028125 0.15625
0 0.684375 0.2609375 0.0234375 0.15
0 0.64140625 0.22265625 0.03125 0.159375
0 0.3796875 0.07265625 0.028125 0.1453125
0 0.0296875 0.75078125 0.0328125 0.2078125
0 0.65078125 0.08046875 0.03125 0.109375
0 0.2796875 0.2890625 0.0390625 0.1828125
0 0.240625 0.08125 0.0265625 0.146875
0 0.20859375 0.0890625 0.0265625 0.15
0 0.2921875 0.1359375 0.0234375 0.1546875
0 0.26640625 0.11171875 0.0296875 0.1484375
0 0.19921875 0.178125 0.028125 0.1640625
0 0.26484375 0.2 0.028125 0.1453125
0 0.165625 0.19296875 0.028125 0.1578125
0 0.18828125 0.15859375 0.021875 0.1609375
0 0.12109375 0.1953125 0.0265625 0.1515625
0 0.14921875 0.16875 0.03125 0.1703125
0 0.234375 0.89375 0.0578125 0.2109375