0 0.8453125 0.65390625 0.0515625 0.215625
0 0.30234375 0.64296875 0.0484375 0.228125
0 0.9171875 0.515625 0.040625 0.1953125
0 0.47734375 0.9421875 0.046875 0.115625
0 0.37734375 0.24140625 0.0390625 0.1046875
0 0.3671875 0.32421875 0.0296875 0.1125
0 0.42265625 0.203125 0.0328125 0.159375
0 0.18515625 0.2546875 0.028125 0.1578125
0 0.1578125 0.246875 0.0296875 0.178125
0 0.403125 0.14140625 0.0265625 0.14375
0 0.25078125 0.05 0.021875 0.1
0 0.65078125 0.08046875 0.03125 0.109375
0 0.29921875 0.18671875 0.03125 0.1609375
0 0.17421875 0.05859375 0.0234375 0.1171875
0 0.19921875 0.1796875 0.025 0.159375
0 0.13359375 0.19921875 0.025 0.1515625
0 0.12109375 0.17890625 0.0265625 0.1703125
0 0.46640625 0.0234375 0.0265625 0.046875
0 0.17265625 0.54921875 0.0390625 0.209375
0 0.6078125 0.71171875 0.0453125 0.2359375
0 0.571875 0.7265625 0.040625 0.23125
0 0.83359375 0.15078125 0.03125 0.1609375
0 0.76640625 0.14765625 0.0296875 0.15
0 0.82578125 0.0453125 0.028125 0.090625
0 0.790625 0.08515625 0.0296875 0.1359375
0 0.2484375 0.2765625 0.0265625 0.171875
0 0.221875 0.278125 0.0359375 0.159375
0 0.1453125 0.05546875 0.025 0.1109375
0 0.2578125 0.1453125 0.03125 0.1546875
0 0.228125 0.14765625 0.0296875 0.1546875
0 0.44140625 0.03046875 0.0265625 0.0609375