0 0.8453125 0.65390625 0.0515625 0.215625
0 0.24296875 0.6265625 0.046875 0.228125
0 0.91484375 0.51640625 0.046875 0.190625
0 0.459375 0.9375 0.04375 0.125
0 0.37734375 0.24140625 0.0390625 0.1046875
0 0.3671875 0.32421875 0.0296875 0.1125
0 0.4203125 0.20625 0.0265625 0.1625
0 0.184375 0.26328125 0.028125 0.159375
0 0.1484375 0.2625 0.0296875 0.184375
0 0.403125 0.1453125 0.0234375 0.1390625
0 0.25234375 0.065625 0.021875 0.13125
0 0.65078125 0.08046875 0.03125 0.109375
0 0.3015625 0.18671875 0.0296875 0.1625
0 0.17578125 0.05859375 0.0234375 0.1171875
0 0.19921875 0.18046875 0.025 0.159375
0 0.1625 0.19140625 0.025 0.15625
0 0.1359375 0.19921875 0.0265625 0.1515625
0 0.12109375 0.178125 0.0265625 0.171875
0 0.46796875 0.02578125 0.0265625 0.0515625
0 0.1734375 0.49921875 0.0375 0.20625
0 0.65859375 0.784375 0.0453125 0.2375
0 0.6171875 0.8125 0.04375 0.2453125
0 0.846875 0.18125 0.0296875 0.1640625
0 0.77734375 0.175 0.028125 0.1546875
0 0.7859375 0.0734375 0.03125 0.13125
0 0.26015625 0.24296875 0.025 0.16875
0 0.228125 0.24296875 0.040625 0.15
0 0.14609375 0.05546875 0.025 0.1109375
0 0.2390625 0.11953125 0.0296875 0.1515625
0 0.209375 0.1203125 0.0265625 0.15625
0 0.83046875 0.01640625 0.0203125 0.0328125
0 0.4953125 0.0359375 0.0328125 0.071875