0 0.8453125 0.65390625 0.0515625 0.215625
0 0.3328125 0.65 0.0375 0.2234375
0 0.91640625 0.515625 0.0375 0.196875
0 0.475 0.9375 0.046875 0.125
0 0.37734375 0.24140625 0.0390625 0.1046875
0 0.3671875 0.32421875 0.0296875 0.1125
0 0.4203125 0.2015625 0.025 0.1640625
0 0.18984375 0.25078125 0.025 0.1609375
0 0.159375 0.246875 0.0296875 0.18125
0 0.40390625 0.1390625 0.028125 0.146875
0 0.4 0.115625 0.03125 0.15625
0 0.24375 0.0421875 0.021875 0.084375
0 0.65078125 0.08046875 0.03125 0.109375
0 0.30078125 0.18671875 0.03125 0.1609375
0 0.17421875 0.05859375 0.0234375 0.1171875
0 0.19921875 0.17890625 0.025 0.159375
0 0.1625 0.19140625 0.025 0.15625
0 0.13359375 0.19921875 0.0265625 0.1515625
0 0.12109375 0.18046875 0.0265625 0.16875
0 0.46640625 0.0234375 0.0265625 0.046875
0 0.16953125 0.58203125 0.040625 0.215625
0 0.5875 0.6765625 0.0515625 0.2359375
0 0.55078125 0.6890625 0.040625 0.225
0 0.828125 0.13359375 0.03125 0.1609375
0 0.7625 0.13046875 0.0234375 0.1484375
0 0.846875 0.05703125 0.028125 0.1140625
0 0.78671875 0.09375 0.03125 0.1359375
0 0.5625 0.02109375 0.021875 0.0421875
0 0.38828125 0.01953125 0.0234375 0.0390625
0 0.271875 0.02890625 0.01875 0.0578125
0 0.24453125 0.296875 0.028125 0.1765625
0 0.2203125 0.29921875 0.034375 0.1640625
0 0.1453125 0.05546875 0.0265625 0.1109375
0 0.2640625 0.165625 0.0328125 0.1609375
0 0.23359375 0.16171875 0.028125 0.15625
0 0.421875 0.0296875 0.0234375 0.059375