0 0.7515625 0.63203125 0.0515625 0.2265625
0 0.25390625 0.24765625 0.0390625 0.19375
0 0.09609375 0.63828125 0.04375 0.2296875
0 0.915625 0.51875 0.040625 0.19375
0 0.5078125 0.91953125 0.040625 0.1609375
0 0.37734375 0.24140625 0.0390625 0.1046875
0 0.42890625 0.21796875 0.03125 0.1609375
0 0.78359375 0.11484375 0.0265625 0.1359375
0 0.60703125 0.16953125 0.0265625 0.1515625
0 0.56796875 0.18671875 0.028125 0.171875
0 0.28046875 0.1890625 0.0296875 0.165625
0 0.50546875 0.17578125 0.0359375 0.1625
0 0.06875 0.409375 0.025 0.1734375
0 0.05 0.3921875 0.0453125 0.1875
0 0.4359375 0.41796875 0.0421875 0.19375
0 0.4703125 0.421875 0.0421875 0.175
0 0.47421875 0.17265625 0.025 0.1421875
0 0.4078125 0.16953125 0.0234375 0.1578125
0 0.3796875 0.0734375 0.0265625 0.146875
0 0.13359375 0.51171875 0.0296875 0.184375
0 0.65078125 0.08125 0.03125 0.109375
0 0.315625 0.45078125 0.0328125 0.1875
0 0.27109375 0.45 0.0359375 0.2078125
0 0.2328125 0.0234375 0.0296875 0.046875
0 0.29296875 0.1359375 0.025 0.1546875
0 0.19765625 0.18046875 0.025 0.1625
0 0.3671875 0.3703125 0.028125 0.1609375
0 0.1640625 0.19375 0.028125 0.15625
0 0.1875 0.1640625 0.025 0.1625
0 0.12421875 0.19296875 0.028125 0.1515625
0 0.14140625 0.17265625 0.021875 0.16875
0 0.20625 0.07578125 0.03125 0.146875
0 0.22265625 0.56328125 0.04375 0.21875
0 0.98515625 0.665625 0.0296875 0.215625
0 0.85859375 0.08046875 0.0328125 0.1359375
0 0.78515625 0.01796875 0.0234375 0.0359375
0 0.1453125 0.81640625 0.0453125 0.2515625
0 0.134375 0.74296875 0.0484375 0.234375