0 0.8453125 0.65390625 0.0515625 0.215625
0 0.31484375 0.646875 0.034375 0.2359375
0 0.91640625 0.515625 0.0375 0.196875
0 0.47734375 0.94296875 0.0453125 0.1140625
0 0.37734375 0.24140625 0.0390625 0.1046875
0 0.3671875 0.32421875 0.0296875 0.1125
0 0.421875 0.2015625 0.0296875 0.1609375
0 0.1859375 0.2515625 0.028125 0.159375
0 0.159375 0.246875 0.0296875 0.178125
0 0.403125 0.1390625 0.0265625 0.1453125
0 0.246875 0.04453125 0.021875 0.0890625
0 0.65078125 0.08046875 0.03125 0.109375
0 0.3 0.18671875 0.03125 0.1609375
0 0.17421875 0.05859375 0.0234375 0.1171875
0 0.19921875 0.17890625 0.025 0.159375
0 0.13359375 0.19921875 0.0265625 0.1515625
0 0.12109375 0.1796875 0.0265625 0.16875
0 0.46640625 0.0234375 0.0265625 0.046875
0 0.17109375 0.56328125 0.040625 0.209375
0 0.5984375 0.6890625 0.0390625 0.228125
0 0.56328125 0.7140625 0.0390625 0.23125
0 0.8328125 0.14453125 0.03125 0.1625
0 0.76484375 0.1390625 0.0234375 0.1484375
0 0.83359375 0.0515625 0.0296875 0.103125
0 0.7890625 0.0859375 0.0296875 0.1359375
0 0.2765625 0.02578125 0.0203125 0.0515625
0 0.24609375 0.28203125 0.0265625 0.1734375
0 0.2203125 0.2859375 0.0375 0.1609375
0 0.1453125 0.05546875 0.025 0.1109375
0 0.2609375 0.15390625 0.03125 0.1546875
0 0.2328125 0.15234375 0.0296875 0.1546875
0 0.4328125 0.03046875 0.0328125 0.0609375