0 0.853125 0.69609375 0.04375 0.225
0 0.25390625 0.15625 0.0359375 0.1796875
0 0.34921875 0.63046875 0.05 0.228125
0 0.91484375 0.51875 0.0421875 0.19375
0 0.5296875 0.9171875 0.046875 0.165625
0 0.37734375 0.24140625 0.0390625 0.1046875
0 0.3671875 0.32421875 0.0296875 0.1125
0 0.42890625 0.21796875 0.03125 0.1609375
0 0.76015625 0.03671875 0.0265625 0.0734375
0 0.540625 0.11640625 0.028125 0.1484375
0 0.51015625 0.10546875 0.03125 0.1609375
0 0.27421875 0.146875 0.0265625 0.15625
0 0.49296875 0.06015625 0.0296875 0.1203125
0 0.06953125 0.409375 0.0265625 0.1734375
0 0.46328125 0.5703125 0.04375 0.2140625
0 0.49609375 0.5765625 0.0375 0.196875
0 0.40546875 0.15859375 0.03125 0.115625
0 0.38203125 0.1625 0.0296875 0.1546875
0 0.38125 0.0671875 0.0265625 0.134375
0 0.12109375 0.353125 0.028125 0.1703125
0 0.65078125 0.08125 0.03125 0.109375
0 0.24765625 0.63359375 0.0375 0.2109375
0 0.19296875 0.621875 0.0484375 0.2296875
0 0.2953125 0.134375 0.0296875 0.1515625
0 0.18125 0.1265625 0.0328125 0.1515625
0 0.2 0.1796875 0.028125 0.1640625
0 0.6 0.52109375 0.0390625 0.1859375
0 0.16015625 0.19453125 0.028125 0.15625
0 0.128125 0.20078125 0.0296875 0.1453125
0 0.44453125 0.053125 0.028125 0.10625
0 0.23671875 0.153125 0.0296875 0.1609375
0 0.2515625 0.36328125 0.04375 0.1953125
0 0.94375 0.4953125 0.0359375 0.19375
0 0.93984375 0.175 0.034375 0.15
0 0.946875 0.134375 0.0328125 0.1546875
0 0.871875 0.10546875 0.0390625 0.1546875
0 0.315625 0.9625 0.046875 0.075
0 0.23359375 0.04296875 0.025 0.0859375
0 0.20703125 0.04765625 0.0328125 0.0953125