0 0.78203125 0.65703125 0.046875 0.2296875
0 0.25546875 0.21640625 0.0375 0.1890625
0 0.146875 0.6515625 0.0515625 0.234375
0 0.91484375 0.51875 0.040625 0.19375
0 0.50859375 0.9234375 0.04375 0.153125
0 0.37734375 0.24140625 0.0390625 0.1046875
0 0.3671875 0.32421875 0.0296875 0.1125
0 0.42890625 0.21796875 0.03125 0.1609375
0 0.77578125 0.08671875 0.028125 0.134375
0 0.578125 0.15703125 0.0265625 0.146875
0 0.54296875 0.16796875 0.03125 0.16875
0 0.2796875 0.17734375 0.0234375 0.159375
0 0.50390625 0.1453125 0.0328125 0.1625
0 0.06875 0.409375 0.0265625 0.1734375
0 0.44765625 0.46171875 0.0484375 0.2
0 0.48125 0.4640625 0.040625 0.1796875
0 0.44375 0.171875 0.0328125 0.14375
0 0.4 0.171875 0.0234375 0.15625
0 0.3796875 0.0734375 0.0265625 0.146875
0 0.13828125 0.46484375 0.03125 0.18125
0 0.65078125 0.08125 0.03125 0.109375
0 0.29765625 0.496875 0.034375 0.196875
0 0.25703125 0.49296875 0.03125 0.209375
0 0.29375 0.1359375 0.0234375 0.1546875
0 0.178125 0.121875 0.028125 0.15
0 0.19765625 0.18203125 0.025 0.1625
0 0.4296875 0.4109375 0.0328125 0.1703125
0 0.16171875 0.19921875 0.028125 0.1578125
0 0.1890625 0.1640625 0.0234375 0.1625
0 0.128125 0.19453125 0.028125 0.1484375
0 0.13984375 0.17578125 0.025 0.1703125
0 0.459375 0.02890625 0.01875 0.0578125
0 0.2234375 0.09609375 0.0296875 0.1515625
0 0.22109375 0.50546875 0.0421875 0.2109375
0 0.9796875 0.6109375 0.034375 0.2015625
0 0.8859375 0.10546875 0.0296875 0.1421875
0 0.17890625 0.88203125 0.0515625 0.2359375
0 0.190625 0.81640625 0.04375 0.24375