0 0.7328125 0.6359375 0.053125 0.2234375
0 0.23828125 0.3015625 0.0390625 0.2015625
0 0.07265625 0.6203125 0.05 0.2296875
0 0.915625 0.51875 0.040625 0.19375
0 0.525 0.92421875 0.0359375 0.1515625
0 0.353125 0.81953125 0.053125 0.23125
0 0.37734375 0.24140625 0.0390625 0.1046875
0 0.3671875 0.32421875 0.0296875 0.1125
0 0.42890625 0.21796875 0.03125 0.1609375
0 0.78984375 0.13046875 0.028125 0.1375
0 0.65 0.21015625 0.0265625 0.1515625
0 0.62265625 0.21875 0.0359375 0.1703125
0 0.290625 0.2 0.0296875 0.146875
0 0.47734375 0.23828125 0.0421875 0.1734375
0 0.06875 0.409375 0.025 0.1734375
0 0.07890625 0.39140625 0.0296875 0.1859375
0 0.4078125 0.35546875 0.0359375 0.1859375
0 0.434375 0.36171875 0.0375 0.1703125
0 0.56328125 0.203125 0.028125 0.146875
0 0.3796875 0.07265625 0.028125 0.1453125
0 0.1359375 0.6015625 0.0296875 0.190625
0 0.65078125 0.08125 0.03125 0.109375
0 0.3296875 0.37421875 0.03125 0.1765625
0 0.2875 0.38359375 0.0359375 0.1953125
0 0.2515625 0.04140625 0.025 0.0828125
0 0.29296875 0.1359375 0.025 0.1546875
0 0.22109375 0.11171875 0.034375 0.146875
0 0.1984375 0.17734375 0.028125 0.1625
0 0.29375 0.30234375 0.0296875 0.1546875
0 0.16328125 0.19453125 0.028125 0.1578125
0 0.18671875 0.16328125 0.021875 0.1609375
0 0.12421875 0.19296875 0.028125 0.1515625
0 0.146875 0.171875 0.0265625 0.1703125
0 0.19140625 0.0515625 0.028125 0.103125
0 0.23515625 0.6921875 0.0484375 0.234375
0 0.8140625 0.046875 0.028125 0.09375
0 0.053125 0.7015625 0.0609375 0.2265625