0 0.84609375 0.65390625 0.053125 0.215625
0 0.3578125 0.65078125 0.040625 0.23125
0 0.915625 0.51640625 0.040625 0.1953125
0 0.49375 0.9328125 0.0421875 0.134375
0 0.37734375 0.24140625 0.0390625 0.1046875
0 0.3671875 0.32421875 0.0296875 0.1125
0 0.4328125 0.2078125 0.0390625 0.1578125
0 0.19453125 0.23515625 0.0265625 0.1546875
0 0.17421875 0.23828125 0.0359375 0.1765625
0 0.40625 0.140625 0.028125 0.146875
0 0.39921875 0.115625 0.028125 0.15625
0 0.65078125 0.08046875 0.03125 0.109375
0 0.30625 0.1875 0.03125 0.159375
0 0.17421875 0.05859375 0.0234375 0.1171875
0 0.2 0.1765625 0.025 0.159375
0 0.1625 0.19296875 0.025 0.1546875
0 0.1375 0.19921875 0.0265625 0.1546875
0 0.12578125 0.1796875 0.025 0.1703125
0 0.46640625 0.0234375 0.0265625 0.046875
0 0.1703125 0.7109375 0.04375 0.23125
0 0.52734375 0.5265625 0.034375 0.209375
0 0.4828125 0.54375 0.0359375 0.2109375
0 0.73359375 0.94140625 0.0515625 0.1171875
0 0.9375 0.740625 0.05 0.2140625
0 0.9734375 0.69921875 0.0421875 0.2359375
0 0.79296875 0.0703125 0.0296875 0.140625
0 0.753125 0.07578125 0.0265625 0.1375
0 0.896875 0.12890625 0.0265625 0.1578125
0 0.83515625 0.1 0.03125 0.1390625
0 0.7859375 0.15 0.03125 0.14375
0 0.58125 0.0703125 0.03125 0.140625
0 0.39453125 0.03203125 0.0234375 0.0640625
0 0.25859375 0.06328125 0.021875 0.1265625
0 0.23671875 0.37890625 0.028125 0.1890625
0 0.19375 0.384375 0.04375 0.1640625
0 0.21875 0.1328125 0.0296875 0.159375
0 0.225 0.03671875 0.0296875 0.0734375
0 0.1453125 0.05546875 0.028125 0.1109375
0 0.2640625 0.24140625 0.0328125 0.1703125
0 0.22578125 0.2359375 0.0296875 0.1640625