0 0.84453125 0.653125 0.05 0.215625
0 0.3390625 0.61953125 0.0453125 0.23125
0 0.91328125 0.51796875 0.0484375 0.19375
0 0.5328125 0.9359375 0.0390625 0.128125
0 0.37734375 0.24140625 0.0390625 0.1046875
0 0.3671875 0.32421875 0.0296875 0.1125
0 0.4328125 0.2125 0.034375 0.15625
0 0.515625 0.02890625 0.025 0.0578125
0 0.4890625 0.02890625 0.028125 0.0578125
0 0.3328125 0.12578125 0.0203125 0.13125
0 0.13984375 0.32578125 0.0328125 0.1703125
0 0.103125 0.31640625 0.0296875 0.1875
0 0.59609375 0.9078125 0.065625 0.184375
0 0.63359375 0.9125 0.0484375 0.175
0 0.403125 0.14453125 0.021875 0.140625
0 0.4234375 0.125 0.0296875 0.1546875
0 0.26640625 0.16015625 0.0234375 0.1453125
0 0.65078125 0.08125 0.03125 0.109375
0 0.15390625 0.9640625 0.04375 0.071875
0 0.190625 0.9328125 0.053125 0.134375
0 0.30390625 0.184375 0.0265625 0.1609375
0 0.16328125 0.08046875 0.028125 0.146875
0 0.2 0.18203125 0.025 0.159375
0 0.1625 0.1921875 0.025 0.15625
0 0.128125 0.1984375 0.028125 0.1484375
0 0.1578125 0.16640625 0.0296875 0.15625
0 0.465625 0.04140625 0.025 0.0828125
0 0.20546875 0.3453125 0.0328125 0.18125
0 0.265625 0.11875 0.0328125 0.1609375
0 0.8734375 0.29453125 0.0359375 0.1796875
0 0.821875 0.278125 0.0265625 0.16875
0 0.7859375 0.06953125 0.03125 0.13125
0 0.990625 0.3515625 0.01875 0.1640625
0 0.8546875 0.05 0.028125 0.1
0 0.23828125 0.1453125 0.025 0.1578125
0 0.2171875 0.15546875 0.0265625 0.140625
0 0.234375 0.05078125 0.03125 0.1015625
0 0.20078125 0.04765625 0.0265625 0.0953125