0 0.84609375 0.65390625 0.053125 0.215625
0 0.35546875 0.6484375 0.0421875 0.2265625
0 0.915625 0.5171875 0.040625 0.1953125
0 0.49140625 0.9375 0.0421875 0.125
0 0.37734375 0.24140625 0.0390625 0.1046875
0 0.3671875 0.32421875 0.0296875 0.1125
0 0.43203125 0.20703125 0.0390625 0.1578125
0 0.19453125 0.234375 0.0265625 0.1546875
0 0.17421875 0.23828125 0.034375 0.1765625
0 0.40546875 0.14140625 0.0265625 0.146875
0 0.4 0.115625 0.025 0.1546875
0 0.65078125 0.08046875 0.03125 0.109375
0 0.3046875 0.18671875 0.0296875 0.1578125
0 0.17421875 0.059375 0.0234375 0.11875
0 0.2078125 0.1765625 0.028125 0.159375
0 0.1390625 0.19921875 0.0296875 0.1515625
0 0.1234375 0.18046875 0.0265625 0.1703125
0 0.46640625 0.0234375 0.0265625 0.046875
0 0.18125 0.7515625 0.0484375 0.234375
0 0.52109375 0.48828125 0.0328125 0.209375
0 0.47109375 0.5046875 0.0328125 0.20625
0 0.7078125 0.90859375 0.05 0.1828125
0 0.9328125 0.7390625 0.05 0.221875
0 0.79609375 0.0640625 0.0296875 0.128125
0 0.7578125 0.06640625 0.0234375 0.1328125
0 0.90625 0.15703125 0.028125 0.1609375
0 0.84453125 0.12578125 0.028125 0.146875
0 0.78671875 0.165625 0.0296875 0.1421875
0 0.59296875 0.096875 0.03125 0.146875
0 0.3875 0.0359375 0.03125 0.0703125
0 0.25625 0.07578125 0.025 0.1359375
0 0.23125 0.409375 0.0296875 0.190625
0 0.19140625 0.409375 0.0453125 0.1703125
0 0.23203125 0.140625 0.0265625 0.1625
0 0.23046875 0.04609375 0.0359375 0.0921875
0 0.1453125 0.05546875 0.028125 0.1109375
0 0.26328125 0.2640625 0.0328125 0.1734375
0 0.21484375 0.26015625 0.028125 0.1703125