0 0.84609375 0.65625 0.053125 0.2203125
0 0.31796875 0.61640625 0.0390625 0.2265625
0 0.915625 0.51875 0.040625 0.1953125
0 0.48359375 0.93515625 0.0421875 0.1296875
0 0.37734375 0.24140625 0.0390625 0.1046875
0 0.3671875 0.32421875 0.0296875 0.1125
0 0.43125 0.20703125 0.0375 0.1578125
0 0.2421875 0.2328125 0.03125 0.153125
0 0.26796875 0.2421875 0.03125 0.1796875
0 0.40390625 0.14375 0.028125 0.1484375
0 0.3953125 0.10859375 0.0296875 0.1515625
0 0.65078125 0.08046875 0.03125 0.109375
0 0.2953125 0.1875 0.03125 0.1546875
0 0.16875 0.06015625 0.0171875 0.1203125
0 0.2078125 0.17734375 0.0296875 0.1609375
0 0.16328125 0.19453125 0.025 0.1546875
0 0.19921875 0.159375 0.0234375 0.1625
0 0.13515625 0.2046875 0.028125 0.1484375
0 0.11953125 0.18046875 0.03125 0.16875
0 0.18984375 0.14609375 0.025 0.15
0 0.21796875 0.93515625 0.0515625 0.1296875
0 0.50390625 0.32109375 0.034375 0.1875
0 0.45703125 0.33046875 0.0328125 0.1796875
0 0.61328125 0.65234375 0.0453125 0.234375
0 0.89921875 0.7390625 0.0421875 0.21875
0 0.90078125 0.70078125 0.0609375 0.2375
0 0.74765625 0.028125 0.028125 0.05625
0 0.97734375 0.309375 0.03125 0.1765625
0 0.90078125 0.26640625 0.034375 0.165625
0 0.79140625 0.021875 0.0265625 0.04375
0 0.7828125 0.26640625 0.034375 0.146875
0 0.671875 0.24609375 0.034375 0.1546875
0 0.46015625 0.0375 0.0296875 0.075
0 0.42578125 0.03125 0.0234375 0.0625
0 0.40703125 0.0390625 0.0265625 0.078125
0 0.2671875 0.17734375 0.0234375 0.14375
0 0.21171875 0.56953125 0.0328125 0.2109375
0 0.171875 0.5734375 0.0453125 0.190625
0 0.24140625 0.14375 0.03125 0.159375
0 0.265625 0.12578125 0.03125 0.1515625
0 0.21640625 0.08046875 0.03125 0.1484375
0 0.24375 0.08125 0.0265625 0.1390625
0 0.209375 0.38203125 0.0390625 0.18125
0 0.1703125 0.38203125 0.0328125 0.1875
0 0.27109375 0.3734375 0.0375 0.178125