0 0.84609375 0.65390625 0.053125 0.215625
0 0.3609375 0.64609375 0.046875 0.2265625
0 0.915625 0.5171875 0.040625 0.1953125
0 0.49453125 0.9375 0.0421875 0.125
0 0.37734375 0.24140625 0.0390625 0.1046875
0 0.3671875 0.32421875 0.0296875 0.1125
0 0.43125 0.20703125 0.0375 0.1578125
0 0.175 0.2390625 0.0328125 0.178125
0 0.40390625 0.1390625 0.03125 0.1453125
0 0.65078125 0.08046875 0.03125 0.109375
0 0.30234375 0.18671875 0.0296875 0.1578125
0 0.17421875 0.059375 0.0234375 0.11875
0 0.2046875 0.17890625 0.028125 0.159375
0 0.16328125 0.19296875 0.025 0.1546875
0 0.1375 0.20078125 0.028125 0.1546875
0 0.128125 0.18828125 0.0421875 0.153125
0 0.46640625 0.0234375 0.0265625 0.046875
0 0.18984375 0.809375 0.046875 0.2453125
0 0.50859375 0.44296875 0.0359375 0.1953125
0 0.46328125 0.45546875 0.0328125 0.196875
0 0.68046875 0.86328125 0.05 0.259375
0 0.93203125 0.74140625 0.0484375 0.2296875
0 0.7890625 0.05546875 0.03125 0.1109375
0 0.75 0.05546875 0.0234375 0.1109375
0 0.9203125 0.19453125 0.03125 0.1640625
0 0.85859375 0.159375 0.03125 0.15
0 0.784375 0.1859375 0.03125 0.1453125
0 0.603125 0.13203125 0.0328125 0.1515625
0 0.4375 0.0234375 0.0234375 0.046875
0 0.37421875 0.03984375 0.0515625 0.0796875
0 0.26015625 0.09921875 0.0265625 0.1375
0 0.22265625 0.4484375 0.0328125 0.1953125
0 0.18984375 0.45078125 0.040625 0.1796875
0 0.2390625 0.14453125 0.028125 0.1625
0 0.23203125 0.05859375 0.034375 0.1171875
0 0.21328125 0.0453125 0.0265625 0.090625
0 0.1453125 0.05546875 0.028125 0.1109375
0 0.2484375 0.29140625 0.0359375 0.1765625
0 0.20234375 0.290625 0.03125 0.1703125
0 0.26328125 0.27265625 0.03125 0.165625