0 0.82421875 0.6640625 0.04375 0.225
0 0.25234375 0.0984375 0.0375 0.16875
0 0.44296875 0.68046875 0.04375 0.240625
0 0.91328125 0.51875 0.046875 0.190625
0 0.55234375 0.93359375 0.046875 0.1328125
0 0.37734375 0.24140625 0.0390625 0.1046875
0 0.3671875 0.32421875 0.0296875 0.1125
0 0.42890625 0.21171875 0.0296875 0.1609375
0 0.53359375 0.06171875 0.028125 0.1234375
0 0.4984375 0.0609375 0.028125 0.121875
0 0.29453125 0.125 0.021875 0.1453125
0 0.0890625 0.3953125 0.0359375 0.178125
0 0.059375 0.3796875 0.021875 0.1984375
0 0.509375 0.7328125 0.0609375 0.23125
0 0.54609375 0.74140625 0.0390625 0.2140625
0 0.40546875 0.1546875 0.0265625 0.121875
0 0.38671875 0.16171875 0.0328125 0.1546875
0 0.1734375 0.246875 0.025 0.1546875
0 0.65078125 0.08125 0.03125 0.109375
0 0.175 0.82578125 0.0375 0.2390625
0 0.1359375 0.80078125 0.053125 0.2484375
0 0.278125 0.16328125 0.03125 0.159375
0 0.17890625 0.1265625 0.028125 0.153125
0 0.2 0.18203125 0.028125 0.1625
0 0.8671875 0.6484375 0.0375 0.1953125
0 0.16328125 0.19375 0.028125 0.1578125
0 0.12890625 0.19921875 0.0328125 0.146875
0 0.46953125 0.05859375 0.0265625 0.1171875
0 0.2265625 0.23515625 0.03125 0.16875
0 0.25859375 0.23203125 0.03125 0.1765625
0 0.93203125 0.41640625 0.0390625 0.2
0 0.8625 0.3859375 0.03125 0.1828125
0 0.79375 0.05859375 0.0296875 0.1171875
0 0.9203125 0.253125 0.0359375 0.159375
0 0.89375 0.11171875 0.0265625 0.1515625
0 0.8625 0.10546875 0.0296875 0.1625
0 0.965625 0.2484375 0.040625 0.171875
0 0.22265625 0.08515625 0.0234375 0.146875
0 0.19453125 0.0921875 0.028125 0.134375