0 0.84609375 0.68203125 0.05 0.2234375
0 0.25390625 0.14140625 0.0359375 0.1765625
0 0.40234375 0.6296875 0.040625 0.21875
0 0.91484375 0.51875 0.0421875 0.19375
0 0.53359375 0.928125 0.046875 0.14375
0 0.37734375 0.24140625 0.0390625 0.1046875
0 0.3671875 0.32421875 0.0296875 0.1125
0 0.428125 0.2171875 0.028125 0.159375
0 0.77265625 0.021875 0.0265625 0.04375
0 0.53828125 0.09609375 0.028125 0.1484375
0 0.50546875 0.0828125 0.03125 0.15625
0 0.48515625 0.04375 0.028125 0.0859375
0 0.0703125 0.409375 0.0265625 0.1734375
0 0.4765625 0.6203125 0.0546875 0.215625
0 0.5109375 0.6265625 0.0421875 0.2
0 0.40390625 0.15078125 0.0234375 0.1359375
0 0.38671875 0.16171875 0.03125 0.15625
0 0.3859375 0.0546875 0.0265625 0.109375
0 0.12578125 0.315625 0.028125 0.1625
0 0.65078125 0.08125 0.03125 0.109375
0 0.2203125 0.69609375 0.0375 0.2203125
0 0.17109375 0.68046875 0.0484375 0.2375
0 0.296875 0.14140625 0.0296875 0.1515625
0 0.2 0.18125 0.028125 0.1640625
0 0.67578125 0.56796875 0.0453125 0.1890625
0 0.1625 0.19375 0.028125 0.1578125
0 0.190625 0.16171875 0.0265625 0.1609375
0 0.13359375 0.2 0.0390625 0.1421875
0 0.44921875 0.0609375 0.025 0.121875
0 0.23515625 0.1765625 0.028125 0.1609375
0 0.25390625 0.31328125 0.04375 0.1859375
0 0.98515625 0.48125 0.0296875 0.178125
0 0.9109375 0.45390625 0.034375 0.1890625
0 0.8046875 0.040625 0.028125 0.08125
0 0.93125 0.19921875 0.028125 0.15
0 0.9578125 0.14296875 0.0359375 0.1609375
0 0.8859375 0.1484375 0.034375 0.159375
0 0.23203125 0.05859375 0.021875 0.1171875
0 0.203125 0.05703125 0.0359375 0.1140625