0 0.84921875 0.64921875 0.0359375 0.215625
0 0.2515625 0.0671875 0.0328125 0.134375
0 0.40859375 0.66328125 0.0421875 0.2265625
0 0.9171875 0.51796875 0.0390625 0.1953125
0 0.5515625 0.93203125 0.04375 0.1359375
0 0.37734375 0.24140625 0.0390625 0.1046875
0 0.3671875 0.32421875 0.0296875 0.1125
0 0.4265625 0.2140625 0.0328125 0.159375
0 0.52578125 0.04296875 0.0265625 0.0859375
0 0.49609375 0.04140625 0.028125 0.0828125
0 0.33125 0.12734375 0.021875 0.134375
0 0.11953125 0.35703125 0.0328125 0.1734375
0 0.08671875 0.33984375 0.028125 0.1875
0 0.559375 0.85078125 0.0578125 0.2421875
0 0.59453125 0.8515625 0.05 0.21875
0 0.4046875 0.14375 0.0234375 0.140625
0 0.434375 0.14453125 0.0296875 0.1546875
0 0.2375 0.2 0.0265625 0.146875
0 0.65078125 0.08125 0.03125 0.109375
0 0.1484375 0.915625 0.0421875 0.16875
0 0.15859375 0.8890625 0.0484375 0.221875
0 0.2953125 0.1859375 0.03125 0.15625
0 0.17265625 0.10546875 0.028125 0.15
0 0.2 0.18203125 0.028125 0.1609375
0 0.16328125 0.19296875 0.025 0.1578125
0 0.12734375 0.19921875 0.0296875 0.146875
0 0.4671875 0.05078125 0.0265625 0.1015625
0 0.21171875 0.30078125 0.0328125 0.1796875
0 0.2578125 0.16328125 0.034375 0.16875
0 0.8859375 0.34140625 0.0390625 0.184375
0 0.82890625 0.31953125 0.028125 0.171875
0 0.78828125 0.06953125 0.03125 0.13125
0 0.96484375 0.30546875 0.0359375 0.1625
0 0.8765625 0.0671875 0.028125 0.134375
0 0.8375 0.0640625 0.028125 0.128125
0 0.22890625 0.12421875 0.0234375 0.15625
0 0.209375 0.03359375 0.0265625 0.0671875