0 0.8375 0.68203125 0.0421875 0.2234375
0 0.25078125 0.1359375 0.034375 0.175
0 0.41640625 0.63828125 0.04375 0.228125
0 0.91484375 0.51875 0.0421875 0.19375
0 0.5421875 0.9265625 0.046875 0.146875
0 0.37734375 0.24140625 0.0390625 0.1046875
0 0.3671875 0.32421875 0.0296875 0.1125
0 0.428125 0.2171875 0.0265625 0.159375
0 0.77421875 0.01875 0.0265625 0.0375
0 0.53828125 0.0890625 0.028125 0.1453125
0 0.503125 0.07578125 0.03125 0.1515625
0 0.27265625 0.128125 0.021875 0.1546875
0 0.48203125 0.03984375 0.028125 0.0796875
0 0.07109375 0.409375 0.028125 0.1734375
0 0.4828125 0.6375 0.0578125 0.221875
0 0.5171875 0.6421875 0.04375 0.2
0 0.4046875 0.14921875 0.021875 0.1390625
0 0.3859375 0.16171875 0.03125 0.15625
0 0.3890625 0.0484375 0.025 0.096875
0 0.13203125 0.3046875 0.0265625 0.1609375
0 0.65078125 0.08125 0.03125 0.109375
0 0.2125 0.71953125 0.0375 0.225
0 0.16640625 0.6984375 0.046875 0.2390625
0 0.2921875 0.14140625 0.028125 0.153125
0 0.2 0.18125 0.028125 0.1640625
0 0.7046875 0.57734375 0.034375 0.190625
0 0.1625 0.19375 0.028125 0.1578125
0 0.190625 0.16328125 0.0265625 0.1609375
0 0.13203125 0.19921875 0.0359375 0.14375
0 0.45390625 0.06328125 0.025 0.1265625
0 0.23828125 0.18046875 0.0296875 0.1609375
0 0.253125 0.3015625 0.0390625 0.184375
0 0.98046875 0.4671875 0.0390625 0.178125
0 0.89921875 0.44140625 0.0359375 0.1875
0 0.8015625 0.04296875 0.0265625 0.0859375
0 0.92890625 0.2109375 0.03125 0.1546875
0 0.93671875 0.14375 0.04375 0.159375
0 0.89453125 0.159375 0.034375 0.159375
0 0.2296875 0.06171875 0.021875 0.1234375
0 0.20390625 0.0609375 0.0296875 0.121875