0 0.84609375 0.65625 0.053125 0.2203125
0 0.3203125 0.61796875 0.0390625 0.2234375
0 0.915625 0.51875 0.040625 0.1953125
0 0.4875 0.93671875 0.0421875 0.1265625
0 0.37734375 0.24140625 0.0390625 0.1046875
0 0.3671875 0.32421875 0.0296875 0.1125
0 0.43125 0.20703125 0.0375 0.1578125
0 0.2328125 0.23125 0.0296875 0.1515625
0 0.2609375 0.2421875 0.0390625 0.1796875
0 0.40390625 0.14375 0.028125 0.1484375
0 0.3953125 0.109375 0.0296875 0.1515625
0 0.65078125 0.08046875 0.03125 0.109375
0 0.2953125 0.18828125 0.03125 0.1546875
0 0.1703125 0.06015625 0.0171875 0.1203125
0 0.20859375 0.178125 0.0296875 0.1609375
0 0.16328125 0.19453125 0.025 0.1546875
0 0.19921875 0.159375 0.0234375 0.1625
0 0.13515625 0.20546875 0.028125 0.15
0 0.1171875 0.18046875 0.0265625 0.16875
0 0.18984375 0.14609375 0.025 0.15
0 0.21484375 0.93046875 0.0515625 0.1390625
0 0.50234375 0.33046875 0.034375 0.1921875
0 0.4546875 0.334375 0.0359375 0.1796875
0 0.61640625 0.6609375 0.0453125 0.234375
0 0.9078125 0.73984375 0.0453125 0.21875
0 0.9125 0.6984375 0.0546875 0.2390625
0 0.75078125 0.02890625 0.0296875 0.0578125
0 0.7125 0.0296875 0.0234375 0.059375
0 0.97421875 0.3015625 0.03125 0.1765625
0 0.9 0.25703125 0.03125 0.1640625
0 0.78125 0.2578125 0.0328125 0.146875
0 0.665625 0.23671875 0.0328125 0.153125
0 0.45859375 0.03671875 0.0296875 0.0734375
0 0.40703125 0.0390625 0.0265625 0.078125
0 0.2125 0.55859375 0.0328125 0.209375
0 0.17265625 0.5609375 0.0453125 0.1859375
0 0.240625 0.14375 0.0328125 0.159375
0 0.2640625 0.12109375 0.03125 0.1515625
0 0.215625 0.075 0.03125 0.1453125
0 0.24140625 0.07734375 0.025 0.140625
0 0.2125 0.37578125 0.0390625 0.18125
0 0.16953125 0.37578125 0.0328125 0.1890625
0 0.27265625 0.36640625 0.034375 0.1765625