0 0.7328125 0.6359375 0.053125 0.2234375
0 0.2390625 0.28828125 0.0390625 0.2
0 0.071875 0.6234375 0.0484375 0.2296875
0 0.915625 0.51875 0.040625 0.19375
0 0.51171875 0.9203125 0.0359375 0.159375
0 0.353125 0.81953125 0.0515625 0.23125
0 0.37734375 0.24140625 0.0390625 0.1046875
0 0.3671875 0.32421875 0.0296875 0.1125
0 0.42890625 0.21796875 0.03125 0.1609375
0 0.78984375 0.13046875 0.028125 0.1375
0 0.63828125 0.2015625 0.0203125 0.153125
0 0.6046875 0.21015625 0.028125 0.1703125
0 0.28359375 0.19453125 0.025 0.1609375
0 0.4859375 0.22109375 0.0375 0.16875
0 0.06875 0.409375 0.025 0.1734375
0 0.07578125 0.390625 0.03125 0.1859375
0 0.41171875 0.3734375 0.0375 0.1875
0 0.440625 0.37890625 0.0359375 0.1765625
0 0.5359375 0.1921875 0.0234375 0.1453125
0 0.4546875 0.1796875 0.028125 0.159375
0 0.38046875 0.0734375 0.028125 0.146875
0 0.13125 0.57421875 0.0296875 0.190625
0 0.65078125 0.08125 0.03125 0.109375
0 0.328125 0.39375 0.0296875 0.1765625
0 0.28203125 0.39921875 0.0375 0.2
0 0.2546875 0.03671875 0.025 0.0734375
0 0.22109375 0.0375 0.0234375 0.075
0 0.29296875 0.1359375 0.025 0.1546875
0 0.2078125 0.11328125 0.0265625 0.1515625
0 0.1984375 0.17734375 0.028125 0.1625
0 0.3078125 0.32890625 0.028125 0.1640625
0 0.16328125 0.19453125 0.028125 0.1578125
0 0.18671875 0.16171875 0.021875 0.159375
0 0.12421875 0.19296875 0.028125 0.1515625
0 0.146875 0.171875 0.028125 0.165625
0 0.19296875 0.0640625 0.028125 0.128125
0 0.23046875 0.65390625 0.04375 0.2265625
0 0.821875 0.05703125 0.028125 0.1140625
0 0.078125 0.72734375 0.0546875 0.2328125
0 0.034375 0.67734375 0.059375 0.221875