0 0.734375 0.6359375 0.0546875 0.2234375
0 0.240625 0.36875 0.040625 0.20625
0 0.0734375 0.621875 0.04375 0.23125
0 0.915625 0.51875 0.040625 0.19375
0 0.60234375 0.92890625 0.04375 0.1421875
0 0.353125 0.81953125 0.053125 0.23125
0 0.37734375 0.24140625 0.0390625 0.1046875
0 0.3671875 0.32421875 0.0296875 0.1125
0 0.42890625 0.21796875 0.03125 0.1609375
0 0.7890625 0.13125 0.028125 0.1359375
0 0.740625 0.24296875 0.028125 0.153125
0 0.72265625 0.25390625 0.034375 0.1703125
0 0.36640625 0.24296875 0.021875 0.1546875
0 0.49921875 0.28046875 0.0359375 0.175
0 0.06796875 0.409375 0.025 0.1734375
0 0.078125 0.39140625 0.028125 0.1859375
0 0.42734375 0.27890625 0.034375 0.1734375
0 0.4484375 0.2875 0.0265625 0.15625
0 0.6546875 0.2453125 0.0234375 0.15
0 0.6015625 0.2140625 0.0390625 0.159375
0 0.3796875 0.07265625 0.028125 0.1453125
0 0.05625 0.7140625 0.0359375 0.2046875
0 0.65078125 0.08046875 0.03125 0.109375
0 0.30078125 0.29921875 0.0265625 0.171875
0 0.28828125 0.3125 0.0375 0.184375
0 0.2453125 0.06796875 0.028125 0.1359375
0 0.20703125 0.06953125 0.0234375 0.1390625
0 0.29296875 0.1359375 0.025 0.1546875
0 0.265625 0.11171875 0.0296875 0.1484375
0 0.19921875 0.178125 0.028125 0.1640625
0 0.26328125 0.22578125 0.028125 0.15
0 0.1640625 0.19296875 0.028125 0.1578125
0 0.18828125 0.1609375 0.021875 0.1609375
0 0.12265625 0.19375 0.025 0.1515625
0 0.1484375 0.16875 0.03125 0.16875
0 0.23125 0.8546875 0.0515625 0.25
0 0.7796875 0.02265625 0.025 0.0453125