0 0.73359375 0.6359375 0.053125 0.2234375
0 0.24453125 0.27578125 0.0390625 0.1984375
0 0.07265625 0.6265625 0.04375 0.2296875
0 0.915625 0.51875 0.040625 0.19375
0 0.5046875 0.915625 0.0375 0.16875
0 0.35234375 0.81953125 0.05 0.23125
0 0.37734375 0.24140625 0.0390625 0.1046875
0 0.3671875 0.32421875 0.0296875 0.1125
0 0.42890625 0.21796875 0.03125 0.1609375
0 0.78984375 0.13046875 0.028125 0.1375
0 0.6296875 0.19140625 0.0234375 0.153125
0 0.59140625 0.2015625 0.0328125 0.1703125
0 0.28125 0.19296875 0.025 0.1640625
0 0.49296875 0.20625 0.0390625 0.165625
0 0.06875 0.409375 0.025 0.1734375
0 0.42109375 0.38984375 0.0375 0.1890625
0 0.45 0.39296875 0.0375 0.1765625
0 0.51640625 0.184375 0.01875 0.14375
0 0.4359375 0.17578125 0.0296875 0.15625
0 0.38046875 0.0734375 0.028125 0.146875
0 0.128125 0.55390625 0.0296875 0.1890625
0 0.65078125 0.08125 0.03125 0.109375
0 0.32421875 0.41171875 0.03125 0.1828125
0 0.28125 0.41484375 0.0359375 0.2
0 0.259375 0.03125 0.025 0.0625
0 0.22109375 0.0328125 0.0234375 0.065625
0 0.29296875 0.1359375 0.025 0.1546875
0 0.2 0.115625 0.0265625 0.1515625
0 0.1984375 0.178125 0.028125 0.1625
0 0.1640625 0.19375 0.028125 0.15625
0 0.1875 0.1640625 0.0234375 0.1578125
0 0.12421875 0.19296875 0.028125 0.1515625
0 0.14609375 0.171875 0.025 0.165625
0 0.19609375 0.065625 0.028125 0.13125
0 0.225 0.62421875 0.0484375 0.2265625
0 0.83515625 0.0625 0.03125 0.125
0 0.103125 0.75390625 0.05625 0.2359375
0 0.0703125 0.69453125 0.0484375 0.2265625