0 0.85078125 0.68359375 0.053125 0.225
0 0.25703125 0.146875 0.0359375 0.1765625
0 0.3921875 0.625 0.0453125 0.21875
0 0.91484375 0.51875 0.0421875 0.19375
0 0.53046875 0.92734375 0.046875 0.1453125
0 0.37734375 0.24140625 0.0390625 0.1046875
0 0.3671875 0.32421875 0.0296875 0.1125
0 0.428125 0.21796875 0.0296875 0.159375
0 0.77265625 0.028125 0.0265625 0.05625
0 0.53671875 0.103125 0.028125 0.1484375
0 0.50703125 0.08984375 0.03125 0.1578125
0 0.4890625 0.05 0.0296875 0.1
0 0.06953125 0.409375 0.0265625 0.1734375
0 0.47265625 0.60625 0.0546875 0.21875
0 0.50625 0.609375 0.0421875 0.2
0 0.40546875 0.15703125 0.0296875 0.121875
0 0.3859375 0.16171875 0.0328125 0.15625
0 0.38515625 0.059375 0.0265625 0.11875
0 0.12109375 0.33046875 0.028125 0.1640625
0 0.65078125 0.08125 0.03125 0.109375
0 0.2296875 0.67734375 0.0390625 0.2203125
0 0.175 0.66171875 0.04375 0.234375
0 0.30078125 0.1390625 0.0296875 0.1515625
0 0.2 0.18046875 0.028125 0.1625
0 0.6515625 0.55078125 0.0328125 0.1890625
0 0.1625 0.19375 0.028125 0.1578125
0 0.19140625 0.16171875 0.028125 0.1609375
0 0.13203125 0.20234375 0.0359375 0.1421875
0 0.44609375 0.05859375 0.0265625 0.1171875
0 0.234375 0.16484375 0.0265625 0.1609375
0 0.25703125 0.33125 0.040625 0.1859375
0 0.98828125 0.490625 0.0234375 0.178125
0 0.80859375 0.03828125 0.0296875 0.0765625
0 0.9359375 0.19140625 0.03125 0.1546875
0 0.946875 0.13984375 0.0359375 0.1546875
0 0.9796875 0.14453125 0.040625 0.1578125
0 0.88046875 0.134375 0.0375 0.1578125
0 0.23203125 0.05234375 0.021875 0.1046875
0 0.203125 0.053125 0.034375 0.10625