0 0.82109375 0.67890625 0.04375 0.225
0 0.2515625 0.190625 0.0375 0.1859375
0 0.23125 0.64921875 0.0484375 0.23125
0 0.91484375 0.51875 0.040625 0.19375
0 0.50703125 0.92265625 0.0390625 0.1546875
0 0.37734375 0.24140625 0.0390625 0.1046875
0 0.3671875 0.32421875 0.0296875 0.1125
0 0.42890625 0.21796875 0.03125 0.1609375
0 0.7671875 0.059375 0.028125 0.11875
0 0.55390625 0.14140625 0.0265625 0.15
0 0.52578125 0.14296875 0.03125 0.16875
0 0.28125 0.16875 0.0203125 0.1546875
0 0.49921875 0.1015625 0.0328125 0.1546875
0 0.06953125 0.41015625 0.0265625 0.175
0 0.4578125 0.509375 0.0453125 0.2015625
0 0.4859375 0.51171875 0.0359375 0.1859375
0 0.4140625 0.1578125 0.021875 0.1421875
0 0.3875 0.16640625 0.028125 0.15625
0 0.38203125 0.0765625 0.0265625 0.1421875
0 0.1359375 0.409375 0.0296875 0.175
0 0.65078125 0.08125 0.03125 0.109375
0 0.28046875 0.55625 0.034375 0.2015625
0 0.23359375 0.546875 0.0453125 0.2140625
0 0.29375 0.13515625 0.0234375 0.1546875
0 0.17890625 0.12109375 0.028125 0.15
0 0.203125 0.18046875 0.0296875 0.1640625
0 0.51328125 0.45625 0.0359375 0.1796875
0 0.16171875 0.19921875 0.028125 0.1578125
0 0.1234375 0.2015625 0.028125 0.15
0 0.1296875 0.18125 0.0234375 0.175
0 0.15 0.15546875 0.0296875 0.15625
0 0.45390625 0.040625 0.0234375 0.08125
0 0.2328125 0.12421875 0.0296875 0.15625
0 0.2359375 0.4375 0.0421875 0.2
0 0.9703125 0.559375 0.0359375 0.19375
0 0.9125 0.134375 0.03125 0.14375
0 0.8421875 0.0578125 0.0296875 0.115625
0 0.22421875 0.9328125 0.05 0.134375
0 0.24765625 0.896875 0.0484375 0.20625
0 0.228125 0.03203125 0.0234375 0.0640625
0 0.20390625 0.03203125 0.0234375 0.0640625