0 0.82578125 0.6640625 0.0421875 0.225
0 0.25234375 0.09609375 0.0390625 0.16875
0 0.4453125 0.68046875 0.040625 0.2390625
0 0.91640625 0.51953125 0.0390625 0.190625
0 0.55390625 0.93359375 0.046875 0.1328125
0 0.37734375 0.24140625 0.0390625 0.1046875
0 0.3671875 0.32421875 0.0296875 0.1125
0 0.42734375 0.2125 0.03125 0.1609375
0 0.5328125 0.059375 0.028125 0.11875
0 0.4984375 0.059375 0.028125 0.11875
0 0.29765625 0.1265625 0.0203125 0.1453125
0 0.08984375 0.39375 0.0328125 0.1796875
0 0.06015625 0.3765625 0.021875 0.2
0 0.51171875 0.74296875 0.0640625 0.234375
0 0.54921875 0.7484375 0.0390625 0.2171875
0 0.40546875 0.15546875 0.0265625 0.121875
0 0.3875 0.16171875 0.034375 0.1546875
0 0.1765625 0.24609375 0.025 0.15625
0 0.65078125 0.08125 0.03125 0.109375
0 0.17421875 0.83125 0.0390625 0.2390625
0 0.134375 0.80703125 0.05 0.246875
0 0.27890625 0.1640625 0.03125 0.159375
0 0.17734375 0.1265625 0.028125 0.153125
0 0.2 0.18203125 0.028125 0.1625
0 0.87734375 0.65390625 0.034375 0.1953125
0 0.16328125 0.19375 0.028125 0.1578125
0 0.12890625 0.19921875 0.0328125 0.146875
0 0.46953125 0.05859375 0.025 0.1171875
0 0.22578125 0.23828125 0.03125 0.1671875
0 0.2609375 0.22890625 0.03125 0.1765625
0 0.928125 0.4125 0.0390625 0.2
0 0.8609375 0.38203125 0.03125 0.1828125
0 0.79375 0.06015625 0.0296875 0.1203125
0 0.9203125 0.25703125 0.0359375 0.1609375
0 0.89140625 0.1109375 0.0265625 0.1515625
0 0.859375 0.1046875 0.0296875 0.1640625
0 0.9703125 0.253125 0.04375 0.175
0 0.22109375 0.0890625 0.0234375 0.146875
0 0.19375 0.09609375 0.0296875 0.1359375