0 0.84453125 0.65390625 0.05 0.215625
0 0.21484375 0.61015625 0.0484375 0.234375
0 0.915625 0.51796875 0.0515625 0.1921875
0 0.45078125 0.92734375 0.04375 0.1453125
0 0.37734375 0.24140625 0.0390625 0.1046875
0 0.3671875 0.32421875 0.0296875 0.1125
0 0.43125 0.2109375 0.0265625 0.1609375
0 0.17109375 0.28046875 0.0296875 0.165625
0 0.14375 0.27578125 0.0296875 0.18125
0 0.40234375 0.14453125 0.025 0.140625
0 0.2625 0.0984375 0.0234375 0.134375
0 0.65078125 0.08046875 0.03125 0.109375
0 0.30546875 0.18203125 0.0265625 0.1640625
0 0.1765625 0.06015625 0.0265625 0.1203125
0 0.19921875 0.18125 0.025 0.159375
0 0.1625 0.19375 0.025 0.15625
0 0.1296875 0.1984375 0.028125 0.15
0 0.471875 0.03046875 0.0265625 0.0609375
0 0.17734375 0.4421875 0.0328125 0.19375
0 0.2578125 0.059375 0.03125 0.11875
0 0.71953125 0.88203125 0.0515625 0.234375
0 0.6734375 0.890625 0.046875 0.21875
0 0.85625 0.21796875 0.0359375 0.1671875
0 0.7875 0.2078125 0.028125 0.1578125
0 0.7859375 0.07109375 0.03125 0.13125
0 0.265625 0.203125 0.0234375 0.1640625
0 0.23515625 0.20859375 0.03125 0.1484375
0 0.15078125 0.0546875 0.028125 0.109375
0 0.22578125 0.09296875 0.028125 0.1484375
0 0.19453125 0.084375 0.0265625 0.1421875
0 0.83984375 0.0171875 0.0234375 0.034375
0 0.5609375 0.04375 0.0328125 0.0859375