0 0.84609375 0.65390625 0.053125 0.215625
0 0.3640625 0.63984375 0.0390625 0.2234375
0 0.915625 0.51796875 0.040625 0.1953125
0 0.5015625 0.93046875 0.040625 0.1390625
0 0.37734375 0.24140625 0.0390625 0.1046875
0 0.3671875 0.32421875 0.0296875 0.1125
0 0.43125 0.20703125 0.0375 0.1578125
0 0.18359375 0.240625 0.0265625 0.1796875
0 0.4046875 0.140625 0.0296875 0.146875
0 0.39921875 0.1125 0.028125 0.1546875
0 0.65078125 0.08046875 0.03125 0.109375
0 0.2984375 0.1859375 0.028125 0.15625
0 0.17421875 0.059375 0.0234375 0.11875
0 0.20078125 0.18046875 0.028125 0.1578125
0 0.16328125 0.19296875 0.025 0.1546875
0 0.1328125 0.203125 0.0296875 0.153125
0 0.12421875 0.1765625 0.028125 0.1703125
0 0.153125 0.1609375 0.0296875 0.1578125
0 0.19140625 0.8515625 0.046875 0.2453125
0 0.50078125 0.4109375 0.0390625 0.1984375
0 0.45859375 0.41875 0.034375 0.19375
0 0.6609375 0.80390625 0.0484375 0.25
0 0.93125 0.7421875 0.05 0.2296875
0 0.778125 0.046875 0.0296875 0.09375
0 0.74375 0.0484375 0.0234375 0.096875
0 0.93671875 0.2234375 0.0359375 0.1625
0 0.87109375 0.18125 0.028125 0.153125
0 0.7828125 0.20703125 0.0328125 0.1515625
0 0.615625 0.15703125 0.03125 0.1515625
0 0.44453125 0.028125 0.0265625 0.05625
0 0.41640625 0.0265625 0.025 0.053125
0 0.38359375 0.03828125 0.028125 0.0765625
0 0.26484375 0.11875 0.028125 0.1421875
0 0.21953125 0.478125 0.034375 0.196875
0 0.18515625 0.48203125 0.04375 0.1828125
0 0.24375 0.146875 0.0265625 0.1640625
0 0.2375 0.06953125 0.03125 0.1390625
0 0.21171875 0.05234375 0.028125 0.1046875
0 0.1359375 0.05546875 0.0265625 0.1109375
0 0.23515625 0.315625 0.0359375 0.178125
0 0.18984375 0.30859375 0.0328125 0.171875
0 0.26875 0.29375 0.034375 0.165625