0 0.7359375 0.6375 0.0546875 0.2234375
0 0.21328125 0.4890625 0.040625 0.221875
0 0.075 0.6234375 0.04375 0.23125
0 0.92265625 0.52109375 0.040625 0.196875
0 0.59140625 0.953125 0.040625 0.09375
0 0.3546875 0.81953125 0.053125 0.23125
0 0.37734375 0.24140625 0.0390625 0.1046875
0 0.3671875 0.32421875 0.0296875 0.1125
0 0.4296875 0.21796875 0.03125 0.1625
0 0.9484375 0.275 0.034375 0.1703125
0 0.7875 0.13203125 0.028125 0.134375
0 0.86875 0.328125 0.034375 0.16875
0 0.5890625 0.27890625 0.028125 0.1671875
0 0.55703125 0.20703125 0.0421875 0.1703125
0 0.134375 0.4640625 0.0328125 0.1890625
0 0.15234375 0.4390625 0.03125 0.2046875
0 0.46875 0.1953125 0.03125 0.1671875
0 0.48671875 0.19296875 0.025 0.15
0 0.553125 0.03828125 0.025 0.0765625
0 0.53046875 0.03671875 0.0234375 0.0734375
0 0.76875 0.3109375 0.028125 0.1578125
0 0.75078125 0.26171875 0.0234375 0.159375
0 0.3796875 0.07265625 0.028125 0.1453125
0 0.40546875 0.0234375 0.021875 0.046875
0 0.0109375 0.90546875 0.021875 0.1890625
0 0.64140625 0.08828125 0.0390625 0.1046875
0 0.28984375 0.21953125 0.046875 0.165625
0 0.25390625 0.1578125 0.028125 0.1609375
0 0.23125 0.1625 0.0296875 0.1546875
0 0.2921875 0.1359375 0.021875 0.1546875
0 0.26796875 0.1125 0.025 0.15
0 0.1984375 0.17890625 0.028125 0.165625
0 0.1625 0.19296875 0.028125 0.1578125
0 0.1875 0.159375 0.0265625 0.1625
0 0.12734375 0.19453125 0.025 0.1515625
0 0.15234375 0.16796875 0.0296875 0.1671875
0 0.6515625 0.06171875 0.0328125 0.1234375