0 0.8453125 0.65390625 0.0515625 0.215625
0 0.359375 0.64921875 0.0390625 0.23125
0 0.915625 0.51640625 0.0390625 0.1953125
0 0.4703125 0.93515625 0.040625 0.1296875
0 0.37734375 0.24140625 0.0390625 0.1046875
0 0.3671875 0.32421875 0.0296875 0.1125
0 0.43125 0.20859375 0.040625 0.1609375
0 0.19375 0.2359375 0.025 0.1578125
0 0.17109375 0.2390625 0.034375 0.178125
0 0.40546875 0.1375 0.0296875 0.146875
0 0.3984375 0.115625 0.0296875 0.15625
0 0.25 0.02890625 0.0234375 0.0578125
0 0.65078125 0.08046875 0.03125 0.109375
0 0.30546875 0.1875 0.03125 0.159375
0 0.17421875 0.05859375 0.0234375 0.1171875
0 0.19921875 0.178125 0.025 0.159375
0 0.1625 0.19140625 0.025 0.15625
0 0.1375 0.19921875 0.025 0.1546875
0 0.125 0.18046875 0.0265625 0.1671875
0 0.46640625 0.0234375 0.0265625 0.046875
0 0.159375 0.65390625 0.040625 0.221875
0 0.553125 0.59140625 0.0390625 0.21875
0 0.5078125 0.6109375 0.0375 0.2203125
0 0.80703125 0.09765625 0.028125 0.15
0 0.75078125 0.10078125 0.028125 0.14375
0 0.871875 0.08984375 0.03125 0.146875
0 0.8234375 0.06484375 0.025 0.1296875
0 0.7796875 0.12109375 0.03125 0.1390625
0 0.5703125 0.046875 0.028125 0.09375
0 0.390625 0.03203125 0.021875 0.0640625
0 0.2734375 0.04453125 0.028125 0.0890625
0 0.23984375 0.340625 0.028125 0.184375
0 0.2046875 0.3421875 0.0421875 0.165625
0 0.1453125 0.05546875 0.028125 0.1109375
0 0.2625 0.20546875 0.03125 0.165625
0 0.23203125 0.20078125 0.028125 0.159375
0 0.41015625 0.03046875 0.0234375 0.0609375