0 0.81484375 0.675 0.04375 0.2265625
0 0.25234375 0.19609375 0.0375 0.1859375
0 0.21484375 0.6515625 0.05 0.2296875
0 0.91484375 0.51875 0.040625 0.19375
0 0.503125 0.92109375 0.0390625 0.1578125
0 0.37734375 0.24140625 0.0390625 0.1046875
0 0.3671875 0.32421875 0.0296875 0.1125
0 0.42890625 0.21796875 0.03125 0.1609375
0 0.76875 0.06171875 0.028125 0.1234375
0 0.55625 0.14375 0.0265625 0.15
0 0.52890625 0.14765625 0.03125 0.16875
0 0.2796875 0.16875 0.0203125 0.1546875
0 0.49921875 0.109375 0.0328125 0.15625
0 0.06875 0.409375 0.0265625 0.1734375
0 0.4546875 0.5015625 0.0421875 0.196875
0 0.484375 0.503125 0.0375 0.184375
0 0.41953125 0.1609375 0.0234375 0.1421875
0 0.38984375 0.16640625 0.0265625 0.15625
0 0.38203125 0.0765625 0.0265625 0.1421875
0 0.1375 0.41953125 0.0296875 0.1765625
0 0.65078125 0.08125 0.03125 0.109375
0 0.2828125 0.54921875 0.0359375 0.2015625
0 0.2375 0.5359375 0.0421875 0.215625
0 0.29375 0.13515625 0.0234375 0.1546875
0 0.17734375 0.121875 0.028125 0.15
0 0.20234375 0.18046875 0.0296875 0.165625
0 0.49921875 0.446875 0.0359375 0.1734375
0 0.16015625 0.2 0.028125 0.1578125
0 0.1234375 0.20078125 0.028125 0.1515625
0 0.15234375 0.15859375 0.0296875 0.15
0 0.45625 0.0390625 0.021875 0.078125
0 0.23203125 0.12109375 0.028125 0.15625
0 0.22890625 0.45078125 0.04375 0.2
0 0.97109375 0.56796875 0.0359375 0.1953125
0 0.909375 0.128125 0.0328125 0.14375
0 0.83984375 0.05546875 0.0359375 0.1109375
0 0.21796875 0.92578125 0.053125 0.1484375
0 0.234375 0.8875 0.0421875 0.225
0 0.22734375 0.0296875 0.021875 0.059375
0 0.20390625 0.02890625 0.0234375 0.0578125