0 0.82734375 0.67890625 0.0390625 0.2265625
0 0.25 0.12578125 0.0359375 0.171875
0 0.43515625 0.64453125 0.0453125 0.2265625
0 0.9140625 0.51875 0.0421875 0.19375
0 0.55234375 0.925 0.0453125 0.15
0 0.37734375 0.24140625 0.0390625 0.1046875
0 0.3671875 0.32421875 0.0296875 0.1125
0 0.428125 0.21640625 0.025 0.1578125
0 0.5375 0.08046875 0.0265625 0.1453125
0 0.50078125 0.06953125 0.0296875 0.1390625
0 0.071875 0.40859375 0.028125 0.171875
0 0.4921875 0.66484375 0.0625 0.221875
0 0.5265625 0.66875 0.0421875 0.2015625
0 0.40546875 0.15 0.0265625 0.134375
0 0.38359375 0.159375 0.0265625 0.15625
0 0.39375 0.0390625 0.025 0.078125
0 0.14609375 0.28671875 0.025 0.165625
0 0.65078125 0.08125 0.03125 0.109375
0 0.1984375 0.74609375 0.0375 0.2296875
0 0.15390625 0.72109375 0.0484375 0.23125
0 0.2859375 0.14765625 0.028125 0.1609375
0 0.1828125 0.1265625 0.0296875 0.15
0 0.2 0.18125 0.028125 0.1640625
0 0.74921875 0.60078125 0.0546875 0.1890625
0 0.1625 0.19375 0.028125 0.1578125
0 0.19375 0.16328125 0.025 0.1609375
0 0.128125 0.2 0.0296875 0.146875
0 0.4625 0.0625 0.0265625 0.125
0 0.2375 0.19375 0.0296875 0.159375
0 0.25 0.27890625 0.0390625 0.18125
0 0.9765625 0.45234375 0.04375 0.1921875
0 0.8828125 0.425 0.0328125 0.1859375
0 0.7984375 0.046875 0.028125 0.09375
0 0.92265625 0.22109375 0.0296875 0.1546875
0 0.928125 0.13671875 0.03125 0.1546875
0 0.91015625 0.18359375 0.0359375 0.1609375
0 0.2296875 0.06640625 0.021875 0.1328125
0 0.20234375 0.065625 0.034375 0.1265625