0 0.8453125 0.65390625 0.0515625 0.215625
0 0.315625 0.646875 0.0359375 0.234375
0 0.91640625 0.515625 0.0375 0.196875
0 0.47734375 0.9421875 0.0453125 0.115625
0 0.37734375 0.24140625 0.0390625 0.1046875
0 0.3671875 0.32421875 0.0296875 0.1125
0 0.42109375 0.2015625 0.028125 0.1609375
0 0.1859375 0.2515625 0.0265625 0.159375
0 0.159375 0.246875 0.0296875 0.178125
0 0.403125 0.1390625 0.0265625 0.1453125
0 0.246875 0.04453125 0.021875 0.0890625
0 0.65078125 0.08046875 0.03125 0.109375
0 0.3 0.18671875 0.03125 0.1609375
0 0.17421875 0.05859375 0.0234375 0.1171875
0 0.19921875 0.17890625 0.025 0.159375
0 0.13359375 0.19921875 0.0265625 0.1515625
0 0.12109375 0.1796875 0.0265625 0.16875
0 0.46640625 0.0234375 0.0265625 0.046875
0 0.17109375 0.5640625 0.040625 0.209375
0 0.59765625 0.68671875 0.040625 0.2265625
0 0.5625 0.71328125 0.0390625 0.23125
0 0.8328125 0.14375 0.03125 0.1609375
0 0.7640625 0.13828125 0.025 0.1484375
0 0.83359375 0.0515625 0.0296875 0.103125
0 0.7890625 0.08671875 0.0296875 0.1359375
0 0.2765625 0.02578125 0.0203125 0.0515625
0 0.2453125 0.28359375 0.0265625 0.1734375
0 0.2203125 0.28671875 0.0375 0.1609375
0 0.1453125 0.05546875 0.025 0.1109375
0 0.2609375 0.15546875 0.03125 0.15625
0 0.23359375 0.15234375 0.0296875 0.1546875
0 0.43203125 0.03046875 0.03125 0.0609375