0 0.8453125 0.65390625 0.0515625 0.215625
0 0.26171875 0.6359375 0.046875 0.23125
0 0.91484375 0.51640625 0.0453125 0.190625
0 0.46171875 0.9390625 0.0453125 0.121875
0 0.37734375 0.24140625 0.0390625 0.1046875
0 0.3671875 0.32421875 0.0296875 0.1125
0 0.4203125 0.20546875 0.0296875 0.1609375
0 0.1875 0.259375 0.028125 0.15625
0 0.14921875 0.25859375 0.0296875 0.18125
0 0.403125 0.1453125 0.0234375 0.1390625
0 0.253125 0.06171875 0.021875 0.1234375
0 0.65078125 0.08046875 0.03125 0.109375
0 0.30078125 0.18671875 0.03125 0.1609375
0 0.17421875 0.05859375 0.0234375 0.1171875
0 0.19921875 0.18046875 0.025 0.159375
0 0.1625 0.19140625 0.025 0.15625
0 0.1359375 0.19921875 0.0265625 0.1515625
0 0.12109375 0.17890625 0.0265625 0.1703125
0 0.17421875 0.5109375 0.0375 0.2078125
0 0.64140625 0.77109375 0.04375 0.246875
0 0.60234375 0.7828125 0.0421875 0.234375
0 0.84609375 0.171875 0.03125 0.1625
0 0.775 0.16796875 0.028125 0.1546875
0 0.78984375 0.0765625 0.03125 0.13125
0 0.25625 0.253125 0.0265625 0.1703125
0 0.2265625 0.25703125 0.0375 0.15625
0 0.14609375 0.05546875 0.025 0.1109375
0 0.24296875 0.12890625 0.0296875 0.15625
0 0.2171875 0.125 0.0265625 0.15625
0 0.478125 0.034375 0.028125 0.06875