0 0.82421875 0.6640625 0.04375 0.225
0 0.25234375 0.09765625 0.0375 0.16875
0 0.44375 0.68046875 0.04375 0.240625
0 0.9140625 0.51875 0.0453125 0.1921875
0 0.553125 0.93359375 0.046875 0.1328125
0 0.37734375 0.24140625 0.0390625 0.1046875
0 0.3671875 0.32421875 0.0296875 0.1125
0 0.428125 0.2125 0.0296875 0.1609375
0 0.53359375 0.0609375 0.028125 0.121875
0 0.49921875 0.0609375 0.028125 0.121875
0 0.2953125 0.12578125 0.021875 0.1453125
0 0.08984375 0.3953125 0.034375 0.178125
0 0.06015625 0.37890625 0.021875 0.2
0 0.51015625 0.73515625 0.0625 0.23125
0 0.546875 0.74375 0.0390625 0.215625
0 0.40546875 0.15546875 0.0265625 0.121875
0 0.38671875 0.16171875 0.0328125 0.1546875
0 0.175 0.246875 0.025 0.1546875
0 0.65078125 0.08125 0.03125 0.109375
0 0.175 0.82734375 0.0390625 0.2390625
0 0.13515625 0.80234375 0.053125 0.246875
0 0.278125 0.1640625 0.03125 0.159375
0 0.178125 0.1265625 0.028125 0.153125
0 0.2 0.18203125 0.028125 0.1625
0 0.86953125 0.65 0.0359375 0.1953125
0 0.16328125 0.19375 0.028125 0.1578125
0 0.12890625 0.19921875 0.0328125 0.146875
0 0.46953125 0.05859375 0.025 0.1171875
0 0.2265625 0.2359375 0.03125 0.16875
0 0.25859375 0.23125 0.03125 0.1765625
0 0.93125 0.415625 0.0390625 0.2
0 0.86171875 0.384375 0.03125 0.18125
0 0.79296875 0.05859375 0.0296875 0.1171875
0 0.9203125 0.25390625 0.0359375 0.159375
0 0.89296875 0.11171875 0.0265625 0.1515625
0 0.86171875 0.10546875 0.0296875 0.1625
0 0.9671875 0.24921875 0.0421875 0.171875
0 0.221875 0.0859375 0.0234375 0.146875
0 0.19453125 0.09375 0.028125 0.1359375