0 0.84765625 0.64921875 0.0359375 0.215625
0 0.25 0.06953125 0.034375 0.1390625
0 0.41640625 0.66640625 0.0484375 0.23125
0 0.9140625 0.51796875 0.04375 0.1953125
0 0.55390625 0.93203125 0.04375 0.1359375
0 0.37734375 0.24140625 0.0390625 0.1046875
0 0.3671875 0.32421875 0.0296875 0.1125
0 0.42578125 0.2140625 0.034375 0.159375
0 0.5265625 0.04375 0.0265625 0.0859375
0 0.49609375 0.04296875 0.028125 0.0859375
0 0.328125 0.12578125 0.0203125 0.134375
0 0.115625 0.3640625 0.034375 0.1765625
0 0.08515625 0.34609375 0.028125 0.19375
0 0.55390625 0.83828125 0.059375 0.2375
0 0.5875 0.84375 0.0484375 0.225
0 0.40390625 0.14453125 0.0234375 0.1390625
0 0.42890625 0.1484375 0.03125 0.1546875
0 0.2296875 0.20546875 0.025 0.146875
0 0.65078125 0.08125 0.03125 0.109375
0 0.1484375 0.9078125 0.0421875 0.184375
0 0.29375 0.18359375 0.03125 0.159375
0 0.16875 0.109375 0.025 0.15
0 0.2 0.18203125 0.028125 0.1609375
0 0.984375 0.753125 0.03125 0.209375
0 0.16328125 0.19296875 0.025 0.1578125
0 0.12734375 0.19921875 0.03125 0.146875
0 0.46796875 0.05078125 0.0265625 0.1015625
0 0.21328125 0.29296875 0.0328125 0.1765625
0 0.25390625 0.17109375 0.034375 0.16875
0 0.8859375 0.35234375 0.0453125 0.1859375
0 0.83046875 0.32890625 0.0296875 0.171875
0 0.790625 0.06796875 0.0296875 0.13125
0 0.9546875 0.30234375 0.0359375 0.1625
0 0.8765625 0.0703125 0.0265625 0.140625
0 0.840625 0.06953125 0.028125 0.1390625
0 0.2265625 0.1234375 0.025 0.1578125
0 0.21328125 0.03203125 0.0265625 0.0640625