0 0.7359375 0.6359375 0.0546875 0.2234375
0 0.24921875 0.26484375 0.0390625 0.196875
0 0.078125 0.63046875 0.04375 0.2296875
0 0.915625 0.51875 0.040625 0.19375
0 0.50390625 0.915625 0.0375 0.16875
0 0.3515625 0.81953125 0.0484375 0.23125
0 0.37734375 0.24140625 0.0390625 0.1046875
0 0.3671875 0.32421875 0.0296875 0.1125
0 0.42890625 0.21796875 0.03125 0.1609375
0 0.78671875 0.12578125 0.028125 0.1390625
0 0.621875 0.18359375 0.0265625 0.1515625
0 0.58125 0.19375 0.03125 0.1671875
0 0.28125 0.19140625 0.0265625 0.165625
0 0.5 0.1984375 0.0359375 0.165625
0 0.06875 0.409375 0.025 0.1734375
0 0.428125 0.40078125 0.040625 0.190625
0 0.45859375 0.40390625 0.040625 0.1765625
0 0.41875 0.171875 0.0265625 0.1515625
0 0.38046875 0.0734375 0.028125 0.146875
0 0.13046875 0.53828125 0.03125 0.190625
0 0.65078125 0.08125 0.03125 0.109375
0 0.32265625 0.425 0.03125 0.1859375
0 0.27734375 0.43046875 0.0359375 0.203125
0 0.26328125 0.02890625 0.0265625 0.0578125
0 0.221875 0.02890625 0.021875 0.0578125
0 0.29296875 0.1359375 0.025 0.1546875
0 0.19609375 0.11796875 0.0265625 0.1515625
0 0.1984375 0.178125 0.028125 0.1625
0 0.1640625 0.19375 0.028125 0.15625
0 0.18671875 0.1625 0.021875 0.159375
0 0.12421875 0.19296875 0.028125 0.1515625
0 0.14453125 0.171875 0.025 0.165625
0 0.19921875 0.06953125 0.028125 0.1390625
0 0.2203125 0.6015625 0.0453125 0.225
0 0.990625 0.69453125 0.01875 0.215625
0 0.84140625 0.065625 0.0296875 0.13125
0 0.11796875 0.76875 0.0453125 0.23125
0 0.096875 0.7140625 0.0484375 0.23125