0 0.7328125 0.6359375 0.053125 0.2234375
0 0.23828125 0.29296875 0.0390625 0.2
0 0.071875 0.62109375 0.0484375 0.2296875
0 0.915625 0.51875 0.040625 0.19375
0 0.515625 0.92265625 0.0359375 0.1546875
0 0.353125 0.81953125 0.053125 0.23125
0 0.37734375 0.24140625 0.0390625 0.1046875
0 0.3671875 0.32421875 0.0296875 0.1125
0 0.42890625 0.21796875 0.03125 0.1609375
0 0.78984375 0.13046875 0.028125 0.1375
0 0.640625 0.2046875 0.025 0.1515625
0 0.609375 0.2125 0.0296875 0.171875
0 0.28515625 0.1953125 0.028125 0.1578125
0 0.48359375 0.225 0.0359375 0.1703125
0 0.06875 0.409375 0.025 0.1734375
0 0.0765625 0.390625 0.03125 0.184375
0 0.41015625 0.36875 0.0359375 0.1875
0 0.4375 0.37578125 0.0359375 0.1765625
0 0.5421875 0.1953125 0.0234375 0.146875
0 0.46171875 0.18125 0.0265625 0.1578125
0 0.38046875 0.0734375 0.028125 0.146875
0 0.1328125 0.58359375 0.03125 0.19375
0 0.65078125 0.08125 0.03125 0.109375
0 0.32890625 0.3859375 0.03125 0.171875
0 0.2828125 0.39453125 0.0390625 0.1984375
0 0.25390625 0.03828125 0.0265625 0.0765625
0 0.22109375 0.03984375 0.0234375 0.0796875
0 0.29296875 0.1359375 0.025 0.1546875
0 0.2125 0.11328125 0.0296875 0.15
0 0.1984375 0.17734375 0.028125 0.1625
0 0.303125 0.32109375 0.028125 0.1609375
0 0.16328125 0.19453125 0.028125 0.1578125
0 0.18671875 0.16171875 0.021875 0.159375
0 0.12421875 0.19296875 0.028125 0.1515625
0 0.146875 0.171875 0.028125 0.1671875
0 0.19296875 0.0609375 0.028125 0.121875
0 0.2296875 0.6609375 0.0421875 0.2265625
0 0.81875 0.05390625 0.028125 0.1078125
0 0.0703125 0.71875 0.0609375 0.23125
0 0.02421875 0.6703125 0.0484375 0.21875