0 0.82265625 0.6640625 0.046875 0.225
0 0.2515625 0.10078125 0.0390625 0.16875
0 0.440625 0.6796875 0.0484375 0.240625
0 0.909375 0.51796875 0.053125 0.1921875
0 0.5515625 0.934375 0.046875 0.13125
0 0.37734375 0.24140625 0.0390625 0.1046875
0 0.3671875 0.32421875 0.0296875 0.1125
0 0.43046875 0.21171875 0.028125 0.1609375
0 0.534375 0.0640625 0.028125 0.128125
0 0.4984375 0.06171875 0.028125 0.1234375
0 0.2921875 0.1234375 0.021875 0.1453125
0 0.0890625 0.396875 0.0375 0.1765625
0 0.059375 0.38203125 0.021875 0.196875
0 0.50703125 0.7234375 0.059375 0.228125
0 0.54296875 0.734375 0.0390625 0.2125
0 0.40546875 0.1546875 0.0265625 0.121875
0 0.38671875 0.16171875 0.03125 0.1546875
0 0.3953125 0.02109375 0.025 0.0421875
0 0.17109375 0.24921875 0.025 0.1546875
0 0.65078125 0.08125 0.03125 0.109375
0 0.1765625 0.82109375 0.0390625 0.2390625
0 0.1375 0.7953125 0.05625 0.2484375
0 0.27734375 0.16328125 0.03125 0.159375
0 0.18046875 0.1265625 0.028125 0.1546875
0 0.2 0.18203125 0.028125 0.1625
0 0.85703125 0.64375 0.0390625 0.1953125
0 0.16328125 0.19375 0.028125 0.1578125
0 0.12890625 0.19921875 0.0328125 0.146875
0 0.46875 0.05859375 0.025 0.1171875
0 0.228125 0.23203125 0.0296875 0.1703125
0 0.25625 0.2359375 0.03125 0.1765625
0 0.93671875 0.41953125 0.0390625 0.1984375
0 0.86328125 0.3890625 0.0328125 0.1828125
0 0.79296875 0.05625 0.0296875 0.1125
0 0.9203125 0.25 0.0359375 0.15625
0 0.8953125 0.11328125 0.0265625 0.1515625
0 0.865625 0.10625 0.0296875 0.1609375
0 0.959375 0.24375 0.0375 0.1703125
0 0.2234375 0.08125 0.0234375 0.146875
0 0.19609375 0.08671875 0.028125 0.13125