0 0.734375 0.6359375 0.0546875 0.2234375
0 0.240625 0.36953125 0.040625 0.2046875
0 0.0734375 0.621875 0.04375 0.23125
0 0.915625 0.51875 0.040625 0.19375
0 0.6046875 0.9296875 0.04375 0.140625
0 0.353125 0.81953125 0.053125 0.23125
0 0.37734375 0.24140625 0.0390625 0.1046875
0 0.3671875 0.32421875 0.0296875 0.1125
0 0.42890625 0.21796875 0.03125 0.1609375
0 0.78828125 0.13125 0.028125 0.1359375
0 0.74375 0.24453125 0.028125 0.1546875
0 0.725 0.25390625 0.034375 0.171875
0 0.36875 0.24453125 0.0234375 0.1578125
0 0.5 0.2796875 0.0359375 0.1734375
0 0.06796875 0.409375 0.025 0.1734375
0 0.078125 0.39140625 0.028125 0.1859375
0 0.428125 0.2765625 0.0328125 0.175
0 0.45 0.2859375 0.0265625 0.1546875
0 0.6578125 0.24609375 0.0234375 0.15
0 0.60546875 0.21484375 0.034375 0.159375
0 0.3796875 0.07265625 0.028125 0.1453125
0 0.053125 0.71875 0.0390625 0.20625
0 0.65078125 0.08046875 0.03125 0.109375
0 0.3 0.296875 0.0265625 0.171875
0 0.28671875 0.3109375 0.0375 0.184375
0 0.24375 0.06875 0.028125 0.1375
0 0.2078125 0.071875 0.025 0.14375
0 0.2921875 0.1359375 0.0234375 0.1546875
0 0.265625 0.11171875 0.0296875 0.1484375
0 0.19921875 0.178125 0.028125 0.1640625
0 0.26328125 0.2234375 0.028125 0.15
0 0.16484375 0.19296875 0.028125 0.1578125
0 0.18828125 0.1609375 0.021875 0.1609375
0 0.121875 0.19375 0.0265625 0.1515625
0 0.15 0.16875 0.0328125 0.16875
0 0.23046875 0.859375 0.0515625 0.25
0 0.77734375 0.021875 0.0234375 0.04375