0 0.7359375 0.63671875 0.0546875 0.2234375
0 0.21875 0.47265625 0.04375 0.2203125
0 0.07421875 0.6234375 0.04375 0.23125
0 0.9171875 0.51953125 0.0390625 0.19375
0 0.6125 0.95 0.040625 0.1
0 0.35390625 0.81953125 0.053125 0.23125
0 0.37734375 0.24140625 0.0390625 0.1046875
0 0.3671875 0.32421875 0.0296875 0.1125
0 0.42890625 0.21796875 0.03125 0.1609375
0 0.9578125 0.2890625 0.0328125 0.16875
0 0.7875 0.13125 0.028125 0.1359375
0 0.85703125 0.31796875 0.03125 0.1703125
0 0.55625 0.26953125 0.04375 0.165625
0 0.553125 0.2109375 0.034375 0.159375
0 0.12421875 0.44609375 0.034375 0.18125
0 0.13828125 0.421875 0.03125 0.1984375
0 0.47265625 0.2046875 0.03125 0.165625
0 0.4890625 0.20625 0.0265625 0.146875
0 0.5515625 0.03203125 0.025 0.0640625
0 0.5328125 0.03125 0.0234375 0.0625
0 0.7578125 0.2984375 0.0265625 0.15625
0 0.73828125 0.2546875 0.025 0.1578125
0 0.3796875 0.07265625 0.028125 0.1453125
0 0.01171875 0.89296875 0.0234375 0.2140625
0 0.64453125 0.084375 0.0375 0.1046875
0 0.28671875 0.228125 0.0546875 0.1765625
0 0.25234375 0.14140625 0.025 0.159375
0 0.23046875 0.1515625 0.028125 0.15625
0 0.29140625 0.1359375 0.021875 0.1546875
0 0.26796875 0.11171875 0.025 0.1484375
0 0.1984375 0.17890625 0.028125 0.165625
0 0.16171875 0.19140625 0.028125 0.1578125
0 0.18671875 0.159375 0.025 0.1609375
0 0.12421875 0.19375 0.0234375 0.1515625
0 0.14765625 0.1703125 0.0296875 0.1671875
0 0.64765625 0.06015625 0.0390625 0.1203125