0 0.8453125 0.65390625 0.0515625 0.215625
0 0.35859375 0.64765625 0.0390625 0.23125
0 0.915625 0.51640625 0.040625 0.1953125
0 0.47265625 0.934375 0.04375 0.13125
0 0.37734375 0.24140625 0.0390625 0.1046875
0 0.3671875 0.32421875 0.0296875 0.1125
0 0.4328125 0.2078125 0.040625 0.1609375
0 0.19375 0.2359375 0.025 0.15625
0 0.171875 0.23828125 0.0359375 0.1765625
0 0.40546875 0.13828125 0.028125 0.146875
0 0.3984375 0.115625 0.0296875 0.15625
0 0.65078125 0.08046875 0.03125 0.109375
0 0.30546875 0.1875 0.03125 0.159375
0 0.17421875 0.05859375 0.0234375 0.1171875
0 0.19921875 0.178125 0.025 0.159375
0 0.1625 0.19140625 0.025 0.15625
0 0.13671875 0.1984375 0.0265625 0.1546875
0 0.125 0.1796875 0.025 0.16875
0 0.46640625 0.0234375 0.0265625 0.046875
0 0.15859375 0.66171875 0.040625 0.2203125
0 0.54765625 0.58359375 0.0359375 0.2203125
0 0.503125 0.6015625 0.0375 0.2203125
0 0.80234375 0.0921875 0.034375 0.15
0 0.75 0.1 0.0265625 0.1453125
0 0.87578125 0.096875 0.028125 0.1453125
0 0.825 0.06796875 0.025 0.134375
0 0.7796875 0.125 0.03125 0.1390625
0 0.57109375 0.05078125 0.03125 0.1015625
0 0.390625 0.03203125 0.021875 0.0640625
0 0.26953125 0.0484375 0.0265625 0.096875
0 0.23984375 0.34453125 0.028125 0.184375
0 0.203125 0.34921875 0.0375 0.1703125
0 0.234375 0.02421875 0.0234375 0.0484375
0 0.1453125 0.05546875 0.028125 0.1109375
0 0.2609375 0.209375 0.03125 0.1640625
0 0.23125 0.2046875 0.0296875 0.1578125
0 0.4109375 0.03046875 0.0234375 0.0609375