0 0.7328125 0.6359375 0.0546875 0.2234375
0 0.23828125 0.30546875 0.040625 0.2015625
0 0.07265625 0.6203125 0.0484375 0.2296875
0 0.915625 0.51875 0.040625 0.19375
0 0.52890625 0.92265625 0.0359375 0.1546875
0 0.353125 0.81953125 0.053125 0.23125
0 0.37734375 0.24140625 0.0390625 0.1046875
0 0.3671875 0.32421875 0.0296875 0.1125
0 0.42890625 0.21796875 0.03125 0.1609375
0 0.78984375 0.13046875 0.028125 0.1375
0 0.65703125 0.2125 0.0203125 0.1515625
0 0.62890625 0.2234375 0.0359375 0.1703125
0 0.29453125 0.20390625 0.0296875 0.146875
0 0.47421875 0.24453125 0.0453125 0.171875
0 0.06875 0.409375 0.025 0.1734375
0 0.0796875 0.3921875 0.03125 0.1875
0 0.40703125 0.3484375 0.0375 0.18125
0 0.43359375 0.35625 0.0375 0.1671875
0 0.571875 0.20546875 0.028125 0.1453125
0 0.48828125 0.18671875 0.0265625 0.159375
0 0.3796875 0.07265625 0.028125 0.1453125
0 0.13671875 0.60859375 0.03125 0.190625
0 0.65078125 0.08125 0.03125 0.109375
0 0.3296875 0.36875 0.03125 0.1765625
0 0.2890625 0.37578125 0.0328125 0.19375
0 0.25 0.04375 0.025 0.0875
0 0.29296875 0.1359375 0.025 0.1546875
0 0.22421875 0.11171875 0.034375 0.146875
0 0.1984375 0.178125 0.028125 0.1625
0 0.28984375 0.29765625 0.03125 0.1546875
0 0.16328125 0.19453125 0.028125 0.1578125
0 0.1875 0.16328125 0.0234375 0.1625
0 0.12421875 0.19296875 0.028125 0.1515625
0 0.14609375 0.171875 0.028125 0.1703125
0 0.190625 0.05 0.028125 0.1
0 0.240625 0.70703125 0.046875 0.2359375
0 0.81171875 0.04609375 0.028125 0.0921875
0 0.04375 0.6875 0.0609375 0.221875