0 0.8390625 0.65703125 0.0328125 0.2203125
0 0.25078125 0.07890625 0.034375 0.1578125
0 0.44375 0.67890625 0.040625 0.240625
0 0.915625 0.5203125 0.040625 0.1984375
0 0.55859375 0.93046875 0.04375 0.1390625
0 0.37734375 0.24140625 0.0390625 0.1046875
0 0.3671875 0.32421875 0.0296875 0.1125
0 0.4203125 0.21171875 0.0296875 0.1578125
0 0.53046875 0.05078125 0.028125 0.1015625
0 0.4984375 0.04921875 0.028125 0.0984375
0 0.315625 0.12890625 0.01875 0.1390625
0 0.10390625 0.38125 0.034375 0.1796875
0 0.07578125 0.3578125 0.0296875 0.190625
0 0.53046875 0.796875 0.0625 0.240625
0 0.56484375 0.79609375 0.04375 0.209375
0 0.40859375 0.159375 0.028125 0.1546875
0 0.2046875 0.221875 0.028125 0.1515625
0 0.65078125 0.08125 0.03125 0.109375
0 0.1578125 0.884375 0.040625 0.23125
0 0.125 0.86015625 0.05 0.2578125
0 0.28359375 0.17578125 0.0296875 0.1609375
0 0.1671875 0.115625 0.021875 0.1515625
0 0.2 0.18203125 0.028125 0.1625
0 0.946875 0.70703125 0.034375 0.2
0 0.16328125 0.19296875 0.0265625 0.1578125
0 0.128125 0.19921875 0.03125 0.146875
0 0.16015625 0.16171875 0.0296875 0.1609375
0 0.47265625 0.053125 0.025 0.10625
0 0.2171875 0.2703125 0.03125 0.1765625
0 0.25859375 0.1953125 0.0328125 0.16875
0 0.90390625 0.378125 0.0390625 0.1859375
0 0.84296875 0.353125 0.0296875 0.178125
0 0.78828125 0.06328125 0.028125 0.1265625
0 0.93671875 0.28046875 0.0359375 0.159375
0 0.88203125 0.08515625 0.028125 0.1515625
0 0.85078125 0.07890625 0.028125 0.1578125
0 0.9875 0.29921875 0.025 0.1765625
0 0.22109375 0.10546875 0.0234375 0.146875
0 0.196875 0.1109375 0.0296875 0.1359375