0 0.8453125 0.65390625 0.0515625 0.215625
0 0.34375 0.65234375 0.040625 0.2296875
0 0.915625 0.515625 0.0390625 0.196875
0 0.47421875 0.93359375 0.0453125 0.1328125
0 0.37734375 0.24140625 0.0390625 0.1046875
0 0.3671875 0.32421875 0.0296875 0.1125
0 0.421875 0.2015625 0.0265625 0.1640625
0 0.19296875 0.2484375 0.025 0.1609375
0 0.159375 0.24453125 0.0296875 0.18125
0 0.4046875 0.1390625 0.0296875 0.146875
0 0.3984375 0.1140625 0.0296875 0.1546875
0 0.240625 0.03828125 0.021875 0.0765625
0 0.65078125 0.08046875 0.03125 0.109375
0 0.3015625 0.1859375 0.03125 0.159375
0 0.17421875 0.05859375 0.0234375 0.1171875
0 0.19921875 0.17890625 0.025 0.159375
0 0.13359375 0.19921875 0.0265625 0.1515625
0 0.12109375 0.18046875 0.0265625 0.16875
0 0.46640625 0.0234375 0.0265625 0.046875
0 0.16640625 0.596875 0.040625 0.2203125
0 0.58125 0.653125 0.0390625 0.23125
0 0.5421875 0.67109375 0.0390625 0.215625
0 0.82265625 0.12890625 0.0328125 0.1578125
0 0.76171875 0.12421875 0.025 0.146875
0 0.8546875 0.06015625 0.028125 0.1203125
0 0.784375 0.096875 0.03125 0.1375
0 0.565625 0.025 0.0234375 0.05
0 0.38984375 0.0234375 0.0234375 0.046875
0 0.27265625 0.03203125 0.01875 0.0640625
0 0.24375 0.303125 0.028125 0.1765625
0 0.2171875 0.30390625 0.0375 0.1625
0 0.1453125 0.05546875 0.028125 0.1109375
0 0.26484375 0.1703125 0.034375 0.1609375
0 0.23359375 0.16796875 0.028125 0.159375
0 0.415625 0.0296875 0.0234375 0.059375