0 0.82734375 0.68203125 0.04375 0.2234375
0 0.25078125 0.18671875 0.0375 0.184375
0 0.2453125 0.6453125 0.0546875 0.234375
0 0.91484375 0.51875 0.040625 0.19375
0 0.51171875 0.92421875 0.0375 0.1515625
0 0.37734375 0.24140625 0.0390625 0.1046875
0 0.3671875 0.32421875 0.0296875 0.1125
0 0.42890625 0.21796875 0.03125 0.1609375
0 0.76640625 0.05625 0.0296875 0.1125
0 0.55390625 0.1390625 0.0265625 0.15
0 0.52265625 0.14140625 0.03125 0.16875
0 0.28125 0.16796875 0.021875 0.15625
0 0.49921875 0.09453125 0.03125 0.1515625
0 0.06953125 0.41015625 0.0265625 0.175
0 0.459375 0.51953125 0.0453125 0.209375
0 0.4859375 0.52109375 0.034375 0.1890625
0 0.4109375 0.15625 0.0203125 0.140625
0 0.3859375 0.165625 0.028125 0.1578125
0 0.38203125 0.0765625 0.0265625 0.1421875
0 0.13359375 0.39921875 0.0296875 0.1703125
0 0.65078125 0.08125 0.03125 0.109375
0 0.278125 0.5609375 0.034375 0.2
0 0.23046875 0.559375 0.04375 0.215625
0 0.29375 0.13515625 0.025 0.1546875
0 0.18203125 0.12109375 0.028125 0.15
0 0.20390625 0.17890625 0.028125 0.1640625
0 0.525 0.4625 0.0328125 0.1828125
0 0.16171875 0.19921875 0.028125 0.1578125
0 0.1234375 0.20234375 0.028125 0.146875
0 0.1296875 0.18046875 0.0234375 0.175
0 0.1484375 0.1546875 0.0296875 0.1609375
0 0.4515625 0.04140625 0.025 0.0828125
0 0.23515625 0.128125 0.03125 0.1546875
0 0.2421875 0.4265625 0.0421875 0.1984375
0 0.96953125 0.55390625 0.0359375 0.19375
0 0.91484375 0.1390625 0.0296875 0.14375
0 0.99140625 0.1328125 0.0171875 0.146875
0 0.8453125 0.06015625 0.0265625 0.1203125
0 0.23203125 0.9390625 0.05 0.121875
0 0.2578125 0.9046875 0.05625 0.190625
0 0.228125 0.03359375 0.021875 0.0671875
0 0.2046875 0.03359375 0.021875 0.0671875