0 0.7328125 0.6359375 0.053125 0.2234375
0 0.2421875 0.28046875 0.0390625 0.1984375
0 0.07265625 0.625 0.0453125 0.2296875
0 0.915625 0.51875 0.040625 0.19375
0 0.50546875 0.91640625 0.0359375 0.1671875
0 0.353125 0.81953125 0.0515625 0.23125
0 0.37734375 0.24140625 0.0390625 0.1046875
0 0.3671875 0.32421875 0.0296875 0.1125
0 0.42890625 0.21796875 0.03125 0.1609375
0 0.78984375 0.13046875 0.028125 0.1375
0 0.6328125 0.19609375 0.021875 0.1546875
0 0.59765625 0.20234375 0.028125 0.1703125
0 0.28125 0.19375 0.0234375 0.1640625
0 0.4890625 0.21171875 0.040625 0.165625
0 0.06875 0.409375 0.025 0.1734375
0 0.4171875 0.384375 0.0390625 0.1875
0 0.446875 0.38671875 0.0375 0.1765625
0 0.5234375 0.18671875 0.01875 0.1453125
0 0.44296875 0.17890625 0.040625 0.159375
0 0.38046875 0.0734375 0.028125 0.146875
0 0.128125 0.5578125 0.03125 0.1859375
0 0.65078125 0.08125 0.03125 0.109375
0 0.325 0.409375 0.03125 0.1875
0 0.28125 0.4125 0.0359375 0.203125
0 0.25625 0.03359375 0.025 0.0671875
0 0.21953125 0.03359375 0.0234375 0.0671875
0 0.29296875 0.1359375 0.025 0.1546875
0 0.203125 0.115625 0.0265625 0.1515625
0 0.1984375 0.178125 0.028125 0.1625
0 0.31640625 0.33671875 0.0296875 0.1625
0 0.1640625 0.19375 0.028125 0.15625
0 0.1875 0.1640625 0.0234375 0.159375
0 0.12421875 0.19296875 0.028125 0.1515625
0 0.14609375 0.171875 0.025 0.165625
0 0.19375 0.0640625 0.028125 0.128125
0 0.2296875 0.63828125 0.046875 0.228125
0 0.82890625 0.0609375 0.028125 0.121875
0 0.09375 0.74375 0.053125 0.234375
0 0.059375 0.690625 0.053125 0.2265625