0 0.73515625 0.63671875 0.0546875 0.2234375
0 0.2296875 0.428125 0.04375 0.2140625
0 0.07421875 0.62265625 0.04375 0.23125
0 0.915625 0.51875 0.0390625 0.19375
0 0.64609375 0.95 0.04375 0.1
0 0.35390625 0.81953125 0.053125 0.23125
0 0.37734375 0.24140625 0.0390625 0.1046875
0 0.3671875 0.32421875 0.0296875 0.1125
0 0.42890625 0.21796875 0.03125 0.1609375
0 0.9859375 0.35234375 0.028125 0.1765625
0 0.78828125 0.13125 0.028125 0.1359375
0 0.8171875 0.28125 0.0265625 0.1609375
0 0.78203125 0.28359375 0.03125 0.1796875
0 0.46328125 0.2625 0.0390625 0.1609375
0 0.53984375 0.24453125 0.0390625 0.1609375
0 0.0953125 0.42109375 0.03125 0.175
0 0.48046875 0.23671875 0.028125 0.1546875
0 0.72265625 0.2734375 0.021875 0.1546875
0 0.6953125 0.23984375 0.0296875 0.1546875
0 0.3796875 0.07265625 0.028125 0.1453125
0 0.2953125 0.040625 0.01875 0.08125
0 0.02109375 0.815625 0.0359375 0.215625
0 0.65078125 0.07890625 0.03125 0.10625
0 0.275 0.2578125 0.0421875 0.18125
0 0.24140625 0.10625 0.0265625 0.146875
0 0.21484375 0.1171875 0.0265625 0.1515625
0 0.2921875 0.1359375 0.0234375 0.1546875
0 0.2671875 0.11171875 0.028125 0.1484375
0 0.1984375 0.178125 0.028125 0.1640625
0 0.24375 0.16640625 0.028125 0.1421875
0 0.1609375 0.19140625 0.028125 0.1578125
0 0.190625 0.1609375 0.021875 0.159375
0 0.12265625 0.19453125 0.025 0.1515625
0 0.14453125 0.16875 0.025 0.1703125
0 0.228125 0.9390625 0.053125 0.121875