0 0.453125 0.44609375 0.0375 0.1546875
0 0.38671875 0.41875 0.021875 0.115625
0 0.29453125 0.409375 0.0171875 0.090625
0 0.9671875 0.5859375 0.065625 0.4765625
0 0.21875 0.4203125 0.0234375 0.125
0 0.3640625 0.4203125 0.021875 0.1078125
0 0.39765625 0.4140625 0.0171875 0.103125
0 0.178125 0.4109375 0.0171875 0.084375
0 0.165625 0.41953125 0.015625 0.0703125
0 0.19453125 0.4234375 0.01875 0.0875
0 0.1546875 0.40859375 0.009375 0.0546875
0 0.32265625 0.4015625 0.0140625 0.0640625
0 0.26328125 0.41171875 0.0203125 0.0453125
0 0.27421875 0.4140625 0.015625 0.0453125
0 0.65546875 0.43203125 0.021875 0.1140625