0 0.6078125 0.33125 0.03125 0.1359375
0 0.41015625 0.3390625 0.0328125 0.1625
0 0.4578125 0.34296875 0.0296875 0.1484375
0 0.65546875 0.321875 0.03125 0.121875
0 0.8421875 0.4125 0.0765625 0.5234375
0 0.3890625 0.3265625 0.0234375 0.103125
0 0.8 0.4015625 0.065625 0.425
0 0.5453125 0.30703125 0.0171875 0.0625
0 0.01640625 0.43046875 0.0328125 0.3515625
0 0.0453125 0.33046875 0.0390625 0.125
0 0.07109375 0.32265625 0.01875 0.0921875
0 0.09765625 0.32421875 0.021875 0.09375
0 0.57734375 0.30546875 0.0125 0.053125
0 0.56171875 0.3015625 0.0125 0.0578125
0 0.490625 0.34296875 0.028125 0.09375
0 0.5125 0.353125 0.0265625 0.090625
0 0.3265625 0.30625 0.0125 0.0484375
0 0.3375 0.30703125 0.0125 0.046875
0 0.346875 0.29921875 0.0109375 0.040625
0 0.35390625 0.30078125 0.0125 0.0453125
0 0.3640625 0.303125 0.0109375 0.0390625
0 0.37265625 0.303125 0.009375 0.0390625