0 0.44453125 0.36328125 0.03125 0.15
0 0.21953125 0.43046875 0.1109375 0.4078125
0 0.4921875 0.37109375 0.0296875 0.140625
0 0.56875 0.3453125 0.0171875 0.0625
0 0.64140625 0.3796875 0.0265625 0.21875
0 0.328125 0.3515625 0.021875 0.0953125
0 0.63046875 0.37890625 0.03125 0.1953125
0 0.0828125 0.378125 0.0375 0.140625
0 0.02109375 0.384375 0.0421875 0.159375
0 0.51484375 0.34140625 0.0140625 0.059375
0 0.5328125 0.33125 0.0109375 0.0390625
0 0.5203125 0.33203125 0.0078125 0.0453125
0 0.47109375 0.35703125 0.025 0.0640625
0 0.35703125 0.340625 0.015625 0.06875
0 0.37109375 0.34296875 0.0125 0.059375