0 0.51015625 0.41875 0.0359375 0.159375
0 0.45 0.4015625 0.0265625 0.121875
0 0.39453125 0.3921875 0.0203125 0.10625
0 0.9578125 0.57421875 0.084375 0.5296875
0 0.03671875 0.44296875 0.053125 0.221875
0 0.2703125 0.4046875 0.0359375 0.134375
0 0.14453125 0.41171875 0.0296875 0.128125
0 0.54453125 0.39375 0.028125 0.1421875
0 0.48828125 0.3859375 0.0171875 0.103125
0 0.24375 0.39140625 0.0140625 0.08125
0 0.4046875 0.3765625 0.0140625 0.0640625
0 0.06875 0.38125 0.0109375 0.0625
0 0.090625 0.40078125 0.0171875 0.0953125
0 0.35234375 0.384375 0.01875 0.0484375
0 0.36484375 0.38515625 0.015625 0.0453125
0 0.76640625 0.4078125 0.0265625 0.1296875