0 0.728125 0.47578125 0.0421875 0.2234375
0 0.771875 0.471875 0.0390625 0.1640625
0 0.35625 0.48046875 0.04375 0.1953125
0 0.63359375 0.4359375 0.025 0.1140625
0 0.24921875 0.47890625 0.0390625 0.165625
0 0.375 0.47578125 0.034375 0.171875
0 0.28828125 0.48359375 0.03125 0.159375
0 0.49765625 0.440625 0.021875 0.1046875
0 0.60390625 0.4421875 0.0203125 0.096875
0 0.30859375 0.4796875 0.03125 0.1671875
0 0.57734375 0.4265625 0.015625 0.075
0 0.19140625 0.43125 0.015625 0.0640625
0 0.33359375 0.4609375 0.028125 0.1265625
0 0.6140625 0.434375 0.015625 0.09375
0 0.428125 0.4296875 0.0109375 0.0640625
0 0.4203125 0.43046875 0.0109375 0.053125
0 0.43671875 0.4359375 0.0109375 0.065625
0 0.41015625 0.43203125 0.0109375 0.0546875
0 0.39453125 0.43046875 0.0125 0.0578125
0 0.8265625 0.44765625 0.021875 0.1