0 0.60859375 0.340625 0.028125 0.13125
0 0.41015625 0.34296875 0.0328125 0.1625
0 0.4546875 0.34921875 0.028125 0.1484375
0 0.65859375 0.3296875 0.0359375 0.128125
0 0.87421875 0.44921875 0.1125 0.5640625
0 0.3921875 0.3328125 0.0234375 0.103125
0 0.8109375 0.415625 0.0703125 0.446875
0 0.546875 0.31953125 0.0171875 0.0625
0 0.03515625 0.32890625 0.0359375 0.1265625
0 0.065625 0.328125 0.0203125 0.0953125
0 0.0875 0.32890625 0.021875 0.096875
0 0.57890625 0.31796875 0.0125 0.053125
0 0.56171875 0.309375 0.0125 0.0578125
0 0.490625 0.35078125 0.028125 0.09375
0 0.515625 0.35703125 0.0265625 0.090625
0 0.3265625 0.31328125 0.0140625 0.0484375
0 0.3375 0.31875 0.0125 0.046875
0 0.3515625 0.3140625 0.0125 0.04375
0 0.36328125 0.309375 0.0109375 0.0390625
0 0.37265625 0.30859375 0.0125 0.0390625