0 0.5625 0.39140625 0.0359375 0.14375
0 0.50546875 0.37734375 0.025 0.13125
0 0.48125 0.37578125 0.025 0.1390625
0 0.775 0.60546875 0.10625 0.6421875
0 0.9171875 0.6125 0.1421875 0.6828125
0 0.35703125 0.3796875 0.034375 0.171875
0 0.51640625 0.37265625 0.021875 0.1171875
0 0.01796875 0.3921875 0.0359375 0.1796875
0 0.26015625 0.36484375 0.025 0.1109375
0 0.60546875 0.37109375 0.01875 0.10625
0 0.28828125 0.3640625 0.0234375 0.121875
0 0.27578125 0.36796875 0.021875 0.109375
0 0.13046875 0.33359375 0.0140625 0.0703125
0 0.14609375 0.35703125 0.021875 0.10625
0 0.46484375 0.35859375 0.01875 0.05
0 0.16015625 0.34140625 0.015625 0.0640625
0 0.40703125 0.34921875 0.0125 0.059375
0 0.3984375 0.34609375 0.009375 0.059375
0 0.37578125 0.34453125 0.0125 0.046875