0 0.44375 0.44140625 0.0375 0.159375
0 0.3796875 0.41171875 0.025 0.11875
0 0.29296875 0.40859375 0.01875 0.09375
0 0.9390625 0.60625 0.121875 0.49375
0 0.1984375 0.41875 0.025 0.1265625
0 0.359375 0.42109375 0.021875 0.1078125
0 0.39453125 0.4125 0.0171875 0.103125
0 0.16796875 0.409375 0.01875 0.0875
0 0.15703125 0.4171875 0.0140625 0.0703125
0 0.146875 0.40390625 0.015625 0.0546875
0 0.31484375 0.39765625 0.0140625 0.0640625
0 0.2578125 0.403125 0.0203125 0.0453125
0 0.27265625 0.40859375 0.015625 0.0453125
0 0.6546875 0.42578125 0.0234375 0.115625