0 0.60625 0.37578125 0.03125 0.1390625
0 0.43359375 0.378125 0.03125 0.15625
0 0.17109375 0.48125 0.1375 0.5015625
0 0.4890625 0.3765625 0.0296875 0.1421875
0 0.58671875 0.35078125 0.0203125 0.08125
0 0.67265625 0.39765625 0.040625 0.26875
0 0.340625 0.36640625 0.0203125 0.096875
0 0.5234375 0.3515625 0.015625 0.0609375
0 0.546875 0.3421875 0.0109375 0.0390625
0 0.5328125 0.33828125 0.0109375 0.04375
0 0.475 0.3734375 0.0234375 0.0703125
0 0.3328125 0.346875 0.015625 0.0671875
0 0.36640625 0.35234375 0.0125 0.0609375
0 0.37734375 0.353125 0.0125 0.059375