0 0.61796875 0.3640625 0.03125 0.1390625
0 0.45234375 0.353125 0.0296875 0.140625
0 0.3609375 0.39375 0.0609375 0.275
0 0.95546875 0.60546875 0.0890625 0.7375
0 0.20078125 0.38671875 0.0640625 0.2640625
0 0.48984375 0.36171875 0.03125 0.1265625
0 0.52578125 0.325 0.0125 0.0546875
0 0.56796875 0.3515625 0.0265625 0.153125
0 0.653125 0.34453125 0.0203125 0.109375
0 0.2953125 0.34375 0.0234375 0.1125
0 0.3046875 0.35546875 0.0234375 0.1265625
0 0.0171875 0.359375 0.028125 0.14375
0 0.465625 0.35 0.01875 0.05625