0 0.61484375 0.3796875 0.03125 0.134375
0 0.44296875 0.37109375 0.03125 0.159375
0 0.14765625 0.50625 0.1515625 0.5171875
0 0.49453125 0.37578125 0.025 0.14375
0 0.60390625 0.353125 0.025 0.0859375
0 0.7015625 0.40390625 0.0625 0.2984375
0 0.3546875 0.36328125 0.0203125 0.1
0 0.678125 0.39921875 0.0421875 0.2515625
0 0.53203125 0.34765625 0.015625 0.0609375
0 0.55625 0.34375 0.0109375 0.04375
0 0.54296875 0.3390625 0.0109375 0.05
0 0.50390625 0.37890625 0.0234375 0.0703125
0 0.3328125 0.35390625 0.015625 0.0671875
0 0.37734375 0.34921875 0.0125 0.0609375
0 0.38828125 0.346875 0.0125 0.059375