0 0.5921875 0.321875 0.03125 0.134375
0 0.40859375 0.33046875 0.0328125 0.1609375
0 0.44609375 0.3296875 0.0296875 0.146875
0 0.6203125 0.30625 0.028125 0.109375
0 0.77109375 0.384375 0.0640625 0.425
0 0.36875 0.32109375 0.021875 0.1046875
0 0.74375 0.38046875 0.0546875 0.3609375
0 0.52421875 0.296875 0.015625 0.0640625
0 0.05390625 0.41640625 0.05625 0.3359375
0 0.10234375 0.3140625 0.01875 0.08125
0 0.553125 0.296875 0.0125 0.053125
0 0.5421875 0.29375 0.0109375 0.0515625
0 0.475 0.32421875 0.025 0.084375
0 0.4953125 0.33125 0.025 0.0828125
0 0.3109375 0.29375 0.0140625 0.0453125
0 0.31953125 0.2984375 0.0109375 0.046875
0 0.3328125 0.29296875 0.0109375 0.0390625
0 0.33671875 0.290625 0.0109375 0.04375
0 0.384375 0.30390625 0.0109375 0.0578125
0 0.34765625 0.29375 0.0109375 0.0359375
0 0.35390625 0.29140625 0.009375 0.0359375