0 0.61328125 0.3796875 0.0328125 0.140625
0 0.446875 0.365625 0.0296875 0.14375
0 0.3078125 0.4234375 0.075 0.3515625
0 0.965625 0.63125 0.06875 0.7375
0 0.203125 0.39765625 0.08125 0.2703125
0 0.4859375 0.37109375 0.021875 0.1296875
0 0.528125 0.340625 0.0140625 0.05625
0 0.5703125 0.37109375 0.0265625 0.15625
0 0.6703125 0.365625 0.01875 0.1140625
0 0.2703125 0.3640625 0.0203125 0.1203125
0 0.24609375 0.36171875 0.0234375 0.1203125
0 0.5078125 0.334375 0.009375 0.0359375
0 0.46484375 0.35546875 0.01875 0.0578125
0 0.37890625 0.34296875 0.0125 0.0609375
0 0.3546875 0.33828125 0.0125 0.0734375