0 0.6375 0.37109375 0.028125 0.13125
0 0.4375 0.37578125 0.0328125 0.1640625
0 0.478125 0.38046875 0.0296875 0.1484375
0 0.7890625 0.38125 0.05625 0.2078125
0 0.58828125 0.3484375 0.0171875 0.0640625
0 0.00703125 0.37890625 0.0140625 0.1140625
0 0.61015625 0.34765625 0.015625 0.06875
0 0.5328125 0.38984375 0.034375 0.109375
0 0.5609375 0.4 0.034375 0.10625
0 0.35234375 0.34375 0.0140625 0.053125
0 0.36484375 0.3484375 0.0125 0.05
0 0.37734375 0.34609375 0.0125 0.0484375
0 0.41484375 0.35234375 0.0203125 0.05625
0 0.38984375 0.34140625 0.0109375 0.0390625
0 0.4 0.34375 0.0125 0.0390625