0 0.62421875 0.35546875 0.03125 0.1359375
0 0.44921875 0.35625 0.03125 0.1640625
0 0.09921875 0.52578125 0.16875 0.6140625
0 0.490625 0.35703125 0.028125 0.1453125
0 0.72734375 0.38984375 0.046875 0.321875
0 0.37421875 0.3484375 0.0203125 0.1
0 0.71015625 0.3859375 0.046875 0.278125
0 0.5484375 0.3265625 0.015625 0.0609375
0 0.1953125 0.40390625 0.0328125 0.253125
0 0.5734375 0.32578125 0.009375 0.046875
0 0.56015625 0.3203125 0.0109375 0.0515625
0 0.51640625 0.359375 0.0234375 0.0734375
0 0.3390625 0.33203125 0.015625 0.065625
0 0.39296875 0.32734375 0.0125 0.0609375
0 0.4 0.33203125 0.0125 0.059375