0 0.62109375 0.3265625 0.0328125 0.14375
0 0.46484375 0.31875 0.0296875 0.140625
0 0.42109375 0.3375 0.0453125 0.2140625
0 0.90859375 0.5640625 0.1265625 0.7390625
0 0.22421875 0.34140625 0.0515625 0.2296875
0 0.50078125 0.31953125 0.0265625 0.121875
0 0.53359375 0.28671875 0.0125 0.0546875
0 0.571875 0.3109375 0.0265625 0.140625
0 0.296875 0.3140625 0.025 0.10625
0 0.64609375 0.303125 0.0203125 0.1109375
0 0.10703125 0.35 0.05625 0.234375
0 0.084375 0.36328125 0.04375 0.2
0 0.35703125 0.3125 0.0234375 0.1109375
0 0.31953125 0.32421875 0.0234375 0.121875
0 0.02578125 0.30546875 0.0171875 0.09375
0 0.059375 0.32890625 0.028125 0.134375
0 0.38671875 0.29140625 0.0109375 0.0640625