0 0.58984375 0.32890625 0.034375 0.1515625
0 0.4515625 0.31484375 0.0296875 0.140625
0 0.425 0.33125 0.0390625 0.1921875
0 0.84140625 0.5515625 0.109375 0.70625
0 0.953125 0.56171875 0.09375 0.759375
0 0.2359375 0.3265625 0.040625 0.2171875
0 0.48828125 0.309375 0.025 0.125
0 0.50703125 0.28828125 0.0125 0.0484375
0 0.5421875 0.31171875 0.0265625 0.134375
0 0.26796875 0.30546875 0.025 0.10625
0 0.6109375 0.3078125 0.0171875 0.109375
0 0.13515625 0.334375 0.040625 0.203125
0 0.115625 0.34296875 0.0296875 0.1796875
0 0.37578125 0.31328125 0.025 0.10625
0 0.31015625 0.321875 0.0234375 0.121875
0 0.01796875 0.296875 0.01875 0.0890625
0 0.05703125 0.315625 0.028125 0.1296875
0 0.33203125 0.29453125 0.0125 0.0546875
0 0.346875 0.28671875 0.0140625 0.0546875