0 0.5859375 0.31796875 0.034375 0.15
0 0.45390625 0.31015625 0.03125 0.140625
0 0.43515625 0.3234375 0.0390625 0.1875
0 0.82421875 0.53515625 0.125 0.7203125
0 0.95234375 0.5328125 0.0953125 0.73125
0 0.246875 0.32265625 0.05 0.215625
0 0.48515625 0.30703125 0.0234375 0.125
0 0.51171875 0.278125 0.0125 0.046875
0 0.54609375 0.30546875 0.0265625 0.1328125
0 0.55 0.3125 0.0203125 0.121875
0 0.6109375 0.2984375 0.0171875 0.1109375
0 0.15625 0.3265625 0.0390625 0.1953125
0 0.13203125 0.32890625 0.028125 0.1734375
0 0.390625 0.30390625 0.0234375 0.10625
0 0.37578125 0.30546875 0.0203125 0.109375
0 0.31796875 0.3140625 0.0234375 0.121875
0 0.0296875 0.28203125 0.0171875 0.0875
0 0.05859375 0.303125 0.0265625 0.1234375
0 0.33671875 0.28359375 0.0125 0.0546875
0 0.3453125 0.28671875 0.0140625 0.0546875