0 0.6125 0.36640625 0.03125 0.134375
0 0.44453125 0.36640625 0.03125 0.1640625
0 0.12265625 0.51328125 0.1609375 0.5546875
0 0.4890625 0.3640625 0.0296875 0.1453125
0 0.7046875 0.39765625 0.04375 0.3
0 0.365625 0.35703125 0.0203125 0.1
0 0.5375 0.3390625 0.015625 0.0609375
0 0.5609375 0.33671875 0.009375 0.0453125
0 0.54609375 0.334375 0.0125 0.0515625
0 0.509375 0.371875 0.0234375 0.071875
0 0.3296875 0.34609375 0.0171875 0.065625
0 0.38203125 0.340625 0.0125 0.0609375
0 0.39375 0.3390625 0.0125 0.059375