0 0.65 0.3703125 0.028125 0.1296875
0 0.45234375 0.37578125 0.0328125 0.165625
0 0.490625 0.38359375 0.03125 0.15
0 0.83828125 0.390625 0.053125 0.2265625
0 0.603125 0.34609375 0.0171875 0.0640625
0 0.00703125 0.3703125 0.0140625 0.1265625
0 0.6265625 0.34609375 0.0140625 0.0703125
0 0.54609375 0.39140625 0.034375 0.109375
0 0.57109375 0.40078125 0.0359375 0.1109375
0 0.36640625 0.346875 0.0140625 0.053125
0 0.37734375 0.34609375 0.0140625 0.05
0 0.38671875 0.340625 0.0140625 0.05
0 0.428125 0.3515625 0.01875 0.0578125
0 0.4 0.34140625 0.009375 0.0390625
0 0.409375 0.34140625 0.0125 0.0390625