0 0.44296875 0.4453125 0.0375 0.159375
0 0.38515625 0.4140625 0.025 0.11875
0 0.303125 0.41640625 0.01875 0.096875
0 0.9421875 0.58828125 0.0828125 0.5078125
0 0.0109375 0.4515625 0.021875 0.209375
0 0.196875 0.42578125 0.028125 0.125
0 0.3671875 0.42109375 0.021875 0.1078125
0 0.0484375 0.4421875 0.03125 0.134375
0 0.45546875 0.41875 0.0234375 0.1296875
0 0.40234375 0.41640625 0.0171875 0.103125
0 0.175 0.41484375 0.0171875 0.0859375
0 0.1625 0.40546875 0.0109375 0.05
0 0.32109375 0.403125 0.0140625 0.0640625
0 0.2671875 0.4109375 0.0171875 0.0453125
0 0.28125 0.41484375 0.015625 0.0453125
0 0.6671875 0.4265625 0.0234375 0.1171875