0 0.5984375 0.3359375 0.03125 0.1359375
0 0.40390625 0.3390625 0.03125 0.1609375
0 0.45390625 0.3359375 0.0296875 0.146875
0 0.6359375 0.3203125 0.03125 0.1140625
0 0.80390625 0.40703125 0.0671875 0.4671875
0 0.37734375 0.321875 0.021875 0.103125
0 0.76875 0.3953125 0.065625 0.396875
0 0.534375 0.31171875 0.01875 0.065625
0 0.02578125 0.43046875 0.0515625 0.35
0 0.0578125 0.3296875 0.0390625 0.125
0 0.09765625 0.32421875 0.021875 0.090625
0 0.5640625 0.30625 0.0125 0.053125
0 0.55 0.3015625 0.0109375 0.0546875
0 0.48203125 0.33828125 0.0265625 0.0921875
0 0.50390625 0.34765625 0.0265625 0.0890625
0 0.3171875 0.31171875 0.0140625 0.046875
0 0.325 0.3109375 0.0109375 0.046875
0 0.3375 0.30625 0.0125 0.0390625
0 0.34296875 0.303125 0.0125 0.040625
0 0.35390625 0.3046875 0.0109375 0.0375
0 0.36171875 0.30546875 0.009375 0.0390625