0 0.665625 0.534375 0.059375 0.315625
0 0.57578125 0.48671875 0.0375 0.1609375
0 0.11328125 0.54375 0.0765625 0.2796875
0 0.46796875 0.4578125 0.025 0.1125
0 0.02734375 0.51328125 0.0453125 0.190625
0 0.1453125 0.50390625 0.0359375 0.18125
0 0.07109375 0.5109375 0.034375 0.1703125
0 0.4421875 0.46484375 0.0203125 0.1
0 0.42421875 0.45078125 0.015625 0.08125
0 0.48046875 0.45546875 0.0203125 0.0953125
0 0.26484375 0.45703125 0.0125 0.06875
0 0.25390625 0.45546875 0.0109375 0.059375
0 0.27109375 0.4625 0.0125 0.071875
0 0.24609375 0.45234375 0.0125 0.059375
0 0.2328125 0.453125 0.0109375 0.0609375
0 0.2171875 0.45546875 0.0109375 0.0515625
0 0.38203125 0.44921875 0.0140625 0.0640625