0 0.559375 0.39609375 0.0359375 0.1484375
0 0.50078125 0.384375 0.0265625 0.13125
0 0.4796875 0.378125 0.021875 0.1359375
0 0.77578125 0.61171875 0.1140625 0.640625
0 0.91875 0.61796875 0.1484375 0.6859375
0 0.35390625 0.38203125 0.0375 0.1734375
0 0.5109375 0.375 0.0234375 0.11875
0 0.01640625 0.39453125 0.0328125 0.1796875
0 0.5453125 0.38203125 0.0265625 0.121875
0 0.25546875 0.36875 0.025 0.1109375
0 0.6015625 0.37578125 0.01875 0.10625
0 0.28671875 0.36796875 0.0234375 0.121875
0 0.27421875 0.371875 0.021875 0.1109375
0 0.5234375 0.375 0.0203125 0.09375
0 0.12890625 0.3375 0.0125 0.0703125
0 0.14375 0.3609375 0.021875 0.10625
0 0.46015625 0.3640625 0.01875 0.05
0 0.15703125 0.34609375 0.0140625 0.0640625
0 0.403125 0.353125 0.0125 0.059375
0 0.39375 0.3484375 0.0109375 0.0578125
0 0.371875 0.3484375 0.0125 0.046875