0 0.55234375 0.40390625 0.0359375 0.1546875
0 0.4921875 0.39453125 0.028125 0.13125
0 0.46796875 0.3828125 0.0296875 0.14375
0 0.778125 0.6234375 0.11875 0.640625
0 0.91640625 0.64453125 0.1203125 0.675
0 0.3453125 0.38671875 0.0484375 0.175
0 0.503125 0.38046875 0.021875 0.11875
0 0.0125 0.4046875 0.025 0.18125
0 0.24375 0.378125 0.0265625 0.1109375
0 0.73125 0.4515625 0.0546875 0.3203125
0 0.59140625 0.3875 0.01875 0.10625
0 0.28203125 0.3765625 0.0234375 0.1203125
0 0.26953125 0.38203125 0.021875 0.1125
0 0.521875 0.38046875 0.0203125 0.09375
0 0.1203125 0.34453125 0.0140625 0.06875
0 0.13515625 0.37109375 0.021875 0.10625
0 0.45 0.378125 0.01875 0.05
0 0.15078125 0.35390625 0.015625 0.0640625
0 0.39296875 0.36171875 0.0125 0.059375
0 0.38203125 0.35546875 0.009375 0.05625