0 0.4515625 0.44375 0.034375 0.1546875
0 0.39453125 0.41640625 0.0234375 0.115625
0 0.3125 0.41796875 0.01875 0.0984375
0 0.93671875 0.59765625 0.0984375 0.515625
0 0.00859375 0.45625 0.0171875 0.2125
0 0.1984375 0.43125 0.0265625 0.125
0 0.37578125 0.42109375 0.021875 0.1078125
0 0.06015625 0.44375 0.03125 0.134375
0 0.4625 0.42109375 0.025 0.1328125
0 0.4109375 0.41640625 0.0171875 0.103125
0 0.18125 0.41796875 0.0171875 0.0875
0 0.171875 0.40546875 0.0109375 0.0515625
0 0.32578125 0.40625 0.0140625 0.0640625
0 0.2765625 0.41328125 0.01875 0.0453125
0 0.28671875 0.4140625 0.015625 0.0453125
0 0.67421875 0.428125 0.0234375 0.11875