0 0.6125 0.384375 0.03125 0.1390625
0 0.44609375 0.36953125 0.0296875 0.14375
0 0.3328125 0.4109375 0.0671875 0.309375
0 0.94921875 0.63046875 0.1015625 0.7140625
0 0.20078125 0.38984375 0.0625 0.2640625
0 0.4828125 0.37109375 0.021875 0.1265625
0 0.51953125 0.3453125 0.0140625 0.0546875
0 0.56328125 0.3734375 0.0234375 0.15625
0 0.6546875 0.36875 0.01875 0.109375
0 0.26875 0.36171875 0.0234375 0.1203125
0 0.29375 0.3640625 0.0234375 0.1296875
0 0.00703125 0.36171875 0.0140625 0.1453125
0 0.4984375 0.3390625 0.0109375 0.034375
0 0.46171875 0.3609375 0.01875 0.05625
0 0.38046875 0.34296875 0.0109375 0.059375