0 0.67109375 0.5375 0.0546875 0.353125
0 0.5453125 0.48515625 0.0359375 0.1578125
0 0.05234375 0.55625 0.0875 0.3140625
0 0.446875 0.45546875 0.021875 0.109375
0 0.1078125 0.50625 0.0359375 0.1828125
0 0.12265625 0.4859375 0.0375 0.165625
0 0.41953125 0.4578125 0.01875 0.103125
0 0.40390625 0.4484375 0.0171875 0.084375
0 0.46328125 0.453125 0.0203125 0.096875
0 0.4375 0.45546875 0.015625 0.1015625
0 0.2390625 0.453125 0.0125 0.06875
0 0.2296875 0.45703125 0.0109375 0.0546875
0 0.2484375 0.4578125 0.0140625 0.0734375
0 0.2109375 0.45 0.0109375 0.0609375
0 0.19296875 0.4484375 0.009375 0.0546875
0 0.20546875 0.4515625 0.0109375 0.0515625
0 0.359375 0.44296875 0.0140625 0.0640625