0 0.46328125 0.36171875 0.03125 0.15
0 0.20390625 0.41796875 0.1015625 0.378125
0 0.51015625 0.36328125 0.028125 0.1375
0 0.57890625 0.334375 0.015625 0.0625
0 0.64375 0.371875 0.03125 0.1984375
0 0.34453125 0.3453125 0.021875 0.09375
0 0.1515625 0.36953125 0.0328125 0.134375
0 0.11171875 0.3734375 0.0453125 0.1484375
0 0.52578125 0.33125 0.0140625 0.059375
0 0.2875 0.36875 0.0265625 0.1546875
0 0.54453125 0.3296875 0.009375 0.0390625
0 0.534375 0.328125 0.009375 0.0421875
0 0.4859375 0.35390625 0.025 0.0640625
0 0.384375 0.33984375 0.015625 0.0671875
0 0.3671875 0.33046875 0.015625 0.0765625