0 0.61953125 0.34609375 0.0328125 0.140625
0 0.459375 0.3296875 0.028125 0.140625
0 0.3984375 0.365625 0.053125 0.234375
0 0.94375 0.58671875 0.1125 0.746875
0 0.20546875 0.35859375 0.0578125 0.246875
0 0.496875 0.33671875 0.0265625 0.1265625
0 0.52734375 0.3109375 0.0125 0.0546875
0 0.5671875 0.334375 0.0234375 0.15
0 0.29453125 0.32109375 0.021875 0.1015625
0 0.57578125 0.3390625 0.0203125 0.1375
0 0.6484375 0.32421875 0.01875 0.1109375
0 0.046875 0.3703125 0.0625 0.259375
0 0.340625 0.32890625 0.0203125 0.1046875
0 0.31328125 0.34140625 0.0234375 0.121875
0 0.3578125 0.315625 0.0140625 0.05625