0 0.609375 0.36484375 0.0296875 0.1328125
0 0.43828125 0.36875 0.0296875 0.146875
0 0.23046875 0.44609375 0.115625 0.43125
0 0.49375 0.37109375 0.0265625 0.1390625
0 0.57421875 0.34140625 0.0171875 0.0703125
0 0.6453125 0.38359375 0.04375 0.2296875
0 0.3296875 0.35625 0.021875 0.09375
0 0.03046875 0.38125 0.0390625 0.14375
0 0.5140625 0.3421875 0.0125 0.0609375
0 0.5359375 0.3390625 0.0109375 0.0390625
0 0.5234375 0.33359375 0.009375 0.0453125
0 0.4703125 0.36328125 0.0234375 0.0703125
0 0.34765625 0.3484375 0.015625 0.0671875
0 0.32265625 0.34921875 0.01875 0.0765625
0 0.36171875 0.34609375 0.0125 0.059375
0 0.36953125 0.34921875 0.0125 0.059375