0 0.7359375 0.48984375 0.046875 0.2484375
0 0.33125 0.49140625 0.0484375 0.2015625
0 0.6171875 0.440625 0.025 0.1140625
0 0.22109375 0.48203125 0.040625 0.171875
0 0.259375 0.48828125 0.0328125 0.1640625
0 0.47265625 0.44765625 0.021875 0.10625
0 0.5859375 0.44453125 0.0203125 0.1
0 0.28671875 0.484375 0.0328125 0.16875
0 0.5578125 0.43671875 0.015625 0.0765625
0 0.16640625 0.43359375 0.015625 0.0640625
0 0.59609375 0.440625 0.0171875 0.09375
0 0.41015625 0.43671875 0.0109375 0.0609375
0 0.4046875 0.43671875 0.0109375 0.053125
0 0.42109375 0.44375 0.0109375 0.065625
0 0.39296875 0.43671875 0.0125 0.0546875
0 0.37890625 0.434375 0.0125 0.0578125
0 0.36171875 0.44140625 0.009375 0.0515625
0 0.815625 0.45703125 0.021875 0.1