0 0.46640625 0.3515625 0.03125 0.1484375
0 0.20078125 0.409375 0.0953125 0.359375
0 0.5078125 0.35390625 0.0265625 0.1359375
0 0.5734375 0.33203125 0.015625 0.065625
0 0.6359375 0.3640625 0.028125 0.190625
0 0.33828125 0.33828125 0.021875 0.09375
0 0.1390625 0.35703125 0.034375 0.14375
0 0.525 0.33046875 0.0140625 0.059375
0 0.29296875 0.36328125 0.025 0.1484375
0 0.54296875 0.321875 0.009375 0.0390625
0 0.53125 0.321875 0.009375 0.04375
0 0.4828125 0.34609375 0.025 0.0609375
0 0.3875 0.32890625 0.015625 0.0671875
0 0.3671875 0.32109375 0.015625 0.075
0 0.37109375 0.33203125 0.0125 0.0609375