0 0.53984375 0.396875 0.034375 0.15
0 0.475 0.37890625 0.021875 0.1203125
0 0.43515625 0.378125 0.021875 0.1203125
0 0.94453125 0.578125 0.1109375 0.58125
0 0.04375 0.43125 0.0609375 0.234375
0 0.3390625 0.38671875 0.034375 0.140625
0 0.01171875 0.4421875 0.0234375 0.18125
0 0.49140625 0.36953125 0.01875 0.096875
0 0.1859375 0.39609375 0.025 0.121875
0 0.5984375 0.384375 0.03125 0.1640625
0 0.2875 0.378125 0.0203125 0.1
0 0.2734375 0.38125 0.0140625 0.0828125
0 0.3125 0.3828125 0.0171875 0.1
0 0.44609375 0.359375 0.0140625 0.0640625
0 0.10546875 0.36953125 0.0109375 0.0625
0 0.12890625 0.38671875 0.01875 0.0953125
0 0.39609375 0.36953125 0.01875 0.0484375
0 0.40546875 0.36953125 0.015625 0.0453125
0 0.83359375 0.38984375 0.0328125 0.14375