0 0.61484375 0.34765625 0.0328125 0.1390625
0 0.4375 0.34453125 0.03125 0.1609375
0 0.05 0.578125 0.1 0.69375
0 0.47265625 0.3515625 0.0296875 0.1453125
0 0.7359375 0.39375 0.05 0.3421875
0 0.3734375 0.3359375 0.021875 0.1015625
0 0.715625 0.390625 0.046875 0.2953125
0 0.54140625 0.32265625 0.015625 0.0625
0 0.16171875 0.4046875 0.059375 0.2671875
0 0.1328125 0.31875 0.015625 0.0765625
0 0.56640625 0.315625 0.0109375 0.046875
0 0.553125 0.31875 0.0125 0.059375
0 0.490625 0.34453125 0.0234375 0.0765625
0 0.51015625 0.35078125 0.0234375 0.075
0 0.3171875 0.321875 0.0171875 0.065625
0 0.38671875 0.32265625 0.0125 0.0609375
0 0.39765625 0.32578125 0.0125 0.059375