0 0.72890625 0.484375 0.040625 0.2265625
0 0.76015625 0.47734375 0.0359375 0.1625
0 0.34375 0.4875 0.046875 0.1890625
0 0.6234375 0.440625 0.025 0.10625
0 0.23515625 0.48359375 0.0390625 0.1640625
0 0.27578125 0.4859375 0.028125 0.159375
0 0.48515625 0.44609375 0.021875 0.1046875
0 0.5984375 0.4453125 0.0203125 0.0984375
0 0.3 0.48203125 0.028125 0.1640625
0 0.56953125 0.43203125 0.0171875 0.0765625
0 0.1828125 0.4375 0.0140625 0.0640625
0 0.42421875 0.43046875 0.0109375 0.0625
0 0.415625 0.43359375 0.0109375 0.053125
0 0.43046875 0.4421875 0.0109375 0.065625
0 0.40390625 0.43828125 0.009375 0.0546875
0 0.3890625 0.434375 0.0125 0.0578125
0 0.3734375 0.43671875 0.009375 0.0515625
0 0.82578125 0.4515625 0.021875 0.0984375