0 0.60625 0.34375 0.0296875 0.1328125
0 0.428125 0.33984375 0.03125 0.1609375
0 0.46796875 0.34765625 0.0265625 0.14375
0 0.7328125 0.38984375 0.05 0.3484375
0 0.36796875 0.33203125 0.021875 0.1
0 0.7125 0.38671875 0.0484375 0.3015625
0 0.53359375 0.3203125 0.0140625 0.0640625
0 0.1390625 0.40078125 0.0578125 0.2703125
0 0.55859375 0.3140625 0.0125 0.0484375
0 0.5453125 0.3140625 0.0125 0.053125
0 0.484375 0.3390625 0.025 0.0703125
0 0.50390625 0.3484375 0.025 0.0765625
0 0.39140625 0.32578125 0.0125 0.059375