0 0.62578125 0.3484375 0.03125 0.1359375
0 0.45 0.35390625 0.03125 0.1640625
0 0.0953125 0.5265625 0.165625 0.6453125
0 0.49140625 0.35546875 0.0296875 0.1453125
0 0.7296875 0.38671875 0.046875 0.321875
0 0.37578125 0.34453125 0.0203125 0.1
0 0.71171875 0.3875 0.046875 0.28125
0 0.54921875 0.32421875 0.015625 0.0609375
0 0.19375 0.403125 0.0359375 0.25625
0 0.575 0.321875 0.0109375 0.046875
0 0.5609375 0.315625 0.0109375 0.0515625
0 0.51875 0.35625 0.0234375 0.0734375
0 0.3375 0.328125 0.015625 0.065625
0 0.3953125 0.325 0.0125 0.059375
0 0.40234375 0.33046875 0.0125 0.059375