0 0.6109375 0.37265625 0.028125 0.13125
0 0.440625 0.37421875 0.03125 0.159375
0 0.17890625 0.5 0.13125 0.4703125
0 0.49296875 0.37578125 0.0265625 0.1375
0 0.58984375 0.3515625 0.021875 0.084375
0 0.67890625 0.39609375 0.04375 0.271875
0 0.34609375 0.3640625 0.0203125 0.096875
0 0.52578125 0.3515625 0.015625 0.0609375
0 0.5484375 0.33984375 0.0109375 0.0390625
0 0.53515625 0.33828125 0.0109375 0.04375
0 0.47890625 0.371875 0.0234375 0.0703125
0 0.3328125 0.35 0.015625 0.0671875
0 0.36875 0.35078125 0.0125 0.0609375
0 0.38203125 0.35234375 0.0125 0.059375