0 0.49140625 0.3984375 0.0359375 0.1515625
0 0.43828125 0.3765625 0.025 0.121875
0 0.3953125 0.3796875 0.021875 0.125
0 0.8890625 0.5625 0.096875 0.5703125
0 0.97421875 0.546875 0.0515625 0.590625
0 0.30078125 0.38828125 0.0390625 0.1484375
0 0.4515625 0.36640625 0.0171875 0.0984375
0 0.1421875 0.39921875 0.025 0.121875
0 0.56796875 0.38359375 0.034375 0.1765625
0 0.46015625 0.36796875 0.0171875 0.090625
0 0.2390625 0.38125 0.0203125 0.109375
0 0.22265625 0.38515625 0.0140625 0.0890625
0 0.2765625 0.3875 0.0171875 0.1015625
0 0.2515625 0.365625 0.0140625 0.05625
0 0.40703125 0.3609375 0.0140625 0.0640625
0 0.046875 0.371875 0.0140625 0.0625
0 0.08203125 0.3890625 0.021875 0.1
0 0.35625 0.36875 0.0203125 0.0484375
0 0.37578125 0.37109375 0.015625 0.0453125
0 0.803125 0.39140625 0.0296875 0.146875