0 0.4875 0.4015625 0.0375 0.1578125
0 0.43828125 0.378125 0.028125 0.125
0 0.3921875 0.3796875 0.021875 0.125
0 0.88203125 0.565625 0.103125 0.578125
0 0.97109375 0.54609375 0.0578125 0.59375
0 0.29921875 0.38671875 0.0390625 0.1484375
0 0.1390625 0.40078125 0.025 0.121875
0 0.5671875 0.38359375 0.034375 0.178125
0 0.45625 0.36796875 0.0171875 0.090625
0 0.23671875 0.38203125 0.0203125 0.109375
0 0.22109375 0.38359375 0.0140625 0.0890625
0 0.271875 0.38828125 0.0171875 0.1015625
0 0.25 0.365625 0.0140625 0.05625
0 0.4015625 0.36171875 0.0140625 0.0640625
0 0.04140625 0.37265625 0.0140625 0.0640625
0 0.078125 0.390625 0.021875 0.1
0 0.353125 0.3703125 0.0203125 0.0484375
0 0.3734375 0.37109375 0.015625 0.0453125
0 0.8 0.39140625 0.028125 0.146875