0 0.46796875 0.38359375 0.0359375 0.153125
0 0.41328125 0.36640625 0.0234375 0.125
0 0.37890625 0.36640625 0.0265625 0.1265625
0 0.7984375 0.57890625 0.115625 0.6
0 0.925 0.565625 0.1328125 0.615625
0 0.28203125 0.36640625 0.0375 0.153125
0 0.43984375 0.35625 0.01875 0.109375
0 0.12734375 0.3734375 0.0265625 0.121875
0 0.56640625 0.37890625 0.0390625 0.203125
0 0.48671875 0.3578125 0.01875 0.10625
0 0.21484375 0.36328125 0.021875 0.1140625
0 0.20078125 0.365625 0.0171875 0.0890625
0 0.24375 0.34453125 0.0140625 0.0578125
0 0.3984375 0.34609375 0.0140625 0.0640625
0 0.021875 0.346875 0.0125 0.0671875
0 0.04609375 0.36796875 0.0203125 0.1
0 0.34765625 0.35390625 0.01875 0.05
0 0.36015625 0.353125 0.015625 0.0453125