0 0.6078125 0.3703125 0.03125 0.1359375
0 0.43203125 0.3703125 0.03125 0.15
0 0.22265625 0.43671875 0.1109375 0.415625
0 0.4890625 0.375 0.0296875 0.140625
0 0.565625 0.34765625 0.015625 0.065625
0 0.6375 0.3859375 0.03125 0.2234375
0 0.321875 0.35625 0.021875 0.09375
0 0.62734375 0.3875 0.03125 0.196875
0 0.0546875 0.38515625 0.0375 0.140625
0 0.51015625 0.34375 0.015625 0.059375
0 0.52734375 0.34140625 0.0109375 0.0390625
0 0.46328125 0.36328125 0.0234375 0.065625
0 0.34921875 0.3484375 0.015625 0.0671875
0 0.36171875 0.3484375 0.0125 0.059375