0 0.621875 0.3375 0.034375 0.14375
0 0.46328125 0.325 0.028125 0.140625
0 0.40390625 0.3515625 0.0515625 0.228125
0 0.94140625 0.565625 0.1171875 0.7265625
0 0.209375 0.353125 0.05625 0.240625
0 0.49921875 0.32734375 0.028125 0.125
0 0.53046875 0.2984375 0.0125 0.0546875
0 0.57265625 0.32890625 0.034375 0.1484375
0 0.29453125 0.31875 0.021875 0.1015625
0 0.64765625 0.31640625 0.01875 0.1109375
0 0.06796875 0.35546875 0.0625 0.2515625
0 0.0390625 0.371875 0.053125 0.215625
0 0.35 0.321875 0.0203125 0.1046875
0 0.33515625 0.32109375 0.0234375 0.109375
0 0.31484375 0.33671875 0.0234375 0.121875
0 0.00859375 0.30546875 0.0171875 0.09375
0 0.37734375 0.29921875 0.0125 0.065625