0 0.609375 0.3640625 0.0328125 0.1390625
0 0.4375 0.37109375 0.03125 0.1515625
0 0.2171875 0.44921875 0.1140625 0.4453125
0 0.4921875 0.375 0.0296875 0.140625
0 0.5765625 0.34296875 0.0171875 0.075
0 0.6515625 0.38203125 0.0359375 0.240625
0 0.3296875 0.36015625 0.021875 0.09375
0 0.63828125 0.384375 0.034375 0.2125
0 0.01953125 0.38046875 0.0390625 0.1453125
0 0.515625 0.340625 0.0140625 0.0609375
0 0.53828125 0.3390625 0.0109375 0.0390625
0 0.52421875 0.33359375 0.0109375 0.0453125
0 0.4703125 0.36328125 0.0234375 0.0703125
0 0.346875 0.34453125 0.015625 0.0671875
0 0.31953125 0.3484375 0.01875 0.0765625
0 0.3625 0.34609375 0.0125 0.0609375
0 0.36796875 0.34921875 0.0125 0.059375