0 0.58359375 0.38125 0.034375 0.146875
0 0.521875 0.36484375 0.0265625 0.1328125
0 0.49765625 0.36328125 0.03125 0.1515625
0 0.7765625 0.60859375 0.1203125 0.671875
0 0.9265625 0.6078125 0.1375 0.6890625
0 0.36796875 0.36796875 0.0515625 0.1859375
0 0.0265625 0.38046875 0.0421875 0.1765625
0 0.56875 0.35859375 0.021875 0.11875
0 0.6265625 0.3609375 0.01875 0.10625
0 0.2921875 0.35078125 0.0234375 0.1265625
0 0.27734375 0.353125 0.021875 0.109375
0 0.14453125 0.31796875 0.015625 0.0703125
0 0.15703125 0.346875 0.021875 0.10625
0 0.48046875 0.3484375 0.01875 0.05
0 0.42265625 0.3359375 0.0125 0.0578125
0 0.41328125 0.3359375 0.009375 0.059375