0 0.62578125 0.34375 0.028125 0.1296875
0 0.45 0.3484375 0.03125 0.1625
0 0.075 0.5390625 0.15 0.671875
0 0.48828125 0.34921875 0.0234375 0.14375
0 0.73828125 0.3890625 0.05 0.3296875
0 0.38046875 0.3375 0.0203125 0.1015625
0 0.71640625 0.39296875 0.0453125 0.2875
0 0.54765625 0.32421875 0.015625 0.0609375
0 0.1828125 0.40625 0.0515625 0.2625
0 0.15234375 0.321875 0.015625 0.075
0 0.57265625 0.32109375 0.0109375 0.046875
0 0.56015625 0.32109375 0.0125 0.0515625
0 0.51640625 0.35078125 0.0234375 0.075
0 0.33203125 0.3296875 0.0171875 0.0671875
0 0.39609375 0.321875 0.0125 0.059375
0 0.40546875 0.32578125 0.0125 0.059375