0 0.59453125 0.3234375 0.03125 0.134375
0 0.41328125 0.32578125 0.0328125 0.1609375
0 0.44921875 0.33203125 0.0296875 0.146875
0 0.6171875 0.30859375 0.0296875 0.1078125
0 0.7546875 0.378125 0.0546875 0.390625
0 0.3671875 0.315625 0.021875 0.1046875
0 0.72890625 0.37421875 0.05 0.3375
0 0.5265625 0.30078125 0.015625 0.065625
0 0.08203125 0.40078125 0.053125 0.3109375
0 0.1171875 0.30859375 0.0171875 0.0796875
0 0.55625 0.2984375 0.0125 0.053125
0 0.54296875 0.29609375 0.0125 0.053125
0 0.47734375 0.3296875 0.025 0.0859375
0 0.4953125 0.3359375 0.025 0.0828125
0 0.315625 0.29609375 0.0125 0.0453125
0 0.3234375 0.296875 0.0109375 0.046875
0 0.33515625 0.29296875 0.0109375 0.040625
0 0.340625 0.29140625 0.0109375 0.04375
0 0.38515625 0.31015625 0.0125 0.05625
0 0.35 0.29296875 0.009375 0.0359375