0 0.603125 0.35390625 0.03125 0.128125
0 0.40078125 0.3515625 0.0328125 0.1640625
0 0.446875 0.359375 0.0296875 0.1515625
0 0.6671875 0.35078125 0.0359375 0.1390625
0 0.91015625 0.47890625 0.096875 0.6390625
0 0.8515625 0.45546875 0.0859375 0.515625
0 0.54296875 0.32734375 0.015625 0.0640625
0 0.03359375 0.33203125 0.0203125 0.1015625
0 0.0578125 0.33203125 0.0203125 0.1015625
0 0.57578125 0.3328125 0.0125 0.053125
0 0.56171875 0.3296875 0.0125 0.05625
0 0.48671875 0.365625 0.028125 0.0953125
0 0.50859375 0.36796875 0.0265625 0.090625
0 0.31875 0.3203125 0.0140625 0.0515625
0 0.3296875 0.32265625 0.0125 0.0453125
0 0.33671875 0.31875 0.0125 0.04375
0 0.3453125 0.31484375 0.0125 0.0453125
0 0.378125 0.33046875 0.015625 0.05625
0 0.35546875 0.31796875 0.0109375 0.0390625
0 0.3640625 0.31796875 0.0125 0.0390625