0 0.53671875 0.4171875 0.0296875 0.1421875
0 0.47890625 0.39609375 0.021875 0.125
0 0.45078125 0.39453125 0.0265625 0.1375
0 0.7765625 0.6484375 0.109375 0.64375
0 0.925 0.6265625 0.146875 0.6640625
0 0.334375 0.403125 0.04375 0.1625
0 0.48671875 0.39921875 0.021875 0.1109375
0 0.51953125 0.3890625 0.0203125 0.10625
0 0.21953125 0.390625 0.0265625 0.115625
0 0.684375 0.44609375 0.0484375 0.2703125
0 0.56953125 0.39375 0.01875 0.10625
0 0.27265625 0.38671875 0.0234375 0.121875
0 0.25703125 0.39296875 0.01875 0.1015625
0 0.49921875 0.39296875 0.021875 0.096875
0 0.1015625 0.36171875 0.0140625 0.065625
0 0.12109375 0.384375 0.021875 0.10625
0 0.42890625 0.384375 0.01875 0.05
0 0.13203125 0.3640625 0.0140625 0.0640625
0 0.36953125 0.37109375 0.0125 0.059375
0 0.3578125 0.36953125 0.009375 0.0546875