0 0.64375 0.34609375 0.03125 0.1453125
0 0.46015625 0.33828125 0.03125 0.146875
0 0.05859375 0.46328125 0.1171875 0.6140625
0 0.2015625 0.37890625 0.0859375 0.340625
0 0.50859375 0.3484375 0.0296875 0.1375
0 0.56953125 0.31015625 0.0125 0.0625
0 0.6234375 0.34609375 0.028125 0.1796875
0 0.33671875 0.321875 0.021875 0.096875
0 0.52265625 0.31328125 0.0140625 0.059375
0 0.303125 0.33828125 0.0234375 0.1390625
0 0.5375 0.30703125 0.009375 0.0390625
0 0.52890625 0.3109375 0.0078125 0.04375
0 0.48203125 0.32578125 0.021875 0.059375
0 0.496875 0.328125 0.0203125 0.05625
0 0.3921875 0.3046875 0.015625 0.0671875
0 0.371875 0.3109375 0.015625 0.075
0 0.38203125 0.31328125 0.0125 0.059375