0 0.44140625 0.440625 0.0375 0.159375
0 0.38203125 0.4109375 0.025 0.11875
0 0.29609375 0.4125 0.01875 0.0953125
0 0.9421875 0.59296875 0.1046875 0.503125
0 0.1984375 0.42109375 0.03125 0.1296875
0 0.3625 0.42109375 0.021875 0.1078125
0 0.03984375 0.43828125 0.03125 0.134375
0 0.39765625 0.4140625 0.0171875 0.103125
0 0.17109375 0.41171875 0.0171875 0.0859375
0 0.16015625 0.41796875 0.0140625 0.0703125
0 0.146875 0.40234375 0.015625 0.0546875
0 0.31328125 0.39765625 0.0140625 0.0640625
0 0.259375 0.40625 0.0203125 0.046875
0 0.278125 0.41171875 0.015625 0.0453125
0 0.66015625 0.4265625 0.0234375 0.115625