0 0.58828125 0.32890625 0.034375 0.1515625
0 0.4515625 0.3140625 0.0296875 0.140625
0 0.42734375 0.33046875 0.0390625 0.190625
0 0.83828125 0.546875 0.1078125 0.7046875
0 0.95 0.5640625 0.1 0.7609375
0 0.2375 0.32578125 0.0390625 0.2171875
0 0.4875 0.309375 0.025 0.125
0 0.5078125 0.284375 0.0140625 0.046875
0 0.54140625 0.3125 0.0234375 0.1328125
0 0.26640625 0.3046875 0.025 0.10625
0 0.61015625 0.30546875 0.0171875 0.109375
0 0.13671875 0.33125 0.0390625 0.2015625
0 0.11640625 0.34140625 0.0296875 0.178125
0 0.37890625 0.31015625 0.025 0.10625
0 0.31171875 0.31953125 0.0234375 0.121875
0 0.01875 0.2953125 0.01875 0.0859375
0 0.0578125 0.31328125 0.0265625 0.128125
0 0.33203125 0.29140625 0.0125 0.0546875
0 0.3453125 0.28671875 0.0140625 0.0546875