0 0.57734375 0.3859375 0.0359375 0.1515625
0 0.5171875 0.37109375 0.028125 0.134375
0 0.49375 0.36875 0.0265625 0.1453125
0 0.778125 0.6 0.121875 0.6546875
0 0.92265625 0.63515625 0.153125 0.7015625
0 0.36484375 0.36875 0.03125 0.1765625
0 0.021875 0.38125 0.04375 0.178125
0 0.56328125 0.3625 0.0234375 0.1203125
0 0.62109375 0.36328125 0.01875 0.10625
0 0.29140625 0.353125 0.025 0.125
0 0.27734375 0.35625 0.021875 0.109375
0 0.140625 0.3234375 0.0140625 0.0703125
0 0.15546875 0.34609375 0.021875 0.10625
0 0.47578125 0.35 0.01875 0.05
0 0.16640625 0.33046875 0.015625 0.06875
0 0.41953125 0.3390625 0.0125 0.0578125
0 0.409375 0.3375 0.009375 0.059375
0 0.38671875 0.33671875 0.0125 0.046875