0 0.64375 0.34453125 0.03125 0.1453125
0 0.46015625 0.3359375 0.03125 0.146875
0 0.06640625 0.465625 0.1328125 0.59375
0 0.2046875 0.38046875 0.084375 0.3375
0 0.50859375 0.346875 0.0296875 0.1375
0 0.56796875 0.309375 0.0125 0.0609375
0 0.62109375 0.3453125 0.028125 0.178125
0 0.33671875 0.32109375 0.021875 0.1
0 0.521875 0.3109375 0.0140625 0.059375
0 0.30546875 0.33671875 0.021875 0.1359375
0 0.53671875 0.30703125 0.009375 0.0390625
0 0.528125 0.309375 0.0078125 0.0421875
0 0.47890625 0.32890625 0.0234375 0.059375
0 0.4953125 0.33203125 0.0203125 0.05625
0 0.3921875 0.30859375 0.015625 0.0671875
0 0.371875 0.31328125 0.015625 0.075
0 0.38203125 0.31171875 0.0125 0.059375