0 0.625 0.32421875 0.034375 0.15
0 0.46796875 0.315625 0.0296875 0.140625
0 0.41796875 0.34453125 0.0484375 0.21875
0 0.92890625 0.5734375 0.1375 0.7390625
0 0.221875 0.346875 0.053125 0.234375
0 0.50390625 0.31953125 0.028125 0.1234375
0 0.5359375 0.290625 0.0125 0.0546875
0 0.57578125 0.31484375 0.021875 0.1421875
0 0.29765625 0.315625 0.0234375 0.1046875
0 0.6484375 0.30859375 0.0203125 0.1109375
0 0.09921875 0.35546875 0.0609375 0.240625
0 0.0734375 0.36640625 0.046875 0.2046875
0 0.3640625 0.31171875 0.021875 0.10625
0 0.35078125 0.315625 0.0234375 0.109375
0 0.31796875 0.328125 0.0234375 0.121875
0 0.02265625 0.303125 0.01875 0.09375
0 0.05390625 0.32890625 0.028125 0.134375
0 0.38359375 0.29375 0.0125 0.065625