0 0.60390625 0.35078125 0.03125 0.134375
0 0.39921875 0.353125 0.03125 0.1640625
0 0.44609375 0.36171875 0.03125 0.1515625
0 0.66875 0.35078125 0.0328125 0.1390625
0 0.91484375 0.48359375 0.0984375 0.646875
0 0.85546875 0.45859375 0.0875 0.521875
0 0.54296875 0.32890625 0.015625 0.0640625
0 0.03203125 0.334375 0.0203125 0.1015625
0 0.05703125 0.334375 0.0203125 0.1015625
0 0.5765625 0.33359375 0.0125 0.053125
0 0.56171875 0.33125 0.0125 0.0578125
0 0.4875 0.365625 0.0296875 0.096875
0 0.509375 0.36875 0.0265625 0.090625
0 0.31953125 0.321875 0.0140625 0.0515625
0 0.3296875 0.3234375 0.0109375 0.0453125
0 0.33671875 0.31953125 0.0125 0.04375
0 0.34609375 0.315625 0.0125 0.0453125
0 0.378125 0.33203125 0.015625 0.0578125
0 0.35546875 0.31875 0.0109375 0.0390625
0 0.36484375 0.31953125 0.0125 0.0390625