0 0.46171875 0.35390625 0.03125 0.15
0 0.21015625 0.41875 0.0984375 0.375
0 0.51015625 0.35859375 0.028125 0.1375
0 0.57890625 0.3328125 0.015625 0.0640625
0 0.64453125 0.371875 0.03125 0.2
0 0.3453125 0.34609375 0.021875 0.09375
0 0.14921875 0.36953125 0.0328125 0.134375
0 0.11015625 0.37421875 0.046875 0.1484375
0 0.52578125 0.33046875 0.0140625 0.059375
0 0.2859375 0.36875 0.0265625 0.1546875
0 0.54609375 0.3296875 0.009375 0.0390625
0 0.53515625 0.32734375 0.009375 0.0421875
0 0.48671875 0.353125 0.025 0.0640625
0 0.38515625 0.33984375 0.015625 0.0671875
0 0.3671875 0.33125 0.015625 0.078125