0 0.5265625 0.41640625 0.0359375 0.1515625
0 0.4734375 0.39375 0.0265625 0.1296875
0 0.45 0.396875 0.0234375 0.13125
0 0.78203125 0.6390625 0.115625 0.6390625
0 0.925 0.62578125 0.146875 0.659375
0 0.334375 0.4046875 0.040625 0.159375
0 0.50859375 0.39296875 0.025 0.1171875
0 0.21171875 0.390625 0.0265625 0.1171875
0 0.671875 0.440625 0.0484375 0.2609375
0 0.56171875 0.39140625 0.01875 0.10625
0 0.26875 0.38671875 0.0234375 0.121875
0 0.25390625 0.39296875 0.01875 0.1015625
0 0.0984375 0.3671875 0.0140625 0.065625
0 0.11640625 0.3859375 0.021875 0.10625
0 0.4265625 0.3859375 0.015625 0.05
0 0.1265625 0.3671875 0.015625 0.0640625
0 0.36640625 0.37109375 0.0125 0.05625