0 0.50703125 0.4015625 0.0375 0.1578125
0 0.45078125 0.378125 0.028125 0.125
0 0.4078125 0.37734375 0.0234375 0.11875
0 0.90546875 0.56328125 0.10625 0.571875
0 0.31796875 0.38671875 0.034375 0.1453125
0 0.15625 0.3984375 0.0265625 0.121875
0 0.57578125 0.38359375 0.034375 0.1734375
0 0.471875 0.36875 0.0171875 0.090625
0 0.25390625 0.37890625 0.0203125 0.10625
0 0.23828125 0.38359375 0.0140625 0.0859375
0 0.2890625 0.38671875 0.0171875 0.1015625
0 0.26875 0.36875 0.015625 0.0546875
0 0.4203125 0.359375 0.0140625 0.0640625
0 0.06953125 0.371875 0.0125 0.0625
0 0.09296875 0.38828125 0.021875 0.1
0 0.36796875 0.36796875 0.01875 0.0484375
0 0.384375 0.37109375 0.015625 0.0453125
0 0.8125 0.39140625 0.0296875 0.14375