0 0.6109375 0.3546875 0.0359375 0.1515625
0 0.52265625 0.34140625 0.03125 0.1375
0 0.5046875 0.34765625 0.0328125 0.1609375
0 0.81796875 0.596875 0.121875 0.6953125
0 0.9453125 0.5859375 0.109375 0.721875
0 0.3640625 0.353125 0.05 0.1984375
0 0.559375 0.3140625 0.0109375 0.04375
0 0.025 0.36953125 0.0390625 0.18125
0 0.58359375 0.3359375 0.028125 0.1296875
0 0.30078125 0.33046875 0.025 0.10625
0 0.65078125 0.33203125 0.01875 0.10625
0 0.26953125 0.340625 0.03125 0.159375
0 0.25234375 0.34921875 0.021875 0.1375
0 0.47578125 0.33203125 0.021875 0.1046875
0 0.1484375 0.33359375 0.0234375 0.1140625
0 0.43671875 0.31328125 0.0125 0.05625
0 0.4203125 0.31171875 0.009375 0.0609375
0 0.39140625 0.31640625 0.0125 0.0546875
0 0.40390625 0.31640625 0.0125 0.0484375