0 0.60078125 0.37890625 0.03125 0.134375
0 0.42890625 0.3796875 0.03125 0.1515625
0 0.19296875 0.46875 0.125 0.459375
0 0.4890625 0.378125 0.0265625 0.140625
0 0.57578125 0.3546875 0.0203125 0.078125
0 0.66015625 0.39609375 0.05625 0.2578125
0 0.3296875 0.37109375 0.0203125 0.096875
0 0.51484375 0.346875 0.015625 0.059375
0 0.5390625 0.34609375 0.0109375 0.0390625
0 0.46796875 0.375 0.0234375 0.0703125
0 0.303125 0.3484375 0.0171875 0.0765625
0 0.35625 0.35234375 0.0125 0.0609375
0 0.365625 0.35546875 0.0125 0.059375