0 0.6109375 0.375 0.0296875 0.13125
0 0.40625 0.3734375 0.0328125 0.1640625
0 0.44765625 0.3859375 0.0296875 0.1484375
0 0.68984375 0.37890625 0.0390625 0.15
0 0.98046875 0.54453125 0.0390625 0.7390625
0 0.9296875 0.50703125 0.1140625 0.609375
0 0.55234375 0.35390625 0.0171875 0.0640625
0 0.0203125 0.36640625 0.021875 0.1015625
0 0.0484375 0.36484375 0.0296875 0.103125
0 0.5890625 0.36015625 0.0125 0.0546875
0 0.57109375 0.35546875 0.0125 0.0578125
0 0.49375 0.38671875 0.03125 0.1015625
0 0.51875 0.3921875 0.0296875 0.09375
0 0.328125 0.35234375 0.0140625 0.053125
0 0.3390625 0.35546875 0.0125 0.0453125
0 0.353125 0.34609375 0.0125 0.046875
0 0.38671875 0.3578125 0.015625 0.053125
0 0.36171875 0.34375 0.009375 0.0390625
0 0.37109375 0.3453125 0.0125 0.0390625