0 0.59375 0.3140625 0.034375 0.1484375
0 0.46328125 0.3078125 0.0296875 0.1390625
0 0.44765625 0.31953125 0.0390625 0.184375
0 0.83046875 0.5359375 0.1296875 0.7046875
0 0.9515625 0.5484375 0.096875 0.753125
0 0.26171875 0.328125 0.05625 0.2140625
0 0.49375 0.309375 0.0265625 0.1234375
0 0.51953125 0.27578125 0.0125 0.046875
0 0.55390625 0.309375 0.0203125 0.121875
0 0.6171875 0.296875 0.0171875 0.1109375
0 0.18125 0.3203125 0.0390625 0.1875
0 0.1546875 0.32890625 0.028125 0.16875
0 0.40703125 0.303125 0.021875 0.10625
0 0.3953125 0.30390625 0.0234375 0.10625
0 0.32421875 0.3109375 0.0234375 0.121875
0 0.05 0.28359375 0.01875 0.0875
0 0.07421875 0.3078125 0.0265625 0.1234375
0 0.08671875 0.28671875 0.0171875 0.0703125
0 0.378125 0.28203125 0.0109375 0.065625
0 0.34765625 0.284375 0.0125 0.0546875
0 0.353125 0.2859375 0.0140625 0.053125