0 0.628125 0.365625 0.03125 0.1484375
0 0.45546875 0.35 0.0296875 0.14375
0 0.2875 0.42265625 0.0828125 0.375
0 0.97109375 0.64375 0.0578125 0.709375
0 0.221875 0.38671875 0.075 0.3
0 0.49765625 0.35078125 0.0296875 0.1296875
0 0.54296875 0.32109375 0.0140625 0.0546875
0 0.58828125 0.35625 0.028125 0.165625
0 0.69140625 0.3515625 0.021875 0.1140625
0 0.00546875 0.35546875 0.0109375 0.1609375
0 0.51328125 0.33125 0.009375 0.0359375
0 0.478125 0.34453125 0.01875 0.0578125
0 0.390625 0.32421875 0.015625 0.0625
0 0.36640625 0.325 0.015625 0.071875
0 0.3515625 0.32734375 0.0125 0.0609375