0 0.63984375 0.37421875 0.028125 0.13125
0 0.43984375 0.3796875 0.034375 0.1671875
0 0.48046875 0.384375 0.03125 0.1515625
0 0.80625 0.3859375 0.05625 0.215625
0 0.59296875 0.35390625 0.015625 0.0640625
0 0.00546875 0.3796875 0.0109375 0.115625
0 0.61484375 0.34609375 0.015625 0.06875
0 0.53828125 0.390625 0.034375 0.109375
0 0.5625 0.4 0.0359375 0.1078125
0 0.35625 0.35078125 0.0140625 0.053125
0 0.36640625 0.3484375 0.0140625 0.05
0 0.37734375 0.34296875 0.0125 0.05
0 0.41875 0.3546875 0.021875 0.0578125
0 0.39296875 0.34296875 0.009375 0.0390625
0 0.40234375 0.34453125 0.0125 0.0390625