0 0.64296875 0.3859375 0.028125 0.125
0 0.440625 0.3953125 0.0328125 0.1671875
0 0.47890625 0.396875 0.0296875 0.1484375
0 0.7703125 0.38984375 0.0390625 0.1859375
0 0.5890625 0.3640625 0.015625 0.065625
0 0.00859375 0.3890625 0.0171875 0.115625
0 0.03203125 0.390625 0.0265625 0.115625
0 0.62734375 0.35859375 0.015625 0.0625
0 0.609375 0.359375 0.0140625 0.06875
0 0.53125 0.40546875 0.034375 0.109375
0 0.5546875 0.40234375 0.0328125 0.103125
0 0.35859375 0.3625 0.0140625 0.053125
0 0.36796875 0.3625 0.0109375 0.046875
0 0.38046875 0.353125 0.0125 0.0484375
0 0.41640625 0.36171875 0.015625 0.0546875
0 0.39453125 0.35859375 0.0109375 0.0390625
0 0.4015625 0.35703125 0.0125 0.0390625