0 0.6078125 0.325 0.034375 0.146875
0 0.45859375 0.309375 0.0296875 0.140625
0 0.421875 0.33046875 0.04375 0.20625
0 0.88203125 0.55546875 0.1140625 0.728125
0 0.23046875 0.33359375 0.0578125 0.225
0 0.49296875 0.315625 0.0265625 0.125
0 0.52578125 0.28125 0.0125 0.053125
0 0.5625 0.30546875 0.025 0.1359375
0 0.28515625 0.31171875 0.025 0.10625
0 0.634375 0.2953125 0.0203125 0.109375
0 0.121875 0.33984375 0.046875 0.21875
0 0.1 0.35625 0.0375 0.1921875
0 0.3734375 0.30703125 0.025 0.10625
0 0.3609375 0.31171875 0.021875 0.1109375
0 0.31875 0.31953125 0.0234375 0.121875
0 0.02578125 0.30546875 0.0171875 0.090625
0 0.05859375 0.32890625 0.028125 0.134375
0 0.39453125 0.29140625 0.0109375 0.059375
0 0.3484375 0.28828125 0.0125 0.0546875