0 0.453125 0.359375 0.03125 0.15
0 0.21875 0.43046875 0.1078125 0.39375
0 0.50078125 0.359375 0.0234375 0.134375
0 0.57265625 0.334375 0.015625 0.0625
0 0.64609375 0.3703125 0.0265625 0.215625
0 0.33359375 0.34921875 0.021875 0.09375
0 0.6328125 0.3734375 0.0296875 0.1921875
0 0.1046875 0.36875 0.0375 0.1390625
0 0.04375 0.3765625 0.05 0.15625
0 0.51953125 0.33359375 0.0140625 0.059375
0 0.5375 0.328125 0.009375 0.0390625
0 0.52578125 0.3265625 0.009375 0.04375
0 0.47734375 0.35546875 0.025 0.065625
0 0.3671875 0.3359375 0.015625 0.071875
0 0.34609375 0.33828125 0.01875 0.0765625
0 0.3765625 0.3390625 0.0125 0.059375