0 0.66796875 0.534375 0.0578125 0.34375
0 0.55625 0.484375 0.0390625 0.1640625
0 0.075 0.553125 0.08125 0.2984375
0 0.45546875 0.45703125 0.025 0.1140625
0 0.01171875 0.51171875 0.0234375 0.1953125
0 0.12109375 0.50390625 0.0359375 0.1875
0 0.13515625 0.48671875 0.0375 0.1609375
0 0.42734375 0.459375 0.021875 0.1015625
0 0.4109375 0.45 0.01875 0.084375
0 0.46953125 0.45390625 0.0203125 0.0953125
0 0.4453125 0.45703125 0.015625 0.1
0 0.24921875 0.45703125 0.0125 0.06875
0 0.2390625 0.45703125 0.0109375 0.05625
0 0.25703125 0.46015625 0.0140625 0.071875
0 0.23203125 0.45390625 0.0125 0.059375
0 0.21953125 0.453125 0.0109375 0.0609375
0 0.20234375 0.45234375 0.0109375 0.0546875
0 0.36796875 0.44609375 0.0140625 0.0640625