0 0.64375 0.35 0.03125 0.146875
0 0.46171875 0.34296875 0.03125 0.146875
0 0.1984375 0.39296875 0.0890625 0.35
0 0.50859375 0.35078125 0.0296875 0.1375
0 0.571875 0.321875 0.015625 0.0671875
0 0.6296875 0.35859375 0.0265625 0.184375
0 0.33828125 0.32578125 0.021875 0.09375
0 0.52421875 0.32109375 0.0140625 0.059375
0 0.3 0.34609375 0.0265625 0.1453125
0 0.53984375 0.3140625 0.009375 0.0390625
0 0.53125 0.3140625 0.0078125 0.0453125
0 0.48046875 0.33203125 0.025 0.0609375
0 0.390625 0.31484375 0.015625 0.0671875
0 0.3703125 0.31171875 0.015625 0.075
0 0.38359375 0.3171875 0.0125 0.059375