0 0.59140625 0.32109375 0.03125 0.1375
0 0.40703125 0.33125 0.03125 0.1609375
0 0.4453125 0.3296875 0.0296875 0.146875
0 0.621875 0.30625 0.0234375 0.109375
0 0.771875 0.384375 0.0640625 0.4265625
0 0.36875 0.32109375 0.021875 0.1046875
0 0.74609375 0.38203125 0.05625 0.3640625
0 0.5234375 0.29609375 0.015625 0.0640625
0 0.05078125 0.41796875 0.05625 0.3375
0 0.1 0.315625 0.0203125 0.0828125
0 0.553125 0.296875 0.0125 0.053125
0 0.5421875 0.29296875 0.0109375 0.0515625
0 0.47421875 0.32265625 0.025 0.084375
0 0.4953125 0.33046875 0.025 0.0828125
0 0.309375 0.29296875 0.0140625 0.0453125
0 0.31953125 0.2984375 0.0109375 0.046875
0 0.33203125 0.29140625 0.0109375 0.0390625
0 0.3359375 0.2890625 0.0109375 0.0421875
0 0.384375 0.303125 0.0125 0.05625
0 0.346875 0.29375 0.0109375 0.0375
0 0.353125 0.290625 0.009375 0.0375