0 0.70390625 0.5109375 0.046875 0.275
0 0.678125 0.4859375 0.0390625 0.1640625
0 0.265625 0.515625 0.05625 0.225
0 0.559375 0.45859375 0.0234375 0.1140625
0 0.15234375 0.5015625 0.0421875 0.178125
0 0.20078125 0.503125 0.0328125 0.165625
0 0.41953125 0.46171875 0.0234375 0.1078125
0 0.52890625 0.45703125 0.0203125 0.1
0 0.22265625 0.49765625 0.034375 0.171875
0 0.50703125 0.44921875 0.015625 0.0796875
0 0.0953125 0.45390625 0.015625 0.06875
0 0.546875 0.4515625 0.015625 0.0921875
0 0.3578125 0.44765625 0.0125 0.0609375
0 0.35 0.44765625 0.0109375 0.053125
0 0.3640625 0.453125 0.0125 0.06875
0 0.33828125 0.4484375 0.0109375 0.05625
0 0.3234375 0.44765625 0.0125 0.05625
0 0.31015625 0.44609375 0.009375 0.0515625
0 0.76875 0.4671875 0.0203125 0.0984375