0 0.46328125 0.35703125 0.03125 0.15
0 0.22109375 0.421875 0.0953125 0.375
0 0.5125 0.359375 0.028125 0.1390625
0 0.5796875 0.328125 0.0171875 0.06875
0 0.64765625 0.36953125 0.028125 0.2046875
0 0.34609375 0.34921875 0.021875 0.09375
0 0.6359375 0.36484375 0.0265625 0.1875
0 0.14140625 0.36875 0.0375 0.134375
0 0.10078125 0.3765625 0.05 0.15
0 0.5265625 0.32734375 0.0140625 0.059375
0 0.2828125 0.37109375 0.0234375 0.159375
0 0.54765625 0.3265625 0.009375 0.0390625
0 0.5359375 0.32109375 0.009375 0.0421875
0 0.48671875 0.3515625 0.025 0.065625
0 0.3828125 0.33828125 0.015625 0.0671875
0 0.36328125 0.334375 0.015625 0.078125
0 0.3734375 0.33125 0.0125 0.0609375