0 0.61796875 0.359375 0.034375 0.15
0 0.4578125 0.33828125 0.0296875 0.140625
0 0.38984375 0.37734375 0.05625 0.246875
0 0.94765625 0.61640625 0.1046875 0.7515625
0 0.2109375 0.36953125 0.0671875 0.2546875
0 0.4953125 0.34921875 0.0296875 0.125
0 0.5265625 0.32109375 0.0125 0.0546875
0 0.56875 0.34296875 0.0265625 0.1515625
0 0.29609375 0.3265625 0.021875 0.1015625
0 0.65078125 0.3375 0.0203125 0.1140625
0 0.03359375 0.38125 0.0625 0.265625
0 0.33203125 0.3375 0.0203125 0.1046875
0 0.31171875 0.34453125 0.0234375 0.121875
0 0.346875 0.3234375 0.0109375 0.0609375
0 0.35625 0.31796875 0.0140625 0.05625