0 0.58984375 0.3328125 0.03125 0.1453125
0 0.46484375 0.334375 0.0375 0.175
0 0.81640625 0.54609375 0.115625 0.6765625
0 0.94296875 0.54140625 0.1140625 0.734375
0 0.30390625 0.34140625 0.05 0.20625
0 0.49609375 0.31953125 0.0234375 0.121875
0 0.52265625 0.28828125 0.0125 0.0453125
0 0.55390625 0.31171875 0.0203125 0.1296875
0 0.271875 0.321875 0.025 0.10625
0 0.56171875 0.30859375 0.0203125 0.121875
0 0.61640625 0.30625 0.01875 0.10625
0 0.2078125 0.33203125 0.0328125 0.1703125
0 0.1890625 0.34453125 0.0296875 0.1484375
0 0.43359375 0.31171875 0.0203125 0.1
0 0.4234375 0.31875 0.028125 0.10625
0 0.3328125 0.32421875 0.0234375 0.121875
0 0.07265625 0.3015625 0.0171875 0.0796875
0 0.09453125 0.32734375 0.0234375 0.1203125
0 0.10546875 0.30234375 0.0171875 0.0703125
0 0.3984375 0.296875 0.0109375 0.059375
0 0.384375 0.30078125 0.009375 0.0609375
0 0.35390625 0.2953125 0.0125 0.0546875
0 0.3734375 0.29296875 0.0140625 0.05