0 0.640625 0.38359375 0.0296875 0.1296875
0 0.43984375 0.39609375 0.0328125 0.165625
0 0.47734375 0.39296875 0.0296875 0.15
0 0.7671875 0.38671875 0.0390625 0.184375
0 0.5875 0.36171875 0.0171875 0.0640625
0 0.00859375 0.38828125 0.0171875 0.1140625
0 0.0328125 0.3890625 0.025 0.115625
0 0.62578125 0.3578125 0.015625 0.0625
0 0.6078125 0.35859375 0.0125 0.06875
0 0.5296875 0.403125 0.034375 0.109375
0 0.5546875 0.40234375 0.0328125 0.103125
0 0.35859375 0.36328125 0.0140625 0.053125
0 0.36796875 0.36171875 0.0109375 0.046875
0 0.3796875 0.35234375 0.0125 0.046875
0 0.41484375 0.36171875 0.015625 0.0546875
0 0.39375 0.35703125 0.0109375 0.0390625
0 0.40078125 0.35546875 0.0125 0.0390625