0 0.66484375 0.5359375 0.0546875 0.296875
0 0.59296875 0.4953125 0.0359375 0.159375
0 0.1453125 0.53671875 0.065625 0.265625
0 0.48125 0.4640625 0.025 0.1109375
0 0.05 0.5109375 0.0453125 0.1875
0 0.0953125 0.51484375 0.0359375 0.16875
0 0.4578125 0.46953125 0.0203125 0.1
0 0.43671875 0.45703125 0.0171875 0.0828125
0 0.2796875 0.45625 0.0125 0.0671875
0 0.2703125 0.459375 0.0109375 0.0546875
0 0.2875 0.46484375 0.0125 0.06875
0 0.2609375 0.45625 0.0125 0.059375
0 0.24609375 0.45546875 0.0109375 0.0609375
0 0.23203125 0.4609375 0.0109375 0.0515625
0 0.696875 0.4734375 0.0203125 0.1