0 0.60625 0.36875 0.0328125 0.14375
0 0.53125 0.353125 0.03125 0.1328125
0 0.51328125 0.353125 0.03125 0.1515625
0 0.79921875 0.603125 0.11875 0.6796875
0 0.94453125 0.6109375 0.1109375 0.7203125
0 0.37734375 0.36015625 0.0390625 0.1859375
0 0.56015625 0.32421875 0.0109375 0.04375
0 0.03984375 0.371875 0.0375 0.1796875
0 0.5890625 0.346875 0.0203125 0.1234375
0 0.64921875 0.34453125 0.01875 0.10625
0 0.3 0.3453125 0.028125 0.1421875
0 0.28515625 0.353125 0.021875 0.121875
0 0.16640625 0.340625 0.0203125 0.109375
0 0.49609375 0.33984375 0.01875 0.05
0 0.178125 0.31875 0.0171875 0.0703125
0 0.44296875 0.32421875 0.0125 0.05625
0 0.428125 0.32890625 0.009375 0.0609375
0 0.39609375 0.3203125 0.0109375 0.0515625
0 0.4078125 0.3265625 0.0125 0.0484375