0 0.63671875 0.3703125 0.0296875 0.13125
0 0.43671875 0.37421875 0.0328125 0.1625
0 0.478125 0.38046875 0.0296875 0.146875
0 0.78671875 0.38203125 0.0546875 0.20625
0 0.5875 0.34921875 0.0171875 0.0640625
0 0.00859375 0.37890625 0.0171875 0.1140625
0 0.61015625 0.34921875 0.015625 0.06875
0 0.53125 0.38984375 0.034375 0.109375
0 0.56015625 0.4 0.0328125 0.10625
0 0.353125 0.34375 0.0140625 0.053125
0 0.36484375 0.34921875 0.0125 0.05
0 0.378125 0.346875 0.0125 0.05
0 0.4140625 0.35078125 0.0203125 0.05625
0 0.38984375 0.34140625 0.0109375 0.0390625
0 0.39921875 0.34375 0.0125 0.0390625