0 0.45546875 0.35703125 0.03125 0.15
0 0.21640625 0.42578125 0.1078125 0.39375
0 0.503125 0.36171875 0.028125 0.1390625
0 0.57578125 0.32734375 0.0171875 0.065625
0 0.64375 0.3703125 0.0390625 0.2109375
0 0.3375 0.34921875 0.021875 0.09375
0 0.1171875 0.3671875 0.0375 0.1390625
0 0.0625 0.3765625 0.05 0.1546875
0 0.5234375 0.32890625 0.0140625 0.059375
0 0.2734375 0.3765625 0.0234375 0.1625
0 0.54140625 0.325 0.009375 0.0390625
0 0.5296875 0.3203125 0.009375 0.04375
0 0.48046875 0.34921875 0.025 0.0640625
0 0.375 0.3296875 0.015625 0.0671875
0 0.353125 0.33671875 0.0171875 0.078125
0 0.38046875 0.3375 0.0125 0.059375