0 0.59296875 0.32109375 0.0265625 0.1296875
0 0.4 0.33125 0.03125 0.159375
0 0.44453125 0.33203125 0.025 0.1453125
0 0.62578125 0.315625 0.03125 0.1109375
0 0.7796875 0.3859375 0.0625 0.4453125
0 0.36796875 0.32109375 0.021875 0.1046875
0 0.75390625 0.3890625 0.0625 0.378125
0 0.52265625 0.30078125 0.015625 0.0640625
0 0.0375 0.4234375 0.05625 0.34375
0 0.06171875 0.3203125 0.028125 0.121875
0 0.09375 0.32109375 0.0203125 0.0859375
0 0.55234375 0.29921875 0.0125 0.053125
0 0.540625 0.296875 0.0109375 0.0515625
0 0.4734375 0.33125 0.025 0.0859375
0 0.4984375 0.33828125 0.0265625 0.084375
0 0.3078125 0.30078125 0.0140625 0.0453125
0 0.31875 0.30390625 0.0109375 0.046875
0 0.33203125 0.2984375 0.0109375 0.0390625
0 0.3375 0.296875 0.0109375 0.0421875
0 0.38359375 0.31171875 0.0125 0.0578125
0 0.34609375 0.29453125 0.0109375 0.0375
0 0.3546875 0.29453125 0.0109375 0.0390625