0 0.51796875 0.41640625 0.0359375 0.1546875
0 0.46875 0.39296875 0.028125 0.1296875
0 0.4421875 0.39453125 0.028125 0.1390625
0 0.78515625 0.63125 0.1171875 0.634375
0 0.92734375 0.6140625 0.128125 0.6453125
0 0.328125 0.403125 0.046875 0.1640625
0 0.50234375 0.39296875 0.025 0.1171875
0 0.20390625 0.3921875 0.0265625 0.1171875
0 0.659375 0.4359375 0.046875 0.2546875
0 0.55390625 0.3890625 0.01875 0.10625
0 0.26484375 0.38671875 0.0234375 0.121875
0 0.25 0.39296875 0.0171875 0.1015625
0 0.49453125 0.38984375 0.021875 0.096875
0 0.090625 0.36796875 0.0140625 0.065625
0 0.10859375 0.38828125 0.021875 0.10625
0 0.4171875 0.38359375 0.0171875 0.05
0 0.12109375 0.36953125 0.015625 0.0640625
0 0.35859375 0.36953125 0.0125 0.0546875