0 0.52109375 0.4015625 0.0359375 0.1578125
0 0.46015625 0.378125 0.028125 0.125
0 0.4203125 0.378125 0.0234375 0.11875
0 0.92734375 0.56328125 0.1125 0.5671875
0 0.02265625 0.4359375 0.0453125 0.2375
0 0.32578125 0.38828125 0.0390625 0.1453125
0 0.47578125 0.36640625 0.0171875 0.0984375
0 0.1734375 0.39921875 0.025 0.121875
0 0.5859375 0.38359375 0.0328125 0.1703125
0 0.48359375 0.36875 0.0171875 0.090625
0 0.26953125 0.37890625 0.0203125 0.1046875
0 0.2546875 0.38125 0.0140625 0.0859375
0 0.3015625 0.384375 0.0171875 0.1015625
0 0.28125 0.36875 0.015625 0.0546875
0 0.43125 0.359375 0.0140625 0.0640625
0 0.0859375 0.37109375 0.0109375 0.0625
0 0.10625 0.3875 0.0203125 0.096875
0 0.38125 0.36875 0.0171875 0.046875
0 0.3921875 0.3703125 0.015625 0.0453125
0 0.821875 0.3921875 0.0296875 0.1390625