0 0.60703125 0.33046875 0.03125 0.13125
0 0.4109375 0.3390625 0.03125 0.1609375
0 0.45859375 0.33984375 0.028125 0.1484375
0 0.65234375 0.3203125 0.0296875 0.1203125
0 0.83359375 0.40859375 0.0734375 0.5015625
0 0.38828125 0.32421875 0.0234375 0.103125
0 0.7921875 0.39921875 0.065625 0.41875
0 0.54296875 0.30859375 0.0171875 0.0640625
0 0.0203125 0.4328125 0.040625 0.3515625
0 0.04921875 0.33125 0.040625 0.1265625
0 0.07265625 0.32578125 0.01875 0.090625
0 0.0984375 0.32421875 0.0203125 0.09375
0 0.575 0.303125 0.0125 0.053125
0 0.56015625 0.30078125 0.0125 0.05625
0 0.490625 0.3390625 0.028125 0.09375
0 0.5109375 0.3515625 0.0265625 0.090625
0 0.325 0.30546875 0.0125 0.0484375
0 0.33515625 0.30703125 0.0109375 0.046875
0 0.3453125 0.29921875 0.0125 0.040625
0 0.35234375 0.3 0.0125 0.04375
0 0.36328125 0.3015625 0.0109375 0.0390625
0 0.37109375 0.30234375 0.0109375 0.0390625