0 0.51484375 0.4140625 0.0359375 0.15625
0 0.45390625 0.3953125 0.025 0.1203125
0 0.40078125 0.384375 0.0203125 0.109375
0 0.96171875 0.571875 0.0765625 0.5328125
0 0.0453125 0.43359375 0.0546875 0.221875
0 0.28125 0.396875 0.0265625 0.13125
0 0.1515625 0.40625 0.0296875 0.1265625
0 0.55078125 0.390625 0.028125 0.1453125
0 0.49453125 0.3828125 0.0171875 0.103125
0 0.26171875 0.38828125 0.0171875 0.096875
0 0.2484375 0.38671875 0.0140625 0.0796875
0 0.4109375 0.37109375 0.0140625 0.0640625
0 0.075 0.37734375 0.0109375 0.0625
0 0.0984375 0.3953125 0.0171875 0.09375
0 0.35859375 0.3796875 0.01875 0.0484375
0 0.37265625 0.38125 0.015625 0.0453125
0 0.7734375 0.40625 0.0265625 0.128125