0 0.58828125 0.33515625 0.028125 0.1390625
0 0.46640625 0.3359375 0.0375 0.175
0 0.8125 0.55625 0.115625 0.684375
0 0.93984375 0.553125 0.1203125 0.740625
0 0.3078125 0.34296875 0.046875 0.20625
0 0.49609375 0.32578125 0.0234375 0.121875
0 0.52265625 0.29140625 0.0125 0.0453125
0 0.55390625 0.3140625 0.0203125 0.1296875
0 0.2703125 0.32421875 0.025 0.10625
0 0.5625 0.3109375 0.021875 0.1203125
0 0.615625 0.3109375 0.01875 0.10625
0 0.2109375 0.3359375 0.034375 0.16875
0 0.1921875 0.34453125 0.028125 0.1484375
0 0.4359375 0.3140625 0.0203125 0.1
0 0.425 0.3203125 0.0296875 0.10625
0 0.33359375 0.3265625 0.0234375 0.121875
0 0.0734375 0.30390625 0.0171875 0.078125
0 0.0953125 0.3296875 0.0234375 0.11875
0 0.10703125 0.30390625 0.0171875 0.0703125
0 0.39765625 0.3015625 0.0109375 0.059375
0 0.384375 0.303125 0.009375 0.0609375
0 0.35390625 0.2984375 0.0125 0.0546875
0 0.37578125 0.29375 0.0140625 0.05