0 0.67109375 0.5390625 0.0578125 0.365625
0 0.5359375 0.48125 0.0390625 0.1625
0 0.0421875 0.55703125 0.084375 0.3265625
0 0.440625 0.453125 0.025 0.1140625
0 0.096875 0.503125 0.0390625 0.1875
0 0.1140625 0.4859375 0.0375 0.16875
0 0.41328125 0.453125 0.021875 0.1046875
0 0.39765625 0.44453125 0.01875 0.084375
0 0.45859375 0.4515625 0.0203125 0.096875
0 0.23203125 0.44609375 0.0125 0.06875
0 0.2234375 0.45234375 0.0109375 0.0609375
0 0.24375 0.45390625 0.0140625 0.0734375
0 0.2046875 0.44453125 0.0109375 0.0609375
0 0.1859375 0.44453125 0.009375 0.0546875
0 0.1984375 0.44765625 0.0109375 0.0515625
0 0.35390625 0.440625 0.0140625 0.0640625