0 0.60078125 0.33125 0.028125 0.128125
0 0.415625 0.33125 0.03125 0.1609375
0 0.45703125 0.3390625 0.0296875 0.146875
0 0.615625 0.3140625 0.0265625 0.103125
0 0.7421875 0.38359375 0.05625 0.371875
0 0.365625 0.32109375 0.021875 0.1046875
0 0.71875 0.37578125 0.05 0.3203125
0 0.528125 0.30625 0.0140625 0.0640625
0 0.1046875 0.39609375 0.0546875 0.2890625
0 0.55546875 0.30390625 0.0125 0.053125
0 0.5421875 0.3 0.0109375 0.0515625
0 0.47890625 0.33515625 0.0234375 0.08125
0 0.4953125 0.3390625 0.0265625 0.078125
0 0.3375 0.29375 0.009375 0.0390625
0 0.3421875 0.29453125 0.009375 0.04375
0 0.38515625 0.31875 0.0125 0.059375
0 0.35078125 0.29453125 0.009375 0.0359375