0 0.64375 0.3515625 0.03125 0.1453125
0 0.46171875 0.3453125 0.03125 0.146875
0 0.19609375 0.40078125 0.0921875 0.35625
0 0.50859375 0.3515625 0.0296875 0.1375
0 0.5734375 0.32890625 0.0140625 0.0671875
0 0.63359375 0.3640625 0.0265625 0.1859375
0 0.33828125 0.33046875 0.021875 0.09375
0 0.15625 0.3453125 0.03125 0.1421875
0 0.525 0.32421875 0.0140625 0.059375
0 0.30078125 0.3546875 0.021875 0.146875
0 0.54140625 0.31875 0.009375 0.0390625
0 0.53046875 0.31640625 0.0078125 0.0453125
0 0.48125 0.33828125 0.025 0.0640625
0 0.3890625 0.3203125 0.015625 0.0671875
0 0.36875 0.315625 0.015625 0.075