0 0.45859375 0.35625 0.03125 0.15
0 0.21640625 0.42265625 0.1046875 0.3890625
0 0.5078125 0.3625 0.0296875 0.140625
0 0.5796875 0.328125 0.0171875 0.06875
0 0.64765625 0.36484375 0.028125 0.2078125
0 0.34140625 0.34921875 0.021875 0.09375
0 0.63671875 0.365625 0.0265625 0.190625
0 0.13046875 0.365625 0.0375 0.1375
0 0.08203125 0.3765625 0.05 0.153125
0 0.52734375 0.32421875 0.0140625 0.059375
0 0.28046875 0.3734375 0.0234375 0.1609375
0 0.54609375 0.32109375 0.009375 0.0390625
0 0.53359375 0.3171875 0.009375 0.0421875
0 0.48359375 0.35 0.025 0.0640625
0 0.37890625 0.33359375 0.015625 0.0671875
0 0.35859375 0.3359375 0.015625 0.0765625
0 0.38515625 0.334375 0.0125 0.059375