0 0.6265625 0.34296875 0.028125 0.1296875
0 0.45234375 0.35 0.03125 0.1640625
0 0.08125 0.53125 0.1625 0.6640625
0 0.49140625 0.34921875 0.025 0.14375
0 0.740625 0.39375 0.0609375 0.334375
0 0.38046875 0.33671875 0.0203125 0.1
0 0.71484375 0.390625 0.0453125 0.2859375
0 0.5484375 0.32421875 0.015625 0.0609375
0 0.18671875 0.40546875 0.0453125 0.2609375
0 0.5734375 0.321875 0.0109375 0.046875
0 0.56171875 0.3171875 0.0125 0.0515625
0 0.51796875 0.3515625 0.0234375 0.0734375
0 0.33359375 0.3265625 0.015625 0.0671875
0 0.39609375 0.32109375 0.0125 0.059375
0 0.40546875 0.3265625 0.0125 0.059375