0 0.62421875 0.32578125 0.034375 0.15
0 0.46796875 0.31796875 0.0296875 0.140625
0 0.4171875 0.3453125 0.0484375 0.2203125
0 0.93203125 0.5671875 0.1359375 0.73125
0 0.22109375 0.3484375 0.05625 0.2359375
0 0.50390625 0.31953125 0.028125 0.121875
0 0.53515625 0.29140625 0.0125 0.0546875
0 0.57421875 0.31640625 0.028125 0.14375
0 0.29765625 0.315625 0.0234375 0.1046875
0 0.6484375 0.309375 0.0203125 0.1109375
0 0.09609375 0.353125 0.0609375 0.240625
0 0.06796875 0.3671875 0.0484375 0.20625
0 0.3625 0.31171875 0.021875 0.10625
0 0.3484375 0.31640625 0.0234375 0.1109375
0 0.3171875 0.33046875 0.0234375 0.121875
0 0.021875 0.303125 0.01875 0.09375
0 0.38203125 0.29453125 0.0125 0.065625