0 0.5171875 0.41171875 0.0359375 0.153125
0 0.45625 0.390625 0.025 0.11875
0 0.40234375 0.384375 0.0203125 0.109375
0 0.9640625 0.57109375 0.071875 0.534375
0 0.04921875 0.4296875 0.05625 0.221875
0 0.284375 0.39375 0.0265625 0.1296875
0 0.15546875 0.40390625 0.0296875 0.125
0 0.5546875 0.3890625 0.0296875 0.1453125
0 0.49765625 0.38125 0.0171875 0.103125
0 0.26328125 0.38671875 0.015625 0.0984375
0 0.25078125 0.38671875 0.0140625 0.0796875
0 0.41328125 0.36953125 0.0140625 0.0640625
0 0.0765625 0.3765625 0.0109375 0.0625
0 0.103125 0.39375 0.0171875 0.0953125
0 0.3609375 0.378125 0.01875 0.0484375
0 0.375 0.38125 0.015625 0.0453125
0 0.77734375 0.40625 0.028125 0.1296875