0 0.62578125 0.36796875 0.03125 0.1453125
0 0.45390625 0.353125 0.0296875 0.1421875
0 0.29296875 0.4234375 0.08125 0.3734375
0 0.96953125 0.6421875 0.0578125 0.715625
0 0.21953125 0.38671875 0.078125 0.3015625
0 0.4953125 0.353125 0.0296875 0.1296875
0 0.540625 0.32578125 0.0140625 0.0546875
0 0.5859375 0.35859375 0.028125 0.1640625
0 0.68828125 0.353125 0.0203125 0.1140625
0 0.00546875 0.35859375 0.0109375 0.159375
0 0.5125 0.33125 0.009375 0.0375
0 0.47578125 0.34609375 0.01875 0.05625
0 0.3890625 0.328125 0.015625 0.0609375
0 0.3640625 0.32734375 0.015625 0.0734375
0 0.35078125 0.33046875 0.0125 0.0609375