0 0.58984375 0.315625 0.034375 0.1515625
0 0.45703125 0.309375 0.03125 0.140625
0 0.43984375 0.3203125 0.0390625 0.1859375
0 0.8296875 0.5328125 0.121875 0.6734375
0 0.9546875 0.5390625 0.090625 0.7390625
0 0.25234375 0.32421875 0.05625 0.215625
0 0.48828125 0.30703125 0.0234375 0.125
0 0.51484375 0.275 0.0125 0.046875
0 0.55 0.30703125 0.03125 0.13125
0 0.6140625 0.29765625 0.0171875 0.1109375
0 0.16640625 0.3234375 0.0390625 0.1921875
0 0.140625 0.32890625 0.028125 0.171875
0 0.396875 0.303125 0.021875 0.10625
0 0.38359375 0.3046875 0.021875 0.109375
0 0.32109375 0.3109375 0.0234375 0.121875
0 0.0390625 0.27890625 0.01875 0.0859375
0 0.06484375 0.30546875 0.0265625 0.1234375
0 0.371875 0.28125 0.0109375 0.065625
0 0.3421875 0.284375 0.0125 0.0546875
0 0.3484375 0.2859375 0.0140625 0.0546875