0 0.73671875 0.49140625 0.046875 0.2515625
0 0.32890625 0.49296875 0.05 0.2015625
0 0.61484375 0.440625 0.025 0.1140625
0 0.21796875 0.48359375 0.040625 0.171875
0 0.25625 0.4890625 0.0328125 0.165625
0 0.4703125 0.44765625 0.021875 0.10625
0 0.58359375 0.446875 0.0203125 0.1
0 0.28359375 0.48515625 0.0328125 0.16875
0 0.5546875 0.43828125 0.0171875 0.0765625
0 0.16171875 0.43671875 0.015625 0.0640625
0 0.59375 0.440625 0.015625 0.0921875
0 0.40703125 0.43828125 0.0109375 0.0609375
0 0.4015625 0.43828125 0.0109375 0.053125
0 0.41875 0.44453125 0.0109375 0.065625
0 0.3890625 0.43828125 0.0109375 0.053125
0 0.375 0.4359375 0.0125 0.0578125
0 0.359375 0.4421875 0.0109375 0.0515625
0 0.8125 0.4578125 0.021875 0.1