0 0.53984375 0.4015625 0.0359375 0.159375
0 0.48046875 0.38125 0.0265625 0.121875
0 0.43671875 0.37265625 0.021875 0.115625
0 0.96953125 0.5640625 0.0609375 0.553125
0 0.06015625 0.43203125 0.0578125 0.23125
0 0.3296875 0.39375 0.0390625 0.1421875
0 0.01875 0.44296875 0.0375 0.1796875
0 0.49375 0.37265625 0.015625 0.0953125
0 0.19453125 0.396875 0.0265625 0.121875
0 0.5953125 0.3875 0.0296875 0.1609375
0 0.28984375 0.38125 0.01875 0.096875
0 0.2796875 0.38125 0.0140625 0.0796875
0 0.4453125 0.3609375 0.0140625 0.0640625
0 0.1109375 0.371875 0.0109375 0.0625
0 0.1328125 0.39296875 0.0171875 0.0953125
0 0.39765625 0.36796875 0.0171875 0.0453125
0 0.40625 0.37421875 0.015625 0.0453125
0 0.825 0.39296875 0.03125 0.1390625
0 0.30625 0.3703125 0.0140625 0.0484375