0 0.60546875 0.359375 0.03125 0.13125
0 0.40234375 0.36328125 0.0328125 0.1640625
0 0.44609375 0.3734375 0.0296875 0.1484375
0 0.675 0.3578125 0.0359375 0.14375
0 0.94765625 0.50390625 0.1046875 0.6921875
0 0.88671875 0.4796875 0.1 0.559375
0 0.54296875 0.33828125 0.015625 0.0640625
0 0.025 0.346875 0.0203125 0.1015625
0 0.04921875 0.34453125 0.025 0.103125
0 0.58046875 0.340625 0.0125 0.053125
0 0.56640625 0.34375 0.0125 0.0578125
0 0.48984375 0.36953125 0.03125 0.1
0 0.5125 0.3765625 0.0265625 0.090625
0 0.321875 0.33046875 0.0140625 0.053125
0 0.33203125 0.33203125 0.0125 0.046875
0 0.33828125 0.32421875 0.0125 0.04375
0 0.3484375 0.32421875 0.0125 0.046875
0 0.38203125 0.34375 0.015625 0.05625
0 0.35703125 0.32734375 0.009375 0.0390625
0 0.365625 0.3265625 0.0125 0.0390625