0 0.6328125 0.35859375 0.03125 0.1375
0 0.46328125 0.35078125 0.03125 0.1453125
0 0.18359375 0.43984375 0.11875 0.4796875
0 0.5 0.353125 0.0265625 0.134375
0 0.553125 0.32578125 0.015625 0.059375
0 0.60234375 0.35703125 0.03125 0.1703125
0 0.32578125 0.33671875 0.021875 0.1015625
0 0.7265625 0.353125 0.01875 0.1140625
0 0.5109375 0.3265625 0.0140625 0.05625
0 0.30625 0.35625 0.021875 0.1359375
0 0.52578125 0.3234375 0.009375 0.0390625
0 0.4875 0.34921875 0.0203125 0.05625
0 0.39375 0.328125 0.015625 0.0671875
0 0.37265625 0.32578125 0.015625 0.075
0 0.35859375 0.3234375 0.0125 0.0609375