0 0.46953125 0.39375 0.0375 0.15625
0 0.41640625 0.37578125 0.028125 0.128125
0 0.38203125 0.37109375 0.025 0.1265625
0 0.778125 0.59140625 0.109375 0.6109375
0 0.91328125 0.5859375 0.1421875 0.6265625
0 0.284375 0.3734375 0.0375 0.15625
0 0.44140625 0.36171875 0.025 0.1140625
0 0.1296875 0.36953125 0.0296875 0.11875
0 0.58046875 0.3953125 0.0390625 0.2140625
0 0.4921875 0.365625 0.01875 0.10625
0 0.21171875 0.3609375 0.021875 0.1140625
0 0.20234375 0.37109375 0.0171875 0.0890625
0 0.2484375 0.34921875 0.015625 0.0609375
0 0.40234375 0.35 0.0140625 0.0625
0 0.02265625 0.340625 0.0140625 0.065625
0 0.04609375 0.36640625 0.0203125 0.1
0 0.35390625 0.36328125 0.01875 0.05
0 0.3640625 0.359375 0.015625 0.0453125
0 0.06171875 0.35234375 0.015625 0.0640625