0 0.625 0.37890625 0.03125 0.134375
0 0.41953125 0.3890625 0.0328125 0.165625
0 0.4625 0.38828125 0.03125 0.15625
0 0.721875 0.38203125 0.0390625 0.165625
0 0.56796875 0.35546875 0.0171875 0.0640625
0 0.0125 0.38046875 0.025 0.10625
0 0.0359375 0.37578125 0.0234375 0.109375
0 0.60625 0.35703125 0.015625 0.05625
0 0.58515625 0.3546875 0.0125 0.0609375
0 0.5109375 0.39453125 0.03125 0.1015625
0 0.53671875 0.403125 0.0328125 0.096875
0 0.3390625 0.35703125 0.0140625 0.053125
0 0.35078125 0.35546875 0.0125 0.046875
0 0.35390625 0.34921875 0.0140625 0.0453125
0 0.3625 0.34765625 0.0125 0.0453125
0 0.3984375 0.3578125 0.015625 0.053125
0 0.37578125 0.3484375 0.0109375 0.0390625
0 0.384375 0.3484375 0.0125 0.0390625