0 0.6171875 0.35703125 0.0359375 0.1515625
0 0.52890625 0.34140625 0.03125 0.1375
0 0.51328125 0.34609375 0.034375 0.1625
0 0.815625 0.58203125 0.125 0.6921875
0 0.94296875 0.5875 0.1140625 0.725
0 0.37578125 0.3515625 0.046875 0.1953125
0 0.5421875 0.33984375 0.0234375 0.1203125
0 0.565625 0.3171875 0.0109375 0.04375
0 0.0359375 0.37109375 0.040625 0.18125
0 0.59375 0.33828125 0.025 0.1265625
0 0.30859375 0.33125 0.025 0.10625
0 0.65546875 0.334375 0.01875 0.10625
0 0.2859375 0.3421875 0.03125 0.159375
0 0.26796875 0.34921875 0.021875 0.1328125
0 0.48984375 0.3328125 0.021875 0.1046875
0 0.15859375 0.33046875 0.021875 0.1109375
0 0.1734375 0.31875 0.0171875 0.0703125
0 0.44453125 0.31640625 0.0125 0.05625
0 0.42890625 0.31328125 0.009375 0.0609375
0 0.4 0.3171875 0.0125 0.053125
0 0.00859375 0.36328125 0.0171875 0.1890625