0 0.55390625 0.40234375 0.0359375 0.153125
0 0.49375 0.39296875 0.028125 0.13125
0 0.46953125 0.38125 0.0296875 0.1453125
0 0.77734375 0.62109375 0.11875 0.640625
0 0.9171875 0.63828125 0.128125 0.6796875
0 0.346875 0.3859375 0.0484375 0.175
0 0.5046875 0.3796875 0.0234375 0.11875
0 0.01328125 0.40390625 0.0265625 0.1796875
0 0.24609375 0.37578125 0.0265625 0.1109375
0 0.59375 0.3859375 0.01875 0.10625
0 0.2828125 0.37421875 0.0234375 0.121875
0 0.27109375 0.38046875 0.021875 0.1109375
0 0.52265625 0.38046875 0.0203125 0.09375
0 0.121875 0.34296875 0.0140625 0.0703125
0 0.1375 0.36953125 0.021875 0.10625
0 0.45234375 0.375 0.01875 0.05
0 0.15234375 0.35390625 0.015625 0.0640625
0 0.39453125 0.36015625 0.0125 0.059375
0 0.384375 0.353125 0.009375 0.05625