0 0.73515625 0.49453125 0.04375 0.2515625
0 0.3234375 0.49375 0.05 0.203125
0 0.6109375 0.44296875 0.025 0.109375
0 0.2125 0.484375 0.040625 0.1703125
0 0.2515625 0.4890625 0.0328125 0.1640625
0 0.58046875 0.44921875 0.0203125 0.1
0 0.2796875 0.48671875 0.03125 0.1671875
0 0.5515625 0.43984375 0.015625 0.078125
0 0.15703125 0.43828125 0.0140625 0.0640625
0 0.59140625 0.440625 0.015625 0.0921875
0 0.4046875 0.4390625 0.0109375 0.0609375
0 0.3984375 0.440625 0.0109375 0.053125
0 0.4171875 0.44609375 0.0109375 0.065625
0 0.3859375 0.4390625 0.0109375 0.053125
0 0.37109375 0.43671875 0.0125 0.0578125
0 0.35703125 0.44296875 0.009375 0.0515625
0 0.81015625 0.459375 0.0203125 0.0984375