0 0.48046875 0.39453125 0.0375 0.1578125
0 0.42578125 0.378125 0.028125 0.125
0 0.38359375 0.37890625 0.021875 0.1203125
0 0.8640625 0.56953125 0.1046875 0.5859375
0 0.95 0.5578125 0.1 0.596875
0 0.29140625 0.38828125 0.0390625 0.1484375
0 0.434375 0.36484375 0.021875 0.1140625
0 0.44453125 0.36328125 0.01875 0.1
0 0.1296875 0.39921875 0.0265625 0.121875
0 0.56328125 0.38046875 0.034375 0.184375
0 0.45078125 0.36328125 0.0171875 0.0921875
0 0.2265625 0.38828125 0.021875 0.109375
0 0.2140625 0.3765625 0.015625 0.0875
0 0.50546875 0.365625 0.021875 0.0859375
0 0.25859375 0.3875 0.0171875 0.1015625
0 0.24375 0.36953125 0.0140625 0.05625
0 0.396875 0.3640625 0.0140625 0.0640625
0 0.03203125 0.38046875 0.0125 0.0671875
0 0.06328125 0.3921875 0.021875 0.1
0 0.3484375 0.371875 0.01875 0.0484375
0 0.3625 0.37109375 0.015625 0.0453125
0 0.79140625 0.38984375 0.0296875 0.1515625