0 0.59609375 0.32578125 0.03125 0.1328125
0 0.41328125 0.3265625 0.0328125 0.1609375
0 0.45 0.33125 0.0265625 0.1453125
0 0.61796875 0.30859375 0.03125 0.1078125
0 0.76015625 0.3796875 0.059375 0.4015625
0 0.36796875 0.31640625 0.021875 0.1046875
0 0.7328125 0.375 0.0515625 0.34375
0 0.52734375 0.3015625 0.015625 0.0640625
0 0.075 0.4046875 0.0546875 0.3171875
0 0.11484375 0.3109375 0.0171875 0.078125
0 0.55625 0.3 0.0125 0.0546875
0 0.54375 0.296875 0.0109375 0.0515625
0 0.47734375 0.3328125 0.025 0.0828125
0 0.4953125 0.33359375 0.025 0.0828125
0 0.315625 0.29765625 0.0125 0.0453125
0 0.3234375 0.29921875 0.0109375 0.046875
0 0.33515625 0.29453125 0.0109375 0.0390625
0 0.340625 0.29375 0.0109375 0.04375
0 0.3859375 0.309375 0.0125 0.0578125
0 0.35078125 0.29453125 0.0109375 0.0359375