0 0.63359375 0.35625 0.03125 0.140625
0 0.46328125 0.35078125 0.03125 0.1453125
0 0.2125 0.4390625 0.10625 0.4578125
0 0.5015625 0.35078125 0.0296875 0.134375
0 0.5546875 0.328125 0.015625 0.059375
0 0.60234375 0.36015625 0.028125 0.16875
0 0.325 0.33671875 0.021875 0.1015625
0 0.3078125 0.3578125 0.021875 0.1359375
0 0.525 0.32421875 0.009375 0.0390625
0 0.48671875 0.35078125 0.01875 0.0578125
0 0.3953125 0.32890625 0.015625 0.0671875
0 0.371875 0.32578125 0.015625 0.075
0 0.359375 0.32578125 0.0125 0.0609375