0 0.59140625 0.32890625 0.034375 0.1515625
0 0.4515625 0.315625 0.0296875 0.140625
0 0.4234375 0.33203125 0.040625 0.19375
0 0.8453125 0.55625 0.1125 0.7078125
0 0.95703125 0.56015625 0.0859375 0.7578125
0 0.234375 0.32890625 0.0421875 0.2171875
0 0.48828125 0.31015625 0.025 0.125
0 0.50625 0.29140625 0.0125 0.0484375
0 0.54296875 0.31171875 0.03125 0.134375
0 0.26953125 0.30625 0.025 0.10625
0 0.6109375 0.31171875 0.0171875 0.109375
0 0.134375 0.33828125 0.040625 0.2046875
0 0.1140625 0.34453125 0.03125 0.1796875
0 0.3734375 0.315625 0.025 0.10625
0 0.30859375 0.3234375 0.0234375 0.121875
0 0.01953125 0.2984375 0.01875 0.0875
0 0.05703125 0.31796875 0.028125 0.1296875
0 0.33203125 0.29921875 0.0125 0.0546875
0 0.3484375 0.28671875 0.0140625 0.0546875