0 0.6203125 0.34140625 0.0328125 0.1375
0 0.46015625 0.32734375 0.028125 0.1390625
0 0.4 0.3609375 0.0515625 0.23125
0 0.9421875 0.57734375 0.115625 0.7453125
0 0.20234375 0.35546875 0.0546875 0.2453125
0 0.4984375 0.3328125 0.0265625 0.1265625
0 0.52890625 0.30703125 0.0125 0.0546875
0 0.56796875 0.32890625 0.0234375 0.15
0 0.29375 0.31953125 0.021875 0.1015625
0 0.57578125 0.3359375 0.0203125 0.1375
0 0.64765625 0.31953125 0.01875 0.109375
0 0.0546875 0.36328125 0.0625 0.25625
0 0.0296875 0.3796875 0.05625 0.2203125
0 0.34375 0.32734375 0.0203125 0.1046875
0 0.31328125 0.3390625 0.0234375 0.121875
0 0.375 0.303125 0.0140625 0.0671875
0 0.3578125 0.31328125 0.0140625 0.05625