0 0.46796875 0.38359375 0.034375 0.1484375
0 0.41328125 0.36484375 0.01875 0.121875
0 0.3796875 0.36875 0.028125 0.13125
0 0.7890625 0.57890625 0.125 0.596875
0 0.91796875 0.5703125 0.13125 0.6140625
0 0.284375 0.37109375 0.0390625 0.153125
0 0.440625 0.35703125 0.0171875 0.10625
0 0.128125 0.3734375 0.0265625 0.121875
0 0.56796875 0.3828125 0.0390625 0.2046875
0 0.48671875 0.3578125 0.01875 0.10625
0 0.2140625 0.3640625 0.021875 0.1140625
0 0.2 0.365625 0.0171875 0.0890625
0 0.24453125 0.34453125 0.0140625 0.0578125
0 0.3984375 0.34453125 0.0140625 0.0640625
0 0.02109375 0.34609375 0.0125 0.0671875
0 0.04609375 0.36796875 0.0203125 0.1
0 0.346875 0.35625 0.01875 0.05
0 0.3609375 0.35390625 0.015625 0.0453125
0 0.05625 0.3484375 0.015625 0.0640625