0 0.75078125 0.58515625 0.1015625 0.5234375
0 0.49140625 0.4734375 0.0375 0.1625
0 0.40703125 0.44296875 0.025 0.1140625
0 0.03125 0.49296875 0.0421875 0.190625
0 0.28125 0.440625 0.01875 0.0828125
0 0.053125 0.47578125 0.040625 0.1875
0 0.2640625 0.4484375 0.025 0.11875
0 0.38046875 0.44609375 0.021875 0.10625
0 0.3734375 0.43125 0.015625 0.0859375
0 0.07109375 0.47265625 0.0265625 0.13125
0 0.4421875 0.4359375 0.021875 0.109375
0 0.328125 0.428125 0.0140625 0.0640625
0 0.64765625 0.4515625 0.0203125 0.10625