0 0.51171875 0.4015625 0.0375 0.1578125
0 0.45390625 0.378125 0.028125 0.125
0 0.41328125 0.3765625 0.025 0.115625
0 0.9125 0.56328125 0.1078125 0.5703125
0 0.01640625 0.4375 0.0328125 0.2375
0 0.3234375 0.38828125 0.0390625 0.1421875
0 0.1625 0.3984375 0.025 0.121875
0 0.57890625 0.38359375 0.034375 0.1703125
0 0.47578125 0.36875 0.0171875 0.090625
0 0.259375 0.37890625 0.0203125 0.10625
0 0.24375 0.38203125 0.0140625 0.0875
0 0.29375 0.3859375 0.0171875 0.1015625
0 0.27265625 0.36875 0.015625 0.0546875
0 0.42421875 0.359375 0.0140625 0.0640625
0 0.07421875 0.37109375 0.0125 0.0640625
0 0.09765625 0.38828125 0.021875 0.0984375
0 0.371875 0.36796875 0.01875 0.046875
0 0.3875 0.37109375 0.015625 0.0453125
0 0.815625 0.39140625 0.0296875 0.140625