0 0.634375 0.359375 0.03125 0.134375
0 0.46328125 0.35078125 0.03125 0.1453125
0 0.19296875 0.4390625 0.1171875 0.471875
0 0.49921875 0.35546875 0.025 0.134375
0 0.55390625 0.3265625 0.015625 0.059375
0 0.60234375 0.3578125 0.03125 0.171875
0 0.32578125 0.33671875 0.021875 0.1015625
0 0.72421875 0.35078125 0.01875 0.1140625
0 0.5109375 0.3265625 0.0140625 0.05625
0 0.30703125 0.35703125 0.021875 0.1359375
0 0.52578125 0.3234375 0.009375 0.0390625
0 0.48671875 0.35 0.01875 0.05625
0 0.39453125 0.328125 0.015625 0.0671875
0 0.37265625 0.3265625 0.015625 0.075
0 0.359375 0.32421875 0.0125 0.0609375