0 0.5953125 0.32109375 0.0328125 0.1296875
0 0.4140625 0.3265625 0.0328125 0.1609375
0 0.4515625 0.334375 0.0296875 0.146875
0 0.6171875 0.30859375 0.028125 0.10625
0 0.75078125 0.3765625 0.05625 0.3890625
0 0.36640625 0.315625 0.021875 0.1046875
0 0.72578125 0.3734375 0.05 0.33125
0 0.52734375 0.29921875 0.0140625 0.0640625
0 0.0890625 0.396875 0.053125 0.303125
0 0.11953125 0.30703125 0.0171875 0.078125
0 0.55546875 0.29765625 0.0125 0.053125
0 0.5421875 0.29375 0.0125 0.053125
0 0.47734375 0.33125 0.0234375 0.084375
0 0.49453125 0.32890625 0.025 0.08125
0 0.315625 0.29375 0.0125 0.0453125
0 0.32265625 0.2953125 0.009375 0.046875
0 0.33515625 0.28984375 0.0109375 0.0390625
0 0.33984375 0.28984375 0.0109375 0.04375
0 0.38515625 0.3125 0.0125 0.059375
0 0.35 0.290625 0.009375 0.0359375