0 0.6484375 0.37421875 0.0296875 0.13125
0 0.45390625 0.37421875 0.034375 0.16875
0 0.4890625 0.384375 0.03125 0.1515625
0 0.8328125 0.390625 0.053125 0.225
0 0.60078125 0.346875 0.015625 0.065625
0 0.00625 0.37421875 0.0125 0.1265625
0 0.62421875 0.34609375 0.015625 0.0703125
0 0.54453125 0.39140625 0.034375 0.109375
0 0.56796875 0.40078125 0.0359375 0.1109375
0 0.36484375 0.34765625 0.0140625 0.053125
0 0.37578125 0.3484375 0.0140625 0.05
0 0.38515625 0.34140625 0.0125 0.0484375
0 0.4265625 0.353125 0.01875 0.05625
0 0.39765625 0.3421875 0.0109375 0.0390625
0 0.40703125 0.34296875 0.0125 0.0390625