0 0.48125 0.4015625 0.0328125 0.146875
0 0.42265625 0.38046875 0.028125 0.1296875
0 0.39453125 0.38359375 0.025 0.13125
0 0.77421875 0.59765625 0.0984375 0.60625
0 0.90703125 0.59765625 0.121875 0.6296875
0 0.2921875 0.38125 0.0390625 0.1578125
0 0.45546875 0.37734375 0.01875 0.109375
0 0.14609375 0.3875 0.025 0.121875
0 0.5953125 0.40703125 0.0390625 0.221875
0 0.50390625 0.37734375 0.01875 0.10625
0 0.2203125 0.37421875 0.021875 0.1140625
0 0.20546875 0.37734375 0.0171875 0.0890625
0 0.03828125 0.35390625 0.0125 0.065625
0 0.06015625 0.3734375 0.021875 0.1015625
0 0.36484375 0.36953125 0.01875 0.05
0 0.38203125 0.3703125 0.015625 0.0453125
0 0.07421875 0.3640625 0.015625 0.0640625
0 0.83671875 0.4234375 0.0375 0.1640625