0 0.68125 0.55078125 0.06875 0.3890625
0 0.51953125 0.47734375 0.0359375 0.159375
0 0.01953125 0.55234375 0.0390625 0.353125
0 0.425 0.44921875 0.0234375 0.109375
0 0.07109375 0.5 0.0421875 0.1875
0 0.0921875 0.484375 0.0375 0.175
0 0.39921875 0.4515625 0.021875 0.1046875
0 0.03671875 0.503125 0.034375 0.1859375
0 0.384375 0.44140625 0.01875 0.0859375
0 0.4484375 0.44765625 0.021875 0.1015625
0 0.21796875 0.44375 0.0125 0.06875
0 0.2078125 0.45 0.0109375 0.0578125
0 0.1921875 0.44375 0.0109375 0.0609375
0 0.17265625 0.44765625 0.009375 0.0546875
0 0.184375 0.446875 0.0109375 0.0515625
0 0.34140625 0.434375 0.0140625 0.0640625