0 0.66640625 0.53203125 0.0515625 0.3078125
0 0.60078125 0.49921875 0.0390625 0.1640625
0 0.1546875 0.53515625 0.0625 0.2609375
0 0.48828125 0.46875 0.025 0.1140625
0 0.059375 0.509375 0.0453125 0.1875
0 0.18046875 0.50078125 0.034375 0.18125
0 0.10546875 0.51640625 0.034375 0.1703125
0 0.4640625 0.47109375 0.021875 0.1
0 0.4421875 0.4609375 0.0171875 0.08125
0 0.2859375 0.45625 0.0125 0.065625
0 0.2765625 0.46171875 0.0109375 0.05625
0 0.29453125 0.465625 0.0125 0.06875
0 0.26640625 0.45703125 0.0125 0.059375
0 0.2515625 0.45625 0.0109375 0.059375
0 0.23828125 0.45859375 0.0109375 0.0515625
0 0.7015625 0.478125 0.0203125 0.1