0 0.61484375 0.3765625 0.03125 0.1328125
0 0.40703125 0.378125 0.03125 0.165625
0 0.4484375 0.39296875 0.0296875 0.1484375
0 0.69921875 0.384375 0.0359375 0.1484375
0 0.94609375 0.50859375 0.1078125 0.6328125
0 0.5546875 0.36015625 0.0171875 0.065625
0 0.0171875 0.3734375 0.0234375 0.1015625
0 0.04453125 0.36796875 0.028125 0.1046875
0 0.59140625 0.359375 0.0125 0.0546875
0 0.5734375 0.35546875 0.0125 0.0578125
0 0.496875 0.3953125 0.03125 0.1015625
0 0.521875 0.39921875 0.0328125 0.0953125
0 0.328125 0.3578125 0.0140625 0.053125
0 0.340625 0.35703125 0.0125 0.0453125
0 0.3546875 0.35078125 0.0125 0.046875
0 0.3890625 0.3578125 0.015625 0.053125
0 0.36484375 0.35078125 0.009375 0.0390625
0 0.37421875 0.3515625 0.0125 0.0390625