0 0.63984375 0.38203125 0.03125 0.134375
0 0.43984375 0.396875 0.0328125 0.1671875
0 0.4765625 0.39609375 0.0296875 0.1515625
0 0.7640625 0.384375 0.0390625 0.184375
0 0.58671875 0.3609375 0.015625 0.0640625
0 0.009375 0.3875 0.01875 0.1125
0 0.03359375 0.3875 0.025 0.1140625
0 0.625 0.35703125 0.015625 0.0609375
0 0.60625 0.35703125 0.0125 0.0671875
0 0.528125 0.4015625 0.034375 0.1109375
0 0.55390625 0.40234375 0.03125 0.103125
0 0.35703125 0.36171875 0.0140625 0.053125
0 0.36796875 0.3625 0.0109375 0.0453125
0 0.37890625 0.35234375 0.0125 0.046875
0 0.41484375 0.3609375 0.015625 0.0546875
0 0.39296875 0.35546875 0.009375 0.0390625
0 0.39921875 0.3546875 0.0125 0.0390625