0 0.59375 0.315625 0.0328125 0.1390625
0 0.471875 0.3078125 0.0265625 0.1390625
0 0.45625 0.31953125 0.0375 0.18125
0 0.83359375 0.52578125 0.128125 0.69375
0 0.9421875 0.53125 0.115625 0.7546875
0 0.28359375 0.32890625 0.0390625 0.2109375
0 0.496875 0.30625 0.0296875 0.121875
0 0.5234375 0.27578125 0.0125 0.046875
0 0.55625 0.30703125 0.0203125 0.121875
0 0.62109375 0.2953125 0.01875 0.109375
0 0.19296875 0.31953125 0.0390625 0.18125
0 0.16796875 0.33203125 0.028125 0.1609375
0 0.41953125 0.30390625 0.0234375 0.1015625
0 0.40859375 0.30546875 0.025 0.1046875
0 0.328125 0.3125 0.0234375 0.121875
0 0.06171875 0.2890625 0.0203125 0.0859375
0 0.0859375 0.31171875 0.0265625 0.1234375
0 0.38671875 0.284375 0.0109375 0.065625
0 0.35078125 0.284375 0.0125 0.0546875
0 0.359375 0.28515625 0.0140625 0.0515625