0 0.6109375 0.34453125 0.0296875 0.13125
0 0.43203125 0.34140625 0.03125 0.1609375
0 0.0421875 0.59140625 0.084375 0.7015625
0 0.46953125 0.34921875 0.0265625 0.14375
0 0.73359375 0.39140625 0.05 0.34375
0 0.3703125 0.3328125 0.021875 0.1
0 0.7140625 0.3890625 0.046875 0.2984375
0 0.5375 0.321875 0.015625 0.0625
0 0.15078125 0.403125 0.059375 0.26875
0 0.5625 0.31328125 0.0109375 0.046875
0 0.5484375 0.3140625 0.0125 0.05625
0 0.4875 0.340625 0.0234375 0.071875
0 0.50703125 0.34921875 0.0234375 0.0765625
0 0.38203125 0.32109375 0.0125 0.0609375
0 0.39453125 0.32578125 0.0125 0.059375