0 0.50390625 0.42109375 0.0375 0.159375
0 0.44375 0.40546875 0.0265625 0.1203125
0 0.38203125 0.3984375 0.0203125 0.10625
0 0.95859375 0.57421875 0.0828125 0.525
0 0.0359375 0.446875 0.0515625 0.2203125
0 0.259375 0.40625 0.0359375 0.13125
0 0.43359375 0.4046875 0.021875 0.1078125
0 0.13359375 0.4203125 0.0296875 0.13125
0 0.534375 0.3984375 0.0265625 0.1390625
0 0.47890625 0.390625 0.0171875 0.103125
0 0.24453125 0.3984375 0.0171875 0.0953125
0 0.2359375 0.40078125 0.0140625 0.078125
0 0.3953125 0.384375 0.0140625 0.0640625
0 0.0796875 0.40859375 0.0171875 0.0953125
0 0.34453125 0.390625 0.01875 0.0484375
0 0.353125 0.390625 0.015625 0.0453125
0 0.75234375 0.4109375 0.0265625 0.1296875