0 0.60859375 0.33203125 0.03125 0.1359375
0 0.41015625 0.340625 0.0328125 0.1625
0 0.45703125 0.34375 0.0296875 0.1484375
0 0.65625 0.321875 0.034375 0.125
0 0.8453125 0.4171875 0.0765625 0.525
0 0.38984375 0.328125 0.0234375 0.103125
0 0.80234375 0.40390625 0.0671875 0.4296875
0 0.5484375 0.31015625 0.0140625 0.0640625
0 0.04375 0.3296875 0.0390625 0.125
0 0.0703125 0.3234375 0.0203125 0.0921875
0 0.096875 0.32421875 0.021875 0.09375
0 0.57734375 0.3078125 0.0125 0.053125
0 0.56171875 0.30390625 0.0125 0.0578125
0 0.490625 0.34453125 0.028125 0.09375
0 0.5140625 0.35390625 0.0265625 0.090625
0 0.3265625 0.30859375 0.0125 0.0484375
0 0.3375 0.30859375 0.0125 0.046875
0 0.34765625 0.30234375 0.0109375 0.040625
0 0.35390625 0.3015625 0.0125 0.0453125
0 0.36484375 0.30390625 0.009375 0.0390625
0 0.37265625 0.30390625 0.009375 0.0390625