0 0.59296875 0.315625 0.0328125 0.1390625
0 0.46015625 0.31953125 0.0375 0.1796875
0 0.83671875 0.51640625 0.1171875 0.68125
0 0.9421875 0.52265625 0.115625 0.7484375
0 0.28515625 0.3328125 0.046875 0.2109375
0 0.496875 0.30703125 0.025 0.121875
0 0.52421875 0.27578125 0.0125 0.0453125
0 0.55390625 0.29921875 0.028125 0.1296875
0 0.5578125 0.30625 0.0203125 0.121875
0 0.6203125 0.29453125 0.01875 0.109375
0 0.19765625 0.3203125 0.0375 0.178125
0 0.1734375 0.33515625 0.028125 0.1578125
0 0.42265625 0.30390625 0.021875 0.1015625
0 0.4125 0.30859375 0.025 0.1046875
0 0.33046875 0.31328125 0.0234375 0.121875
0 0.06796875 0.29140625 0.01875 0.08125
0 0.08984375 0.3140625 0.0265625 0.1234375
0 0.39921875 0.28359375 0.0109375 0.059375
0 0.3859375 0.28828125 0.0109375 0.0640625
0 0.3515625 0.284375 0.0125 0.0546875
0 0.3625 0.284375 0.0140625 0.0515625