0 0.54296875 0.4109375 0.0375 0.153125
0 0.48359375 0.39609375 0.028125 0.13125
0 0.4578125 0.39375 0.028125 0.134375
0 0.7796875 0.634375 0.11875 0.6421875
0 0.92265625 0.62421875 0.15 0.6734375
0 0.33671875 0.40078125 0.04375 0.165625
0 0.4953125 0.3859375 0.0234375 0.11875
0 0.5265625 0.38984375 0.025 0.11875
0 0.23125 0.38515625 0.0265625 0.1140625
0 0.70625 0.45078125 0.0515625 0.29375
0 0.58046875 0.39296875 0.01875 0.10625
0 0.278125 0.38203125 0.0234375 0.1203125
0 0.2640625 0.3890625 0.0203125 0.10625
0 0.50234375 0.384375 0.021875 0.0953125
0 0.1078125 0.35234375 0.0140625 0.065625
0 0.12734375 0.38046875 0.021875 0.10625
0 0.43828125 0.38359375 0.01875 0.05
0 0.14140625 0.359375 0.0140625 0.0640625
0 0.37734375 0.36796875 0.0125 0.059375
0 0.3671875 0.3625 0.0109375 0.0546875