0 0.71640625 0.56328125 0.096875 0.453125
0 0.5046875 0.4734375 0.0375 0.1625
0 0.41484375 0.4484375 0.021875 0.1078125
0 0.04921875 0.5015625 0.0453125 0.190625
0 0.071875 0.4796875 0.0390625 0.1796875
0 0.27578125 0.4546875 0.025 0.11875
0 0.3875 0.45078125 0.021875 0.1046875
0 0.015625 0.50625 0.03125 0.1875
0 0.37734375 0.43671875 0.0171875 0.084375
0 0.44453125 0.440625 0.021875 0.10625
0 0.165625 0.4421875 0.009375 0.0546875
0 0.1765625 0.44296875 0.0109375 0.0515625
0 0.33359375 0.43125 0.0140625 0.0625
0 0.6484375 0.4515625 0.021875 0.10625