0 0.52890625 0.40859375 0.0359375 0.159375
0 0.47265625 0.38828125 0.0265625 0.121875
0 0.421875 0.3796875 0.0203125 0.1140625
0 0.9734375 0.56953125 0.053125 0.546875
0 0.05546875 0.43984375 0.0546875 0.2265625
0 0.3109375 0.39765625 0.0328125 0.1328125
0 0.0109375 0.45546875 0.021875 0.1859375
0 0.17734375 0.40546875 0.028125 0.121875
0 0.57890625 0.3875 0.03125 0.153125
0 0.2796875 0.38671875 0.015625 0.096875
0 0.26796875 0.38671875 0.015625 0.08125
0 0.43203125 0.36875 0.0140625 0.0640625
0 0.096875 0.38203125 0.0109375 0.0625
0 0.1234375 0.396875 0.0171875 0.0953125
0 0.38046875 0.378125 0.0171875 0.0453125
0 0.39453125 0.38125 0.015625 0.0453125
0 0.80625 0.4 0.028125 0.1296875
0 0.290625 0.378125 0.0140625 0.05