0 0.63515625 0.35625 0.0328125 0.14375
0 0.4625 0.3484375 0.0296875 0.1453125
0 0.23828125 0.434375 0.1 0.4359375
0 0.96953125 0.64921875 0.0609375 0.7015625
0 0.5015625 0.3484375 0.0296875 0.13125
0 0.5546875 0.32890625 0.015625 0.059375
0 0.6015625 0.359375 0.0296875 0.1640625
0 0.3234375 0.33671875 0.021875 0.1015625
0 0.7171875 0.35 0.0203125 0.1140625
0 0.309375 0.359375 0.021875 0.1359375
0 0.0046875 0.36171875 0.009375 0.15
0 0.521875 0.3265625 0.009375 0.0390625
0 0.48515625 0.35 0.01875 0.05625
0 0.3953125 0.32734375 0.015625 0.065625
0 0.371875 0.3234375 0.015625 0.075
0 0.36015625 0.3265625 0.0125 0.0609375