0 0.6015625 0.37109375 0.0328125 0.14375
0 0.5296875 0.35625 0.03125 0.134375
0 0.5078125 0.35546875 0.0265625 0.15
0 0.79296875 0.6015625 0.11875 0.6765625
0 0.93984375 0.61015625 0.1203125 0.7140625
0 0.37578125 0.3609375 0.034375 0.18125
0 0.55546875 0.3265625 0.0109375 0.040625
0 0.03828125 0.37421875 0.0375 0.1796875
0 0.58125 0.3484375 0.0234375 0.1234375
0 0.6453125 0.34765625 0.01875 0.10625
0 0.2984375 0.34609375 0.0265625 0.1390625
0 0.28359375 0.353125 0.021875 0.11875
0 0.1640625 0.3453125 0.0203125 0.109375
0 0.49375 0.340625 0.01875 0.05
0 0.175 0.32109375 0.0171875 0.0703125
0 0.4390625 0.3265625 0.0125 0.05625
0 0.425 0.33359375 0.009375 0.0609375
0 0.3921875 0.3234375 0.0109375 0.0515625
0 0.40546875 0.328125 0.0125 0.0484375