0 0.49453125 0.4140625 0.0359375 0.15625
0 0.4375 0.38515625 0.028125 0.1296875
0 0.41171875 0.39296875 0.025 0.1296875
0 0.77578125 0.60859375 0.1140625 0.6234375
0 0.91796875 0.60390625 0.14375 0.640625
0 0.30546875 0.39609375 0.0390625 0.1578125
0 0.4734375 0.3859375 0.0234375 0.1140625
0 0.1671875 0.390625 0.025 0.1203125
0 0.61640625 0.4171875 0.0421875 0.23125
0 0.52109375 0.38203125 0.01875 0.10625
0 0.23515625 0.38125 0.021875 0.115625
0 0.221875 0.38359375 0.0171875 0.09375
0 0.0578125 0.36328125 0.0140625 0.065625
0 0.078125 0.38359375 0.021875 0.1046875
0 0.38515625 0.37890625 0.01875 0.05
0 0.32734375 0.36953125 0.0125 0.0546875