0 0.63203125 0.36015625 0.03125 0.14375
0 0.45859375 0.346875 0.0296875 0.14375
0 0.28203125 0.42265625 0.08125 0.38125
0 0.225 0.3859375 0.0671875 0.29375
0 0.5 0.35 0.0296875 0.1296875
0 0.54609375 0.321875 0.0140625 0.0546875
0 0.5921875 0.3546875 0.0375 0.159375
0 0.69921875 0.346875 0.021875 0.1140625
0 0.00625 0.35703125 0.0125 0.1578125
0 0.515625 0.3296875 0.0109375 0.0375
0 0.48125 0.34375 0.01875 0.0578125
0 0.39296875 0.321875 0.015625 0.0625
0 0.36953125 0.3203125 0.015625 0.071875
0 0.35390625 0.32265625 0.0125 0.0609375