0 0.609375 0.371875 0.03125 0.134375
0 0.4390625 0.37109375 0.03125 0.1515625
0 0.2140625 0.453125 0.1046875 0.45
0 0.4921875 0.375 0.0296875 0.140625
0 0.57578125 0.34296875 0.01875 0.075
0 0.65390625 0.3859375 0.0359375 0.2453125
0 0.3296875 0.3625 0.021875 0.0953125
0 0.63828125 0.38828125 0.034375 0.215625
0 0.01484375 0.38359375 0.0296875 0.1453125
0 0.5140625 0.34296875 0.0140625 0.0609375
0 0.5390625 0.340625 0.0109375 0.0390625
0 0.525 0.33828125 0.009375 0.0453125
0 0.4703125 0.3640625 0.0234375 0.0703125
0 0.34375 0.34375 0.015625 0.0671875
0 0.31796875 0.34765625 0.01875 0.0765625
0 0.36015625 0.346875 0.0125 0.0609375
0 0.3671875 0.34921875 0.0125 0.059375