0 0.5296875 0.4 0.0359375 0.15625
0 0.465625 0.37734375 0.0265625 0.1234375
0 0.428125 0.38046875 0.021875 0.11875
0 0.9375 0.57265625 0.1203125 0.571875
0 0.028125 0.434375 0.05625 0.2359375
0 0.328125 0.3890625 0.0390625 0.146875
0 0.484375 0.36796875 0.01875 0.096875
0 0.178125 0.39765625 0.025 0.121875
0 0.59296875 0.3828125 0.03125 0.16875
0 0.49140625 0.36953125 0.0171875 0.090625
0 0.2765625 0.37890625 0.0203125 0.1015625
0 0.26328125 0.38125 0.015625 0.084375
0 0.2875 0.36796875 0.015625 0.0546875
0 0.43671875 0.359375 0.0140625 0.0640625
0 0.0953125 0.371875 0.0109375 0.0625
0 0.115625 0.38671875 0.0203125 0.096875
0 0.390625 0.3703125 0.0171875 0.0484375
0 0.39765625 0.3703125 0.015625 0.0453125
0 0.8265625 0.39140625 0.03125 0.1390625