0 0.68515625 0.51640625 0.0484375 0.284375
0 0.65078125 0.4859375 0.0390625 0.1640625
0 0.234375 0.5078125 0.05625 0.234375
0 0.53515625 0.4609375 0.025 0.1140625
0 0.12421875 0.50390625 0.04375 0.1796875
0 0.16796875 0.50859375 0.0328125 0.1671875
0 0.5078125 0.46171875 0.021875 0.1
0 0.19609375 0.49921875 0.034375 0.175
0 0.4828125 0.44921875 0.0171875 0.0796875
0 0.06015625 0.4515625 0.015625 0.071875
0 0.52109375 0.453125 0.015625 0.09375
0 0.334375 0.45078125 0.0125 0.0609375
0 0.328125 0.44921875 0.0109375 0.053125
0 0.340625 0.45546875 0.0125 0.06875
0 0.315625 0.44453125 0.0109375 0.0578125
0 0.30078125 0.44609375 0.0109375 0.05625
0 0.28515625 0.44609375 0.0109375 0.0515625
0 0.74296875 0.46875 0.0203125 0.1