0 0.75078125 0.57890625 0.1046875 0.5046875
0 0.49296875 0.46953125 0.0375 0.15625
0 0.40703125 0.440625 0.0234375 0.1109375
0 0.034375 0.49375 0.0421875 0.190625
0 0.28203125 0.440625 0.01875 0.08125
0 0.05625 0.47578125 0.040625 0.1859375
0 0.265625 0.4484375 0.0265625 0.11875
0 0.38125 0.44609375 0.0203125 0.1046875
0 0.3734375 0.43125 0.0171875 0.0859375
0 0.07265625 0.4734375 0.0265625 0.13125
0 0.44296875 0.4359375 0.021875 0.109375
0 0.32890625 0.428125 0.0140625 0.0640625
0 0.64765625 0.45078125 0.0203125 0.10625