0 0.72421875 0.50625 0.04375 0.2515625
0 0.29921875 0.50078125 0.0546875 0.2078125
0 0.59296875 0.453125 0.025 0.10625
0 0.18828125 0.4921875 0.040625 0.16875
0 0.23125 0.49453125 0.0328125 0.1609375
0 0.44453125 0.45625 0.0234375 0.10625
0 0.56796875 0.45546875 0.0203125 0.1
0 0.25859375 0.49453125 0.0296875 0.1609375
0 0.5390625 0.44375 0.015625 0.0796875
0 0.13515625 0.446875 0.015625 0.065625
0 0.38828125 0.44375 0.0125 0.0609375
0 0.3796875 0.446875 0.0109375 0.053125
0 0.39453125 0.45078125 0.0109375 0.065625
0 0.36875 0.44453125 0.009375 0.0546875
0 0.35390625 0.44375 0.0125 0.0578125
0 0.34296875 0.44453125 0.0109375 0.0515625
0 0.796875 0.4640625 0.021875 0.1