0 0.6078125 0.37109375 0.028125 0.125
0 0.40703125 0.3734375 0.03125 0.1640625
0 0.44765625 0.37578125 0.0296875 0.1484375
0 0.68125 0.36875 0.0390625 0.146875
0 0.96171875 0.51953125 0.0765625 0.7296875
0 0.9078125 0.49296875 0.1078125 0.584375
0 0.54765625 0.34453125 0.015625 0.0671875
0 0.02421875 0.35546875 0.0203125 0.1015625
0 0.04765625 0.3546875 0.028125 0.1046875
0 0.584375 0.3484375 0.0125 0.053125
0 0.56796875 0.35078125 0.0125 0.0578125
0 0.49140625 0.37890625 0.03125 0.1015625
0 0.51484375 0.38359375 0.028125 0.0921875
0 0.325 0.34140625 0.0140625 0.053125
0 0.33515625 0.34296875 0.0125 0.046875
0 0.340625 0.33359375 0.0125 0.04375
0 0.35 0.33203125 0.0125 0.046875
0 0.384375 0.35078125 0.015625 0.0546875
0 0.35859375 0.33359375 0.0109375 0.0390625
0 0.36796875 0.334375 0.0125 0.0390625