0 0.59375 0.3140625 0.0328125 0.1453125
0 0.46640625 0.30859375 0.028125 0.1390625
0 0.45078125 0.3203125 0.0375 0.184375
0 0.83125 0.5390625 0.1296875 0.69375
0 0.95 0.553125 0.1 0.759375
0 0.2671875 0.328125 0.053125 0.2140625
0 0.49453125 0.30859375 0.028125 0.1234375
0 0.52109375 0.2765625 0.0125 0.046875
0 0.55390625 0.30859375 0.0203125 0.121875
0 0.61875 0.29609375 0.0171875 0.109375
0 0.1859375 0.31953125 0.0390625 0.1859375
0 0.15859375 0.32890625 0.028125 0.165625
0 0.4109375 0.303125 0.021875 0.1046875
0 0.39921875 0.30390625 0.0234375 0.10625
0 0.325 0.3109375 0.0234375 0.121875
0 0.053125 0.284375 0.01875 0.0890625
0 0.0765625 0.30859375 0.0265625 0.1234375
0 0.38046875 0.28359375 0.009375 0.0640625
0 0.3484375 0.284375 0.0125 0.0546875
0 0.3546875 0.2859375 0.0140625 0.053125