0 0.609375 0.36171875 0.0328125 0.140625
0 0.43671875 0.37109375 0.03125 0.1515625
0 0.2171875 0.4484375 0.1140625 0.44375
0 0.4921875 0.375 0.0296875 0.140625
0 0.575 0.34375 0.01875 0.0765625
0 0.65078125 0.38203125 0.0359375 0.2375
0 0.3296875 0.359375 0.021875 0.0953125
0 0.63828125 0.3828125 0.034375 0.2125
0 0.02265625 0.37890625 0.0390625 0.1453125
0 0.51640625 0.340625 0.0125 0.0609375
0 0.53828125 0.3390625 0.0109375 0.0390625
0 0.52421875 0.33359375 0.0109375 0.0453125
0 0.4703125 0.36328125 0.0234375 0.0703125
0 0.346875 0.3453125 0.015625 0.0671875
0 0.3203125 0.3484375 0.01875 0.0765625
0 0.36328125 0.34609375 0.0125 0.0609375
0 0.36796875 0.34921875 0.0125 0.059375