0 0.44140625 0.44140625 0.034375 0.1546875
0 0.37890625 0.41171875 0.0234375 0.1171875
0 0.29296875 0.409375 0.01875 0.0953125
0 0.940625 0.61171875 0.11875 0.496875
0 0.1953125 0.41953125 0.0265625 0.1265625
0 0.359375 0.41796875 0.021875 0.1078125
0 0.39375 0.4125 0.0171875 0.103125
0 0.16640625 0.409375 0.0171875 0.0875
0 0.15546875 0.4171875 0.0140625 0.0703125
0 0.1453125 0.4046875 0.0140625 0.0578125
0 0.3140625 0.39765625 0.0140625 0.0640625
0 0.2578125 0.40234375 0.0203125 0.0453125
0 0.27421875 0.409375 0.015625 0.0453125
0 0.6546875 0.4265625 0.0234375 0.115625