0 0.6421875 0.35546875 0.03125 0.13125
0 0.4640625 0.34296875 0.03125 0.146875
0 0.1 0.45390625 0.1265625 0.546875
0 0.21328125 0.390625 0.0625 0.315625
0 0.50546875 0.35078125 0.0296875 0.1375
0 0.56171875 0.31796875 0.015625 0.0609375
0 0.61484375 0.35625 0.0265625 0.175
0 0.33046875 0.33671875 0.021875 0.1015625
0 0.3046875 0.34453125 0.021875 0.1359375
0 0.53359375 0.31640625 0.009375 0.0390625
0 0.490625 0.34140625 0.0203125 0.05625
0 0.39140625 0.31875 0.015625 0.0671875
0 0.371875 0.31953125 0.015625 0.075
0 0.3640625 0.3125 0.0125 0.0609375
0 0.3796875 0.31171875 0.0125 0.059375