0 0.54453125 0.409375 0.0359375 0.1515625
0 0.48515625 0.39609375 0.028125 0.13125
0 0.459375 0.39375 0.0265625 0.13125
0 0.7796875 0.63203125 0.11875 0.640625
0 0.92265625 0.62421875 0.15 0.675
0 0.33828125 0.4015625 0.040625 0.1640625
0 0.49609375 0.38515625 0.021875 0.11875
0 0.52890625 0.3890625 0.025 0.11875
0 0.2328125 0.384375 0.0265625 0.1140625
0 0.71015625 0.45078125 0.0515625 0.2984375
0 0.58203125 0.39296875 0.01875 0.10625
0 0.27890625 0.38125 0.0234375 0.1203125
0 0.26484375 0.38828125 0.0203125 0.1078125
0 0.503125 0.38359375 0.021875 0.096875
0 0.109375 0.35078125 0.0140625 0.065625
0 0.128125 0.3796875 0.021875 0.10625
0 0.440625 0.38359375 0.01875 0.05
0 0.14296875 0.35859375 0.015625 0.0640625
0 0.3796875 0.36640625 0.0125 0.059375
0 0.3703125 0.3609375 0.0109375 0.0546875