0 0.47734375 0.3890625 0.034375 0.1515625
0 0.42265625 0.371875 0.025 0.121875
0 0.38125 0.37578125 0.0234375 0.1203125
0 0.85390625 0.5703125 0.1 0.5875
0 0.9484375 0.55859375 0.103125 0.6015625
0 0.2875 0.38671875 0.0390625 0.15
0 0.44296875 0.359375 0.01875 0.1015625
0 0.12890625 0.3921875 0.0265625 0.121875
0 0.56171875 0.37890625 0.034375 0.1859375
0 0.45 0.36015625 0.0171875 0.09375
0 0.22265625 0.38046875 0.021875 0.109375
0 0.2109375 0.37265625 0.015625 0.0875
0 0.50234375 0.3609375 0.0203125 0.0859375
0 0.2578125 0.38203125 0.0171875 0.1015625
0 0.2421875 0.36484375 0.0125 0.05625
0 0.39609375 0.35859375 0.0140625 0.0640625
0 0.0296875 0.3703125 0.0125 0.0671875
0 0.05546875 0.39296875 0.021875 0.1
0 0.346875 0.3671875 0.01875 0.05
0 0.36015625 0.36953125 0.015625 0.0453125
0 0.79296875 0.38671875 0.03125 0.153125