0 0.46015625 0.35546875 0.03125 0.15
0 0.21953125 0.42265625 0.0984375 0.3796875
0 0.5109375 0.3609375 0.0296875 0.1390625
0 0.58046875 0.3265625 0.0171875 0.0703125
0 0.64765625 0.3671875 0.028125 0.2046875
0 0.34453125 0.34921875 0.021875 0.09375
0 0.63671875 0.3640625 0.0265625 0.1890625
0 0.1375 0.36796875 0.0375 0.1359375
0 0.09453125 0.3765625 0.05 0.15
0 0.5265625 0.3265625 0.0140625 0.059375
0 0.28203125 0.37109375 0.0234375 0.159375
0 0.546875 0.325 0.009375 0.0390625
0 0.5359375 0.31875 0.009375 0.040625
0 0.48515625 0.35078125 0.025 0.065625
0 0.38203125 0.3359375 0.015625 0.0671875
0 0.36171875 0.334375 0.015625 0.078125
0 0.37421875 0.33046875 0.0125 0.0609375
0 0.38828125 0.33359375 0.0125 0.059375