0 0.609375 0.37265625 0.0296875 0.134375
0 0.43671875 0.371875 0.03125 0.1515625
0 0.21015625 0.45859375 0.0875 0.45
0 0.49296875 0.37421875 0.0234375 0.1390625
0 0.575 0.34375 0.0203125 0.075
0 0.65546875 0.390625 0.0359375 0.246875
0 0.3296875 0.3640625 0.021875 0.0953125
0 0.63828125 0.390625 0.034375 0.2171875
0 0.0125 0.38203125 0.025 0.1453125
0 0.5140625 0.34375 0.0140625 0.0609375
0 0.5390625 0.34140625 0.0109375 0.0390625
0 0.5234375 0.340625 0.009375 0.0453125
0 0.4703125 0.365625 0.0234375 0.0703125
0 0.340625 0.3453125 0.015625 0.0671875
0 0.315625 0.34765625 0.01875 0.0765625
0 0.35859375 0.346875 0.0125 0.0609375
0 0.36640625 0.34921875 0.0125 0.059375