0 0.6125 0.36953125 0.03125 0.13125
0 0.44609375 0.36796875 0.03125 0.1609375
0 0.13515625 0.5109375 0.15625 0.534375
0 0.49140625 0.36953125 0.025 0.14375
0 0.7 0.40078125 0.04375 0.29375
0 0.36015625 0.3609375 0.0203125 0.1
0 0.684375 0.39765625 0.0421875 0.259375
0 0.53359375 0.34375 0.015625 0.0609375
0 0.55859375 0.33984375 0.0109375 0.0453125
0 0.54609375 0.33828125 0.0109375 0.0515625
0 0.50703125 0.37578125 0.0234375 0.0703125
0 0.33203125 0.346875 0.0171875 0.0671875
0 0.37890625 0.34453125 0.0125 0.0609375
0 0.38984375 0.34375 0.0125 0.059375