0 0.45 0.44453125 0.0375 0.15625
0 0.384375 0.41640625 0.0234375 0.1171875
0 0.29296875 0.41875 0.01875 0.090625
0 0.96015625 0.58828125 0.0796875 0.4921875
0 0.209375 0.421875 0.0296875 0.1265625
0 0.36171875 0.4203125 0.021875 0.1078125
0 0.39765625 0.4125 0.0171875 0.103125
0 0.17421875 0.41015625 0.0171875 0.0859375
0 0.1640625 0.4171875 0.0140625 0.0703125
0 0.1921875 0.41875 0.0171875 0.0890625
0 0.15390625 0.40703125 0.0125 0.0578125
0 0.31953125 0.39921875 0.0140625 0.0640625
0 0.2625 0.40859375 0.0203125 0.0453125
0 0.2734375 0.41171875 0.015625 0.0453125
0 0.65546875 0.42890625 0.0234375 0.1140625