0 0.61328125 0.34609375 0.0328125 0.1390625
0 0.43359375 0.34296875 0.03125 0.1609375
0 0.04609375 0.584375 0.0921875 0.696875
0 0.4703125 0.35078125 0.0296875 0.1453125
0 0.73515625 0.39296875 0.05 0.34375
0 0.371875 0.334375 0.021875 0.1
0 0.71484375 0.38984375 0.0484375 0.296875
0 0.5390625 0.321875 0.0140625 0.0625
0 0.15625 0.40390625 0.0578125 0.26875
0 0.12890625 0.31875 0.015625 0.0765625
0 0.5640625 0.3140625 0.0109375 0.046875
0 0.55078125 0.31484375 0.0125 0.05625
0 0.4890625 0.34296875 0.0234375 0.075
0 0.50859375 0.34921875 0.0234375 0.075
0 0.3140625 0.31953125 0.0171875 0.065625
0 0.384375 0.321875 0.0125 0.0609375
0 0.39609375 0.32578125 0.0125 0.059375