0 0.47734375 0.39765625 0.03125 0.14375
0 0.41953125 0.37890625 0.0265625 0.1296875
0 0.39140625 0.38046875 0.0234375 0.13125
0 0.77421875 0.5953125 0.09375 0.6015625
0 0.91484375 0.59375 0.1421875 0.634375
0 0.28828125 0.3796875 0.0390625 0.1578125
0 0.453125 0.3734375 0.0203125 0.1078125
0 0.14140625 0.3875 0.025 0.121875
0 0.58984375 0.4046875 0.0390625 0.21875
0 0.49921875 0.3765625 0.01875 0.10625
0 0.2171875 0.36953125 0.021875 0.1140625
0 0.2046875 0.37578125 0.0171875 0.0890625
0 0.03515625 0.3515625 0.0140625 0.065625
0 0.05546875 0.37109375 0.021875 0.1015625
0 0.359375 0.36796875 0.01875 0.05
0 0.37734375 0.36796875 0.015625 0.0453125
0 0.071875 0.3625 0.0140625 0.0640625
0 0.83203125 0.41875 0.0359375 0.1625