0 0.6234375 0.378125 0.03125 0.134375
0 0.41796875 0.38828125 0.0328125 0.1640625
0 0.4609375 0.38828125 0.03125 0.1546875
0 0.71953125 0.38359375 0.0421875 0.16875
0 0.97890625 0.525 0.0421875 0.69375
0 0.56484375 0.35625 0.0171875 0.0640625
0 0.0125 0.38046875 0.025 0.1046875
0 0.03515625 0.37578125 0.025 0.109375
0 0.60390625 0.35703125 0.0140625 0.05625
0 0.58359375 0.35390625 0.0125 0.0609375
0 0.509375 0.39453125 0.03125 0.1015625
0 0.53515625 0.403125 0.0328125 0.096875
0 0.33671875 0.35703125 0.0140625 0.053125
0 0.34921875 0.35546875 0.0125 0.0453125
0 0.3515625 0.3484375 0.0140625 0.0453125
0 0.3609375 0.34765625 0.0125 0.0453125
0 0.396875 0.3578125 0.015625 0.053125
0 0.37421875 0.3484375 0.0109375 0.0390625
0 0.38203125 0.3484375 0.0125 0.0390625