0 0.459375 0.35546875 0.03125 0.15
0 0.21796875 0.421875 0.1015625 0.384375
0 0.509375 0.36171875 0.0296875 0.140625
0 0.5796875 0.3265625 0.0171875 0.06875
0 0.6484375 0.365625 0.0296875 0.20625
0 0.34296875 0.34921875 0.021875 0.09375
0 0.6375 0.3640625 0.0265625 0.190625
0 0.13359375 0.36640625 0.0375 0.1359375
0 0.08828125 0.37578125 0.05 0.1515625
0 0.5265625 0.32578125 0.0140625 0.059375
0 0.28125 0.371875 0.025 0.1609375
0 0.54609375 0.3234375 0.009375 0.0390625
0 0.534375 0.31796875 0.0078125 0.040625
0 0.484375 0.35078125 0.025 0.065625
0 0.38046875 0.33515625 0.015625 0.0671875
0 0.36015625 0.33515625 0.015625 0.078125
0 0.37421875 0.32890625 0.0125 0.0609375
0 0.38671875 0.33359375 0.0125 0.059375