0 0.634375 0.35625 0.0328125 0.14375
0 0.4625 0.34921875 0.0296875 0.1453125
0 0.23046875 0.43671875 0.1 0.44375
0 0.97109375 0.65 0.0578125 0.7
0 0.5015625 0.34921875 0.0296875 0.1328125
0 0.55546875 0.33046875 0.015625 0.059375
0 0.603125 0.3625 0.028125 0.165625
0 0.3234375 0.33671875 0.021875 0.1015625
0 0.71953125 0.3515625 0.0203125 0.1140625
0 0.30859375 0.35859375 0.021875 0.1359375
0 0.00390625 0.36171875 0.0078125 0.1484375
0 0.52265625 0.32578125 0.009375 0.0390625
0 0.4859375 0.35078125 0.01875 0.0578125
0 0.3953125 0.328125 0.015625 0.065625
0 0.371875 0.32421875 0.015625 0.075
0 0.36015625 0.3265625 0.0125 0.0609375