0 0.64375 0.346875 0.03125 0.1453125
0 0.46015625 0.3390625 0.03125 0.146875
0 0.05078125 0.47109375 0.1015625 0.596875
0 0.20234375 0.37890625 0.0828125 0.334375
0 0.50859375 0.34921875 0.0296875 0.1375
0 0.56953125 0.3125 0.0125 0.0640625
0 0.625 0.3484375 0.0265625 0.1796875
0 0.3375 0.321875 0.021875 0.0953125
0 0.52265625 0.315625 0.0140625 0.059375
0 0.30234375 0.3390625 0.025 0.1390625
0 0.53828125 0.30703125 0.009375 0.0390625
0 0.52890625 0.3109375 0.009375 0.04375
0 0.48125 0.3265625 0.021875 0.059375
0 0.496875 0.3296875 0.0203125 0.05625
0 0.3921875 0.30625 0.015625 0.0671875
0 0.371875 0.309375 0.015625 0.075
0 0.3828125 0.3140625 0.0125 0.059375