0 0.66640625 0.53203125 0.059375 0.3046875
0 0.58203125 0.490625 0.0359375 0.15625
0 0.128125 0.540625 0.06875 0.2734375
0 0.471875 0.459375 0.025 0.109375
0 0.03671875 0.51328125 0.0453125 0.1890625
0 0.08046875 0.51171875 0.0359375 0.16875
0 0.44765625 0.46640625 0.01875 0.1
0 0.4296875 0.4515625 0.0171875 0.08125
0 0.484375 0.45546875 0.0203125 0.0953125
0 0.27109375 0.45703125 0.0125 0.06875
0 0.26015625 0.45703125 0.009375 0.0546875
0 0.27734375 0.46328125 0.0125 0.0703125
0 0.25234375 0.45390625 0.0125 0.059375
0 0.2375 0.453125 0.0109375 0.0609375
0 0.2234375 0.45859375 0.0109375 0.0515625
0 0.3875 0.4515625 0.0140625 0.0640625