0 0.59140625 0.3125 0.0328125 0.1421875
0 0.4609375 0.3234375 0.0375 0.178125
0 0.83828125 0.5125 0.1125 0.675
0 0.94609375 0.51953125 0.1078125 0.74375
0 0.28671875 0.334375 0.0515625 0.2109375
0 0.4921875 0.31015625 0.0234375 0.121875
0 0.525 0.27578125 0.0125 0.0453125
0 0.55390625 0.29921875 0.028125 0.1296875
0 0.55859375 0.30546875 0.021875 0.121875
0 0.6203125 0.29453125 0.0203125 0.109375
0 0.2 0.32109375 0.0375 0.1765625
0 0.17578125 0.33671875 0.028125 0.15625
0 0.4234375 0.30390625 0.021875 0.1
0 0.4140625 0.31015625 0.0265625 0.10625
0 0.33125 0.3140625 0.0234375 0.121875
0 0.06796875 0.29296875 0.01875 0.08125
0 0.090625 0.31640625 0.0265625 0.121875
0 0.39921875 0.28515625 0.0109375 0.059375
0 0.3859375 0.290625 0.0109375 0.0640625
0 0.353125 0.284375 0.0125 0.0546875
0 0.3640625 0.284375 0.0140625 0.0515625