0 0.6171875 0.365625 0.034375 0.1484375
0 0.45546875 0.3453125 0.0296875 0.140625
0 0.37578125 0.3890625 0.059375 0.2671875
0 0.95390625 0.60546875 0.0921875 0.7453125
0 0.20625 0.378125 0.065625 0.2578125
0 0.49296875 0.36015625 0.03125 0.1265625
0 0.52734375 0.3234375 0.0125 0.0546875
0 0.56875 0.346875 0.025 0.1515625
0 0.65078125 0.340625 0.0203125 0.1171875
0 0.021875 0.38828125 0.04375 0.2734375
0 0.321875 0.34375 0.0203125 0.1109375
0 0.3078125 0.35 0.0234375 0.125
0 0.4671875 0.340625 0.01875 0.0578125
0 0.34375 0.3265625 0.0109375 0.0609375