0 0.5640625 0.38984375 0.034375 0.1390625
0 0.5078125 0.3734375 0.0234375 0.13125
0 0.48203125 0.37421875 0.0265625 0.14375
0 0.775 0.603125 0.1046875 0.64375
0 0.91640625 0.609375 0.1375 0.68125
0 0.3578125 0.378125 0.0390625 0.175
0 0.51953125 0.371875 0.021875 0.1171875
0 0.01875 0.390625 0.0375 0.1796875
0 0.2625 0.36328125 0.0265625 0.1109375
0 0.6078125 0.36875 0.01875 0.10625
0 0.2890625 0.36171875 0.025 0.121875
0 0.2765625 0.36640625 0.021875 0.1109375
0 0.13203125 0.33203125 0.0140625 0.06875
0 0.14765625 0.35625 0.021875 0.10625
0 0.46640625 0.35625 0.01875 0.05
0 0.16171875 0.3390625 0.015625 0.0640625
0 0.409375 0.346875 0.0125 0.059375
0 0.39921875 0.34453125 0.009375 0.059375
0 0.378125 0.34375 0.0125 0.046875