0 0.525 0.40859375 0.0359375 0.15625
0 0.46640625 0.38828125 0.025 0.11875
0 0.4140625 0.384375 0.0203125 0.1109375
0 0.9765625 0.56953125 0.046875 0.5453125
0 0.05234375 0.43515625 0.0546875 0.2265625
0 0.3 0.40078125 0.0375 0.1375
0 0.00703125 0.45859375 0.0140625 0.1890625
0 0.16875 0.403125 0.0296875 0.121875
0 0.5703125 0.38671875 0.03125 0.15
0 0.27265625 0.3859375 0.015625 0.0984375
0 0.26171875 0.3859375 0.015625 0.0796875
0 0.425 0.36796875 0.0140625 0.0640625
0 0.0875 0.37421875 0.0109375 0.0625
0 0.115625 0.39609375 0.0171875 0.09375
0 0.3734375 0.375 0.015625 0.0453125
0 0.38671875 0.38125 0.015625 0.0453125
0 0.7953125 0.403125 0.028125 0.128125