0 0.61328125 0.35546875 0.0359375 0.1515625
0 0.52421875 0.34140625 0.03125 0.1375
0 0.50859375 0.34609375 0.034375 0.1609375
0 0.8171875 0.5921875 0.1234375 0.69375
0 0.94453125 0.58671875 0.1109375 0.7234375
0 0.36953125 0.35390625 0.053125 0.1984375
0 0.5359375 0.3390625 0.0234375 0.1203125
0 0.5609375 0.315625 0.0109375 0.04375
0 0.03046875 0.36953125 0.040625 0.18125
0 0.5875 0.3359375 0.028125 0.128125
0 0.30390625 0.33046875 0.025 0.10625
0 0.65234375 0.3328125 0.01875 0.10625
0 0.275 0.34140625 0.03125 0.159375
0 0.2578125 0.34921875 0.021875 0.134375
0 0.48046875 0.3328125 0.021875 0.1046875
0 0.1515625 0.33203125 0.021875 0.1140625
0 0.4390625 0.3140625 0.0125 0.05625
0 0.4234375 0.31171875 0.009375 0.0609375
0 0.39609375 0.31640625 0.0125 0.0546875
0 0.40390625 0.31640625 0.0125 0.0484375