0 0.61015625 0.3796875 0.03125 0.1453125
0 0.44609375 0.365625 0.0296875 0.14375
0 0.3078125 0.421875 0.0734375 0.346875
0 0.96484375 0.62890625 0.0703125 0.7421875
0 0.2046875 0.39609375 0.0796875 0.2765625
0 0.48359375 0.36796875 0.025 0.1296875
0 0.52578125 0.340625 0.0140625 0.0578125
0 0.56875 0.37109375 0.0265625 0.1578125
0 0.6671875 0.36484375 0.01875 0.115625
0 0.27109375 0.3640625 0.0203125 0.1203125
0 0.2484375 0.36171875 0.0234375 0.1203125
0 0.50703125 0.334375 0.0109375 0.0359375
0 0.46171875 0.35703125 0.01875 0.05625
0 0.3765625 0.346875 0.0125 0.0609375
0 0.353125 0.34140625 0.0125 0.0734375