0 0.48359375 0.4296875 0.0375 0.159375
0 0.42578125 0.409375 0.0265625 0.1203125
0 0.36171875 0.40390625 0.0203125 0.103125
0 0.9625 0.58125 0.075 0.521875
0 0.02421875 0.4515625 0.0484375 0.21875
0 0.240625 0.4171875 0.03125 0.13125
0 0.4109375 0.40625 0.021875 0.1078125
0 0.11015625 0.428125 0.03125 0.134375
0 0.5125 0.40546875 0.028125 0.1359375
0 0.459375 0.39921875 0.0171875 0.103125
0 0.225 0.4078125 0.0171875 0.0921875
0 0.21171875 0.40703125 0.0140625 0.0765625
0 0.37265625 0.39140625 0.0140625 0.0640625
0 0.05859375 0.41953125 0.01875 0.0953125
0 0.32421875 0.40078125 0.01875 0.0484375
0 0.33359375 0.4 0.015625 0.0453125
0 0.7265625 0.41640625 0.0265625 0.1265625