0 0.6125 0.36640625 0.03125 0.134375
0 0.44296875 0.36875 0.03125 0.1640625
0 0.125 0.51171875 0.1609375 0.5515625
0 0.4890625 0.36484375 0.0296875 0.1453125
0 0.70390625 0.3984375 0.04375 0.2984375
0 0.3640625 0.35859375 0.0203125 0.1
0 0.690625 0.39453125 0.04375 0.2640625
0 0.5359375 0.34140625 0.015625 0.0609375
0 0.559375 0.33671875 0.0109375 0.0453125
0 0.54609375 0.33515625 0.0109375 0.0515625
0 0.50859375 0.3734375 0.0234375 0.071875
0 0.33046875 0.34609375 0.015625 0.065625
0 0.38046875 0.3421875 0.0125 0.0609375
0 0.39296875 0.340625 0.0125 0.059375