0 0.590625 0.378125 0.0359375 0.1515625
0 0.52421875 0.3609375 0.028125 0.134375
0 0.50234375 0.359375 0.028125 0.15
0 0.78125 0.59296875 0.1265625 0.6703125
0 0.9359375 0.6046875 0.128125 0.7
0 0.37109375 0.36484375 0.0515625 0.1875
0 0.54609375 0.33125 0.0109375 0.0421875
0 0.03046875 0.3765625 0.046875 0.178125
0 0.57109375 0.35390625 0.0265625 0.125
0 0.87890625 0.4609375 0.090625 0.4453125
0 0.634375 0.35390625 0.01875 0.10625
0 0.29453125 0.3484375 0.025 0.134375
0 0.28046875 0.353125 0.021875 0.115625
0 0.1484375 0.32421875 0.0140625 0.0703125
0 0.1609375 0.346875 0.0203125 0.1078125
0 0.48671875 0.34453125 0.01875 0.05
0 0.1703125 0.32421875 0.0171875 0.071875
0 0.43046875 0.33203125 0.0125 0.05625
0 0.41953125 0.334375 0.009375 0.0609375
0 0.396875 0.33046875 0.0125 0.0484375