0 0.63671875 0.38203125 0.03125 0.134375
0 0.4359375 0.384375 0.0328125 0.16875
0 0.4734375 0.39296875 0.03125 0.15625
0 0.753125 0.37890625 0.0390625 0.1796875
0 0.584375 0.3578125 0.0171875 0.0640625
0 0.01171875 0.38828125 0.0234375 0.109375
0 0.0359375 0.38203125 0.0234375 0.1140625
0 0.62109375 0.35546875 0.015625 0.0609375
0 0.60234375 0.35390625 0.0125 0.0671875
0 0.52421875 0.39765625 0.03125 0.109375
0 0.55 0.403125 0.03125 0.1015625
0 0.353125 0.3578125 0.0140625 0.053125
0 0.3640625 0.35859375 0.0109375 0.046875
0 0.3765625 0.35078125 0.0125 0.046875
0 0.41171875 0.35859375 0.015625 0.0546875
0 0.38984375 0.35078125 0.0109375 0.0390625
0 0.396875 0.3515625 0.0125 0.0390625