0 0.45625 0.35703125 0.03125 0.15
0 0.215625 0.42421875 0.10625 0.3921875
0 0.5046875 0.3640625 0.0296875 0.140625
0 0.5765625 0.32578125 0.0171875 0.065625
0 0.64609375 0.3640625 0.028125 0.209375
0 0.3390625 0.34921875 0.021875 0.09375
0 0.63515625 0.36796875 0.028125 0.1921875
0 0.12109375 0.36640625 0.0375 0.1390625
0 0.06875 0.37578125 0.05 0.1546875
0 0.525 0.32734375 0.0140625 0.059375
0 0.27578125 0.375 0.0234375 0.1609375
0 0.54296875 0.3234375 0.009375 0.0390625
0 0.53125 0.31875 0.009375 0.04375
0 0.48125 0.34921875 0.025 0.0640625
0 0.3765625 0.33046875 0.015625 0.0671875
0 0.3546875 0.33671875 0.01875 0.0765625
0 0.38203125 0.33671875 0.0125 0.059375