0 0.61796875 0.3609375 0.034375 0.1484375
0 0.45703125 0.33984375 0.0296875 0.140625
0 0.38671875 0.38125 0.05625 0.2546875
0 0.94921875 0.6140625 0.1015625 0.75
0 0.21015625 0.37109375 0.06875 0.25625
0 0.49453125 0.3515625 0.0296875 0.1265625
0 0.52734375 0.321875 0.0125 0.0546875
0 0.56953125 0.34453125 0.0265625 0.1515625
0 0.296875 0.328125 0.021875 0.1015625
0 0.65 0.33828125 0.0203125 0.115625
0 0.03046875 0.38359375 0.0609375 0.26875
0 0.3296875 0.33828125 0.0203125 0.10625
0 0.3109375 0.346875 0.0234375 0.121875
0 0.3453125 0.32421875 0.0109375 0.0609375
0 0.35546875 0.31875 0.0140625 0.05625