0 0.64296875 0.346875 0.0328125 0.14375
0 0.4609375 0.33671875 0.03125 0.146875
0 0.071875 0.46171875 0.14375 0.571875
0 0.20859375 0.38125 0.0828125 0.3359375
0 0.5078125 0.3484375 0.0296875 0.1375
0 0.565625 0.31328125 0.015625 0.0609375
0 0.61796875 0.346875 0.0265625 0.1765625
0 0.3359375 0.32109375 0.021875 0.1015625
0 0.5203125 0.3109375 0.0140625 0.059375
0 0.3046875 0.3390625 0.021875 0.1359375
0 0.53671875 0.309375 0.009375 0.0390625
0 0.52734375 0.30859375 0.009375 0.040625
0 0.49296875 0.3359375 0.0203125 0.05625
0 0.3921875 0.31171875 0.015625 0.0671875
0 0.371875 0.31640625 0.015625 0.075
0 0.3671875 0.30703125 0.0125 0.0609375
0 0.38203125 0.3109375 0.0125 0.059375