0 0.6046875 0.37421875 0.03125 0.1359375
0 0.4328125 0.37421875 0.03125 0.1515625
0 0.2046875 0.459375 0.1078125 0.4609375
0 0.49140625 0.37578125 0.0296875 0.14375
0 0.575 0.34921875 0.01875 0.0765625
0 0.653125 0.39453125 0.0390625 0.25
0 0.3296875 0.36640625 0.0203125 0.096875
0 0.6390625 0.39453125 0.034375 0.2203125
0 0.5125 0.34453125 0.015625 0.0609375
0 0.53671875 0.3421875 0.0109375 0.0390625
0 0.52109375 0.3421875 0.0109375 0.0453125
0 0.46875 0.36953125 0.0234375 0.0703125
0 0.3359375 0.3484375 0.015625 0.0671875
0 0.31171875 0.34765625 0.01875 0.0765625
0 0.35703125 0.34765625 0.0125 0.0609375
0 0.36640625 0.34921875 0.0125 0.059375