0 0.7328125 0.4984375 0.04375 0.25
0 0.3171875 0.49609375 0.05 0.203125
0 0.60703125 0.44609375 0.025 0.109375
0 0.20703125 0.4859375 0.040625 0.16875
0 0.246875 0.490625 0.0328125 0.1640625
0 0.46171875 0.45078125 0.021875 0.10625
0 0.578125 0.45078125 0.0203125 0.1
0 0.27578125 0.4890625 0.03125 0.1640625
0 0.5484375 0.440625 0.0171875 0.078125
0 0.1515625 0.44140625 0.0140625 0.0640625
0 0.58671875 0.44296875 0.015625 0.090625
0 0.4015625 0.440625 0.0125 0.0609375
0 0.39453125 0.4421875 0.0109375 0.053125
0 0.41171875 0.446875 0.0109375 0.065625
0 0.3828125 0.440625 0.0109375 0.0546875
0 0.36796875 0.4390625 0.0125 0.0578125
0 0.3546875 0.44375 0.0109375 0.0515625
0 0.8078125 0.4609375 0.0203125 0.1