0 0.43984375 0.440625 0.034375 0.1546875
0 0.3796875 0.4109375 0.0234375 0.1171875
0 0.29453125 0.4109375 0.01875 0.0953125
0 0.9421875 0.60078125 0.115625 0.5
0 0.196875 0.41875 0.03125 0.128125
0 0.36015625 0.41796875 0.021875 0.1078125
0 0.03671875 0.4359375 0.03125 0.134375
0 0.39453125 0.4125 0.0171875 0.103125
0 0.16875 0.41015625 0.0171875 0.0875
0 0.153125 0.4171875 0.0140625 0.0703125
0 0.14609375 0.39921875 0.0125 0.0546875
0 0.31328125 0.39765625 0.0140625 0.0640625
0 0.2578125 0.403125 0.0203125 0.0453125
0 0.27578125 0.4109375 0.015625 0.0453125
0 0.65625 0.4265625 0.0234375 0.115625