0 0.7640625 0.5890625 0.0953125 0.5359375
0 0.48671875 0.4734375 0.0375 0.1625
0 0.4046875 0.4421875 0.025 0.1140625
0 0.025 0.49140625 0.040625 0.190625
0 0.28046875 0.4390625 0.01875 0.084375
0 0.04609375 0.47578125 0.040625 0.190625
0 0.26171875 0.4484375 0.0265625 0.11875
0 0.378125 0.44609375 0.021875 0.10625
0 0.37109375 0.43125 0.0171875 0.0859375
0 0.06796875 0.47109375 0.028125 0.13125
0 0.44140625 0.43671875 0.021875 0.109375
0 0.3265625 0.428125 0.0140625 0.0640625
0 0.646875 0.45234375 0.0203125 0.10625