0 0.60390625 0.35625 0.03125 0.134375
0 0.40078125 0.35859375 0.0328125 0.1640625
0 0.44609375 0.36953125 0.0296875 0.15
0 0.67265625 0.35546875 0.0359375 0.14375
0 0.92890625 0.49765625 0.1 0.671875
0 0.87265625 0.47109375 0.09375 0.54375
0 0.54375 0.334375 0.015625 0.0640625
0 0.028125 0.3421875 0.0203125 0.1015625
0 0.05234375 0.340625 0.0234375 0.103125
0 0.57890625 0.3375 0.0125 0.053125
0 0.5640625 0.3390625 0.0125 0.0578125
0 0.48828125 0.36796875 0.03125 0.0984375
0 0.5109375 0.3734375 0.0265625 0.090625
0 0.3203125 0.32578125 0.0140625 0.0515625
0 0.33125 0.328125 0.0125 0.0453125
0 0.3375 0.32265625 0.0125 0.04375
0 0.34765625 0.32109375 0.0125 0.0453125
0 0.38046875 0.3390625 0.015625 0.0546875
0 0.35625 0.32421875 0.0109375 0.0390625
0 0.36484375 0.32421875 0.0125 0.0390625