0 0.5296875 0.41640625 0.034375 0.1484375
0 0.47578125 0.39453125 0.025 0.128125
0 0.45 0.39609375 0.025 0.1328125
0 0.78046875 0.6421875 0.1140625 0.640625
0 0.925 0.6265625 0.146875 0.6609375
0 0.334375 0.4046875 0.040625 0.159375
0 0.5109375 0.39296875 0.025 0.1171875
0 0.2140625 0.390625 0.0265625 0.1171875
0 0.67578125 0.4421875 0.0484375 0.2640625
0 0.5640625 0.3921875 0.01875 0.10625
0 0.26953125 0.38671875 0.025 0.121875
0 0.2546875 0.39296875 0.01875 0.1015625
0 0.09921875 0.365625 0.0140625 0.065625
0 0.11953125 0.3859375 0.021875 0.10625
0 0.4265625 0.384375 0.0171875 0.0484375
0 0.3671875 0.37109375 0.0125 0.05625