0 0.9625 0.63203125 0.075 0.7359375
0 0.45859375 0.4546875 0.0375 0.1609375
0 0.38671875 0.43046875 0.025 0.1171875
0 0.28984375 0.421875 0.01875 0.090625
0 0.22109375 0.43125 0.0328125 0.125
0 0.3640625 0.421875 0.021875 0.1078125
0 0.44140625 0.42578125 0.021875 0.1140625
0 0.39609375 0.4234375 0.015625 0.103125
0 0.17734375 0.41796875 0.0171875 0.084375
0 0.165625 0.42578125 0.015625 0.0734375
0 0.19765625 0.43046875 0.0171875 0.0890625
0 0.153125 0.415625 0.009375 0.0546875
0 0.31953125 0.409375 0.0140625 0.0640625
0 0.2609375 0.41875 0.0203125 0.0453125
0 0.27421875 0.41875 0.015625 0.0453125
0 0.65078125 0.4390625 0.021875 0.1140625