0 0.47109375 0.38359375 0.0375 0.1578125
0 0.41484375 0.37109375 0.028125 0.128125
0 0.3796875 0.36171875 0.0234375 0.125
0 0.821875 0.5765625 0.10625 0.596875
0 0.93828125 0.55859375 0.121875 0.6109375
0 0.28359375 0.3671875 0.0390625 0.153125
0 0.4390625 0.35390625 0.0234375 0.1109375
0 0.12734375 0.37578125 0.0265625 0.121875
0 0.56328125 0.37265625 0.0359375 0.196875
0 0.21640625 0.36328125 0.021875 0.1109375
0 0.203125 0.36640625 0.0171875 0.0890625
0 0.49140625 0.346875 0.021875 0.0859375
0 0.25625 0.36328125 0.0171875 0.1015625
0 0.2421875 0.34375 0.0125 0.0578125
0 0.396875 0.34296875 0.0140625 0.0640625
0 0.02421875 0.35078125 0.0125 0.0671875
0 0.04921875 0.371875 0.021875 0.1
0 0.34765625 0.3515625 0.01875 0.05
0 0.36015625 0.35546875 0.015625 0.0453125