0 0.69296875 0.5546875 0.06875 0.4109375
0 0.51171875 0.475 0.034375 0.15625
0 0.41796875 0.446875 0.021875 0.1078125
0 0.06015625 0.50078125 0.0421875 0.1890625
0 0.08125 0.48203125 0.0390625 0.178125
0 0.39140625 0.45390625 0.021875 0.1046875
0 0.0234375 0.50546875 0.0359375 0.184375
0 0.3796875 0.44140625 0.01875 0.084375
0 0.44453125 0.4453125 0.021875 0.1046875
0 0.20078125 0.4515625 0.0109375 0.05625
0 0.1859375 0.4453125 0.0109375 0.0609375
0 0.16875 0.446875 0.009375 0.0546875
0 0.1796875 0.44609375 0.0109375 0.0515625
0 0.33671875 0.43359375 0.0140625 0.0640625
0 0.6484375 0.45703125 0.021875 0.1046875