0 0.51640625 0.4015625 0.0375 0.1578125
0 0.45703125 0.378125 0.028125 0.125
0 0.41640625 0.37734375 0.0234375 0.115625
0 0.9203125 0.56328125 0.1109375 0.56875
0 0.01953125 0.4375 0.0390625 0.2390625
0 0.32421875 0.3875 0.0390625 0.14375
0 0.471875 0.36640625 0.0171875 0.096875
0 0.16796875 0.3984375 0.0265625 0.121875
0 0.5828125 0.38359375 0.034375 0.1703125
0 0.4796875 0.36875 0.0171875 0.090625
0 0.265625 0.37890625 0.0203125 0.1046875
0 0.24921875 0.38203125 0.0140625 0.0859375
0 0.29765625 0.3859375 0.0171875 0.1015625
0 0.27734375 0.36875 0.015625 0.0546875
0 0.42734375 0.359375 0.0140625 0.0640625
0 0.0796875 0.37109375 0.0109375 0.0625
0 0.1015625 0.38828125 0.0203125 0.0984375
0 0.3765625 0.36875 0.0171875 0.0484375
0 0.38984375 0.3703125 0.015625 0.0453125
0 0.81875 0.39140625 0.0296875 0.1390625