0 0.6515625 0.36796875 0.028125 0.128125
0 0.4515625 0.378125 0.0328125 0.1640625
0 0.4921875 0.384375 0.03125 0.146875
0 0.84453125 0.39140625 0.053125 0.228125
0 0.60546875 0.34609375 0.0171875 0.0640625
0 0.0078125 0.36796875 0.015625 0.1265625
0 0.6296875 0.34609375 0.0140625 0.0703125
0 0.5484375 0.39296875 0.034375 0.109375
0 0.57421875 0.4015625 0.0359375 0.1109375
0 0.36875 0.34609375 0.0140625 0.0515625
0 0.3796875 0.34453125 0.0140625 0.05
0 0.38828125 0.3390625 0.0140625 0.05
0 0.4296875 0.35078125 0.0171875 0.0578125
0 0.40234375 0.340625 0.0109375 0.0390625
0 0.41171875 0.340625 0.0125 0.0390625