0 0.6078125 0.36953125 0.03125 0.1328125
0 0.43359375 0.3703125 0.03125 0.15
0 0.21953125 0.4390625 0.1109375 0.421875
0 0.48984375 0.375 0.0296875 0.140625
0 0.56640625 0.3484375 0.01875 0.0671875
0 0.640625 0.38828125 0.0328125 0.225
0 0.32421875 0.35625 0.021875 0.09375
0 0.628125 0.38828125 0.03125 0.2
0 0.0484375 0.38671875 0.0375 0.140625
0 0.51015625 0.346875 0.0140625 0.059375
0 0.53125 0.3390625 0.0109375 0.0390625
0 0.46484375 0.365625 0.0234375 0.06875
0 0.3484375 0.34921875 0.015625 0.0671875
0 0.36484375 0.3484375 0.0125 0.059375