0 0.59765625 0.3265625 0.0296875 0.1265625
0 0.4125 0.32734375 0.0328125 0.1609375
0 0.4515625 0.33125 0.0234375 0.1453125
0 0.61796875 0.30859375 0.03125 0.1078125
0 0.76328125 0.38125 0.059375 0.40625
0 0.36953125 0.31796875 0.021875 0.103125
0 0.734375 0.37578125 0.0515625 0.3453125
0 0.52734375 0.3015625 0.0171875 0.0640625
0 0.071875 0.40625 0.0546875 0.3203125
0 0.1140625 0.31171875 0.0171875 0.078125
0 0.55625 0.30078125 0.0125 0.0546875
0 0.54453125 0.2984375 0.0109375 0.0515625
0 0.478125 0.334375 0.025 0.0796875
0 0.4953125 0.33359375 0.025 0.0828125
0 0.315625 0.2984375 0.0125 0.0453125
0 0.3234375 0.3 0.0109375 0.046875
0 0.33515625 0.29453125 0.0109375 0.0390625
0 0.340625 0.29453125 0.0109375 0.04375
0 0.3859375 0.309375 0.0109375 0.0578125
0 0.35078125 0.2953125 0.0109375 0.0359375