0 0.72734375 0.47890625 0.0421875 0.228125
0 0.765625 0.47421875 0.0390625 0.1640625
0 0.3515625 0.4828125 0.0453125 0.1953125
0 0.63046875 0.43828125 0.025 0.1140625
0 0.24453125 0.47890625 0.0390625 0.16875
0 0.3671875 0.4765625 0.034375 0.171875
0 0.2828125 0.48515625 0.03125 0.159375
0 0.4921875 0.44296875 0.021875 0.1046875
0 0.6 0.44375 0.0203125 0.0984375
0 0.30390625 0.48125 0.03125 0.1671875
0 0.57421875 0.42890625 0.0171875 0.0765625
0 0.18828125 0.43359375 0.0140625 0.0640625
0 0.32890625 0.46171875 0.028125 0.1265625
0 0.60859375 0.43828125 0.015625 0.09375
0 0.4265625 0.4296875 0.0109375 0.0640625
0 0.41640625 0.4328125 0.0109375 0.053125
0 0.434375 0.43828125 0.0109375 0.065625
0 0.40703125 0.434375 0.0109375 0.0546875
0 0.38984375 0.43125 0.0125 0.0578125
0 0.82578125 0.4484375 0.021875 0.1