0 0.61796875 0.37890625 0.03125 0.1296875
0 0.41328125 0.384375 0.0328125 0.1640625
0 0.4546875 0.3921875 0.03125 0.15
0 0.709375 0.38203125 0.0390625 0.1609375
0 0.96328125 0.5125 0.0734375 0.6734375
0 0.55703125 0.35625 0.0171875 0.0640625
0 0.01328125 0.378125 0.0265625 0.1015625
0 0.0359375 0.3734375 0.0265625 0.10625
0 0.596875 0.35703125 0.0140625 0.0546875
0 0.57734375 0.35546875 0.0125 0.0578125
0 0.503125 0.39453125 0.03125 0.1015625
0 0.52890625 0.403125 0.0328125 0.096875
0 0.3296875 0.3515625 0.0140625 0.0515625
0 0.34375 0.35625 0.0125 0.0453125
0 0.35703125 0.3484375 0.0125 0.0453125
0 0.3921875 0.3578125 0.015625 0.053125
0 0.36875 0.3484375 0.009375 0.0390625
0 0.37734375 0.34921875 0.0125 0.0390625