0 0.7296875 0.50625 0.0421875 0.2453125
0 0.30625 0.49921875 0.0515625 0.2046875
0 0.5984375 0.4515625 0.0265625 0.1046875
0 0.196875 0.48984375 0.0390625 0.165625
0 0.2375 0.49375 0.03125 0.1609375
0 0.45078125 0.45390625 0.021875 0.10625
0 0.57265625 0.45546875 0.0203125 0.1
0 0.26796875 0.49453125 0.028125 0.159375
0 0.54296875 0.44375 0.01875 0.0796875
0 0.1421875 0.44609375 0.015625 0.0640625
0 0.39609375 0.44375 0.0125 0.0609375
0 0.3875 0.446875 0.0109375 0.053125
0 0.40234375 0.45078125 0.0109375 0.065625
0 0.3765625 0.44375 0.009375 0.0546875
0 0.3609375 0.44140625 0.0125 0.0578125
0 0.34765625 0.44453125 0.0109375 0.0515625
0 0.803125 0.46328125 0.021875 0.0984375