0 0.5203125 0.41640625 0.0359375 0.1546875
0 0.4703125 0.39296875 0.028125 0.1296875
0 0.44453125 0.39453125 0.0265625 0.1359375
0 0.784375 0.63359375 0.1171875 0.6359375
0 0.92578125 0.61953125 0.1375 0.6515625
0 0.3296875 0.40390625 0.046875 0.1640625
0 0.5046875 0.39296875 0.025 0.1171875
0 0.20625 0.3921875 0.0265625 0.1171875
0 0.6640625 0.43828125 0.046875 0.25625
0 0.55625 0.390625 0.01875 0.10625
0 0.265625 0.38671875 0.025 0.121875
0 0.25078125 0.39296875 0.0171875 0.1015625
0 0.4953125 0.390625 0.021875 0.096875
0 0.09375 0.36796875 0.0140625 0.065625
0 0.11171875 0.38671875 0.021875 0.10625
0 0.4203125 0.38359375 0.0171875 0.05
0 0.12265625 0.36875 0.015625 0.0640625
0 0.36171875 0.3703125 0.0125 0.0546875