0 0.634375 0.35625 0.0328125 0.1421875
0 0.46328125 0.35 0.03125 0.1453125
0 0.22265625 0.4390625 0.1015625 0.45
0 0.97265625 0.65 0.0546875 0.7
0 0.5015625 0.35 0.0296875 0.134375
0 0.5546875 0.32890625 0.015625 0.059375
0 0.60234375 0.3609375 0.028125 0.165625
0 0.32421875 0.33671875 0.021875 0.1015625
0 0.721875 0.35390625 0.0203125 0.1140625
0 0.30859375 0.3578125 0.021875 0.1359375
0 0.52421875 0.32578125 0.009375 0.0390625
0 0.48671875 0.3515625 0.01875 0.0578125
0 0.39609375 0.3296875 0.015625 0.0671875
0 0.371875 0.325 0.015625 0.075
0 0.36015625 0.32578125 0.0125 0.0609375