0 0.67421875 0.525 0.05 0.296875
0 0.62109375 0.49375 0.0390625 0.1640625
0 0.190625 0.5265625 0.059375 0.2484375
0 0.50859375 0.46640625 0.0234375 0.1140625
0 0.0875 0.509375 0.0453125 0.184375
0 0.13203125 0.50703125 0.034375 0.165625
0 0.48203125 0.46796875 0.021875 0.1
0 0.16640625 0.50390625 0.034375 0.1765625
0 0.459375 0.45625 0.0140625 0.0796875
0 0.01796875 0.45703125 0.01875 0.075
0 0.30546875 0.45390625 0.0125 0.0625
0 0.296875 0.459375 0.0109375 0.05625
0 0.31328125 0.46171875 0.0125 0.0703125
0 0.28515625 0.453125 0.0125 0.059375
0 0.2703125 0.45234375 0.0109375 0.059375
0 0.2578125 0.453125 0.0140625 0.05625
0 0.7203125 0.47578125 0.0203125 0.1