0 0.54765625 0.415625 0.03125 0.1390625
0 0.48984375 0.39453125 0.0234375 0.13125
0 0.46484375 0.38515625 0.0296875 0.14375
0 0.7609375 0.6390625 0.1125 0.6546875
0 0.91953125 0.634375 0.134375 0.6765625
0 0.3421875 0.39296875 0.04375 0.1671875
0 0.5015625 0.39453125 0.021875 0.1125
0 0.53515625 0.390625 0.021875 0.115625
0 0.2390625 0.38203125 0.0265625 0.1109375
0 0.58828125 0.39296875 0.01875 0.10625
0 0.28046875 0.37890625 0.0234375 0.1203125
0 0.26796875 0.38515625 0.021875 0.1109375
0 0.52109375 0.38125 0.0203125 0.0921875
0 0.115625 0.346875 0.0140625 0.06875
0 0.13203125 0.375 0.021875 0.10625
0 0.44609375 0.38359375 0.01875 0.05
0 0.14765625 0.35625 0.0140625 0.0640625
0 0.3875 0.3640625 0.0125 0.059375
0 0.3765625 0.35703125 0.009375 0.0546875