0 0.68125 0.55 0.0671875 0.3828125
0 0.52265625 0.478125 0.0359375 0.1609375
0 0.02421875 0.55234375 0.0484375 0.353125
0 0.428125 0.44921875 0.0234375 0.1109375
0 0.07578125 0.49921875 0.0421875 0.1859375
0 0.096875 0.484375 0.0390625 0.171875
0 0.4015625 0.45 0.021875 0.1046875
0 0.0421875 0.50234375 0.034375 0.1859375
0 0.38671875 0.440625 0.01875 0.0859375
0 0.45078125 0.4484375 0.021875 0.1015625
0 0.22109375 0.44375 0.0125 0.06875
0 0.2109375 0.44921875 0.0109375 0.0609375
0 0.19453125 0.44375 0.0109375 0.0609375
0 0.175 0.446875 0.009375 0.0546875
0 0.1875 0.446875 0.0109375 0.0515625
0 0.34375 0.4359375 0.0140625 0.0640625