0 0.62109375 0.36640625 0.0296875 0.1296875
0 0.4484375 0.3625 0.03125 0.15625
0 0.1046875 0.52578125 0.178125 0.56875
0 0.4953125 0.3625 0.0234375 0.14375
0 0.7171875 0.39609375 0.0484375 0.3015625
0 0.37109375 0.35390625 0.0203125 0.1
0 0.54375 0.33203125 0.015625 0.0609375
0 0.56875 0.33359375 0.009375 0.046875
0 0.55390625 0.32890625 0.0125 0.0515625
0 0.51328125 0.365625 0.0234375 0.071875
0 0.334375 0.34296875 0.015625 0.065625
0 0.38828125 0.3328125 0.0125 0.0609375
0 0.39765625 0.3359375 0.0125 0.059375