0 0.54296875 0.3984375 0.0359375 0.1546875
0 0.47734375 0.37890625 0.025 0.121875
0 0.43828125 0.375 0.021875 0.11875
0 0.9515625 0.57421875 0.096875 0.571875
0 0.05546875 0.4296875 0.059375 0.234375
0 0.34140625 0.38671875 0.03125 0.1390625
0 0.01328125 0.4421875 0.0265625 0.184375
0 0.4921875 0.3703125 0.0171875 0.096875
0 0.190625 0.39375 0.0265625 0.121875
0 0.596875 0.384375 0.03125 0.1640625
0 0.2921875 0.378125 0.0203125 0.096875
0 0.2765625 0.38046875 0.0140625 0.0796875
0 0.31640625 0.38203125 0.0171875 0.0984375
0 0.44921875 0.35859375 0.0140625 0.0640625
0 0.1109375 0.36796875 0.0109375 0.0625
0 0.1375 0.3859375 0.0171875 0.0953125
0 0.39609375 0.36875 0.0171875 0.046875
0 0.41015625 0.36953125 0.015625 0.0453125
0 0.834375 0.390625 0.0328125 0.14375
0 0.30078125 0.36875 0.0125 0.0484375