0 0.62109375 0.3390625 0.034375 0.140625
0 0.46171875 0.32578125 0.028125 0.140625
0 0.40234375 0.35625 0.0515625 0.2296875
0 0.94140625 0.57109375 0.1171875 0.7359375
0 0.20546875 0.35390625 0.05625 0.24375
0 0.4984375 0.3296875 0.0265625 0.125
0 0.5296875 0.303125 0.0125 0.0546875
0 0.5703125 0.32890625 0.028125 0.1484375
0 0.29453125 0.31875 0.021875 0.1015625
0 0.64765625 0.31796875 0.01875 0.109375
0 0.06171875 0.35625 0.0625 0.2546875
0 0.03359375 0.37265625 0.0546875 0.21875
0 0.346875 0.32421875 0.0203125 0.1046875
0 0.3140625 0.33828125 0.0234375 0.121875
0 0.00703125 0.30703125 0.0140625 0.09375
0 0.3765625 0.30078125 0.0140625 0.0671875
0 0.35859375 0.31171875 0.0140625 0.05625