0 0.7578125 0.58671875 0.0984375 0.5296875
0 0.4890625 0.4734375 0.0375 0.1625
0 0.40546875 0.4421875 0.025 0.1140625
0 0.02890625 0.49296875 0.040625 0.1890625
0 0.28046875 0.4390625 0.01875 0.0828125
0 0.04921875 0.47578125 0.040625 0.1890625
0 0.26328125 0.4484375 0.025 0.11875
0 0.3796875 0.44609375 0.021875 0.10625
0 0.371875 0.43125 0.015625 0.0859375
0 0.06875 0.471875 0.0265625 0.13125
0 0.4421875 0.4359375 0.021875 0.109375
0 0.32734375 0.428125 0.0140625 0.0640625
0 0.64765625 0.45234375 0.0203125 0.10625