0 0.60390625 0.3765625 0.0328125 0.1390625
0 0.43203125 0.37890625 0.03125 0.1546875
0 0.17578125 0.47890625 0.134375 0.496875
0 0.48984375 0.37890625 0.0296875 0.14375
0 0.584375 0.3515625 0.01875 0.0796875
0 0.66875 0.3984375 0.0390625 0.2640625
0 0.3375 0.36796875 0.0203125 0.096875
0 0.65625 0.39921875 0.0390625 0.23125
0 0.52109375 0.3515625 0.015625 0.0609375
0 0.5453125 0.34609375 0.0109375 0.0390625
0 0.5296875 0.34140625 0.0109375 0.04375
0 0.4734375 0.375 0.0234375 0.0703125
0 0.36484375 0.353125 0.0125 0.0609375
0 0.37421875 0.35390625 0.0125 0.059375