0 0.6359375 0.35546875 0.03125 0.140625
0 0.46171875 0.34609375 0.0296875 0.14375
0 0.26171875 0.42890625 0.0984375 0.415625
0 0.50234375 0.3484375 0.028125 0.13125
0 0.55390625 0.3265625 0.015625 0.059375
0 0.5984375 0.353125 0.028125 0.1625
0 0.321875 0.33671875 0.021875 0.1015625
0 0.71015625 0.34453125 0.021875 0.1140625
0 0.00625 0.359375 0.0125 0.1546875
0 0.51953125 0.328125 0.009375 0.0375
0 0.48359375 0.346875 0.01875 0.0578125
0 0.39453125 0.32578125 0.015625 0.0640625
0 0.371875 0.32109375 0.015625 0.0734375
0 0.35859375 0.32578125 0.0125 0.0609375