0 0.5390625 0.41328125 0.0359375 0.1515625
0 0.48125 0.39453125 0.0265625 0.1296875
0 0.453125 0.39375 0.028125 0.1390625
0 0.7796875 0.640625 0.1171875 0.64375
0 0.9203125 0.63125 0.1375 0.6640625
0 0.3328125 0.39921875 0.046875 0.1703125
0 0.490625 0.390625 0.0234375 0.1171875
0 0.52109375 0.39140625 0.0203125 0.1125
0 0.22578125 0.3875 0.0265625 0.1140625
0 0.6953125 0.4484375 0.05 0.28125
0 0.57421875 0.39296875 0.01875 0.10625
0 0.27578125 0.38515625 0.0234375 0.1203125
0 0.2609375 0.39140625 0.0203125 0.103125
0 0.50078125 0.38828125 0.021875 0.0953125
0 0.1046875 0.35703125 0.0140625 0.065625
0 0.12421875 0.38203125 0.021875 0.10625
0 0.43359375 0.38359375 0.01875 0.05
0 0.13671875 0.3625 0.015625 0.0640625
0 0.37265625 0.3703125 0.0125 0.059375
0 0.3625 0.36640625 0.0109375 0.0546875