0 0.46640625 0.38828125 0.0375 0.15625
0 0.41328125 0.37109375 0.028125 0.128125
0 0.3796875 0.37421875 0.0265625 0.13125
0 0.78828125 0.58671875 0.109375 0.60625
0 0.90546875 0.58125 0.13125 0.6140625
0 0.2875 0.37578125 0.0421875 0.1546875
0 0.42421875 0.37109375 0.021875 0.1140625
0 0.43984375 0.359375 0.0203125 0.1109375
0 0.128125 0.36875 0.028125 0.121875
0 0.57421875 0.3890625 0.0390625 0.209375
0 0.48828125 0.35859375 0.01875 0.10625
0 0.21328125 0.36171875 0.021875 0.1140625
0 0.20078125 0.3671875 0.0171875 0.0890625
0 0.24609375 0.3453125 0.015625 0.05625
0 0.39921875 0.3453125 0.0140625 0.0625
0 0.02109375 0.34296875 0.0125 0.065625
0 0.04609375 0.3671875 0.0203125 0.1
0 0.35078125 0.359375 0.01875 0.05
0 0.3625 0.35625 0.015625 0.0453125
0 0.05546875 0.34609375 0.0140625 0.0640625