0 0.61484375 0.36484375 0.0359375 0.1515625
0 0.5359375 0.34140625 0.03125 0.134375
0 0.51953125 0.34375 0.0265625 0.15
0 0.81640625 0.57890625 0.1203125 0.671875
0 0.94921875 0.57578125 0.1015625 0.7171875
0 0.3796875 0.3546875 0.053125 0.19375
0 0.5484375 0.3453125 0.0234375 0.1203125
0 0.56796875 0.31328125 0.0109375 0.04375
0 0.04375 0.36171875 0.0390625 0.1796875
0 0.59140625 0.3375 0.0265625 0.1234375
0 0.65703125 0.33671875 0.0203125 0.109375
0 0.2984375 0.33671875 0.0296875 0.1515625
0 0.28125 0.35078125 0.021875 0.128125
0 0.50546875 0.3359375 0.021875 0.103125
0 0.1625 0.30703125 0.015625 0.0703125
0 0.17265625 0.328125 0.0203125 0.109375
0 0.446875 0.32109375 0.0125 0.05625
0 0.43671875 0.31796875 0.009375 0.0609375
0 0.00859375 0.35859375 0.0171875 0.1890625
0 0.40625 0.321875 0.0125 0.0484375