0 0.5984375 0.3484375 0.0296875 0.1375
0 0.50234375 0.334375 0.021875 0.1359375
0 0.48828125 0.346875 0.034375 0.1640625
0 0.8 0.55625 0.125 0.6484375
0 0.94296875 0.54765625 0.1140625 0.74375
0 0.34296875 0.35234375 0.0390625 0.2
0 0.51640625 0.33828125 0.0234375 0.121875
0 0.54140625 0.3109375 0.0109375 0.04375
0 0.56953125 0.33046875 0.0234375 0.1265625
0 0.28984375 0.3296875 0.025 0.10625
0 0.62890625 0.32890625 0.01875 0.10625
0 0.2484375 0.3390625 0.03125 0.1609375
0 0.23125 0.3484375 0.021875 0.1390625
0 0.4578125 0.33203125 0.021875 0.1046875
0 0.11015625 0.31328125 0.015625 0.0765625
0 0.13359375 0.33515625 0.021875 0.115625
0 0.421875 0.3109375 0.0125 0.05625
0 0.409375 0.3109375 0.009375 0.0609375
0 0.375 0.315625 0.0125 0.0546875
0 0.3953125 0.309375 0.0125 0.05