0 0.63671875 0.38203125 0.03125 0.134375
0 0.43515625 0.3859375 0.0328125 0.16875
0 0.47421875 0.3921875 0.0375 0.1546875
0 0.74921875 0.38046875 0.0421875 0.1765625
0 0.58359375 0.35703125 0.0171875 0.0640625
0 0.01171875 0.38671875 0.0234375 0.109375
0 0.03671875 0.38046875 0.021875 0.1140625
0 0.61953125 0.35390625 0.015625 0.0609375
0 0.60078125 0.353125 0.0125 0.0671875
0 0.5234375 0.396875 0.0328125 0.1078125
0 0.5484375 0.40234375 0.0328125 0.1015625
0 0.3515625 0.35625 0.0140625 0.0515625
0 0.3625 0.35703125 0.0109375 0.046875
0 0.37578125 0.35 0.0125 0.046875
0 0.41015625 0.35703125 0.015625 0.0546875
0 0.38828125 0.3484375 0.009375 0.0390625
0 0.39609375 0.35078125 0.0125 0.0390625