0 0.60859375 0.33203125 0.03125 0.1359375
0 0.40859375 0.340625 0.0328125 0.1625
0 0.45546875 0.34453125 0.0296875 0.1484375
0 0.65703125 0.3265625 0.03125 0.125
0 0.8484375 0.421875 0.0765625 0.5265625
0 0.390625 0.32890625 0.0234375 0.103125
0 0.8046875 0.40703125 0.0671875 0.434375
0 0.5484375 0.31328125 0.015625 0.0640625
0 0.0421875 0.3296875 0.0375 0.125
0 0.07109375 0.325 0.0203125 0.09375
0 0.096875 0.325 0.021875 0.09375
0 0.57734375 0.3109375 0.0125 0.053125
0 0.56171875 0.3046875 0.0125 0.0578125
0 0.490625 0.34609375 0.028125 0.09375
0 0.51484375 0.35546875 0.0265625 0.090625
0 0.32734375 0.31015625 0.0125 0.0484375
0 0.3375 0.31171875 0.0125 0.046875
0 0.3484375 0.30546875 0.0109375 0.0421875
0 0.35390625 0.303125 0.0125 0.0453125
0 0.36484375 0.30625 0.009375 0.0390625
0 0.37265625 0.30546875 0.0109375 0.0390625