0 0.60859375 0.36796875 0.028125 0.1296875
0 0.43671875 0.36875 0.0296875 0.146875
0 0.2296875 0.44296875 0.1140625 0.4265625
0 0.4921875 0.371875 0.028125 0.1390625
0 0.56953125 0.33984375 0.01875 0.0703125
0 0.64296875 0.3890625 0.0515625 0.2390625
0 0.328125 0.35625 0.021875 0.09375
0 0.0375 0.38359375 0.0390625 0.14375
0 0.5125 0.34375 0.0140625 0.0609375
0 0.53359375 0.3390625 0.0109375 0.0390625
0 0.52109375 0.3359375 0.0109375 0.04375
0 0.46875 0.36640625 0.0234375 0.0703125
0 0.3484375 0.35078125 0.015625 0.0671875
0 0.359375 0.346875 0.0125 0.0578125
0 0.36953125 0.34921875 0.0125 0.059375