0 0.61328125 0.36796875 0.0359375 0.1515625
0 0.5328125 0.34609375 0.03125 0.1359375
0 0.5171875 0.3484375 0.0296875 0.1515625
0 0.80703125 0.59609375 0.128125 0.684375
0 0.95078125 0.59140625 0.0984375 0.709375
0 0.37734375 0.35625 0.053125 0.190625
0 0.5453125 0.3484375 0.0234375 0.1203125
0 0.565625 0.31796875 0.0109375 0.04375
0 0.04375 0.3703125 0.0390625 0.1796875
0 0.58984375 0.3421875 0.025 0.1234375
0 0.653125 0.34140625 0.0203125 0.109375
0 0.30078125 0.340625 0.028125 0.146875
0 0.28359375 0.3515625 0.021875 0.125
0 0.16953125 0.334375 0.0203125 0.109375
0 0.49921875 0.33671875 0.01875 0.05
0 0.1796875 0.31796875 0.0171875 0.0703125
0 0.44609375 0.321875 0.0125 0.05625
0 0.4328125 0.3234375 0.009375 0.0609375
0 0.0078125 0.36171875 0.015625 0.1890625
0 0.40703125 0.325 0.0125 0.0484375