0 0.60703125 0.38046875 0.0328125 0.1484375
0 0.4453125 0.36640625 0.0296875 0.14375
0 0.30859375 0.421875 0.0703125 0.340625
0 0.9640625 0.6265625 0.071875 0.746875
0 0.20703125 0.39453125 0.078125 0.2859375
0 0.48046875 0.365625 0.0296875 0.1296875
0 0.5234375 0.34140625 0.0140625 0.05625
0 0.56640625 0.371875 0.0265625 0.1578125
0 0.66484375 0.36484375 0.0203125 0.115625
0 0.271875 0.3640625 0.0203125 0.1203125
0 0.25078125 0.36171875 0.0234375 0.1203125
0 0.50625 0.33515625 0.0109375 0.0359375
0 0.37578125 0.3453125 0.0125 0.059375
0 0.35390625 0.340625 0.0125 0.0734375