0 0.58359375 0.38046875 0.0359375 0.1515625
0 0.521875 0.365625 0.028125 0.134375
0 0.49921875 0.3625 0.03125 0.1515625
0 0.7796875 0.5953125 0.125 0.6640625
0 0.92890625 0.59921875 0.1328125 0.684375
0 0.36796875 0.36640625 0.0515625 0.1859375
0 0.5421875 0.33359375 0.0109375 0.040625
0 0.02734375 0.3765625 0.04375 0.1796875
0 0.56953125 0.359375 0.0203125 0.1203125
0 0.62890625 0.35859375 0.01875 0.10625
0 0.2921875 0.35 0.0234375 0.128125
0 0.278125 0.353125 0.021875 0.1109375
0 0.14453125 0.31953125 0.015625 0.0703125
0 0.15859375 0.346875 0.021875 0.10625
0 0.48203125 0.346875 0.01875 0.05
0 0.42421875 0.3359375 0.0125 0.05625
0 0.41484375 0.3359375 0.009375 0.059375