0 0.603125 0.37578125 0.03125 0.1375
0 0.43046875 0.37578125 0.03125 0.1515625
0 0.20078125 0.4609375 0.121875 0.46875
0 0.49140625 0.3765625 0.0296875 0.140625
0 0.57421875 0.3515625 0.01875 0.078125
0 0.653125 0.39375 0.0375 0.253125
0 0.3296875 0.36875 0.0203125 0.0953125
0 0.51328125 0.34609375 0.015625 0.0609375
0 0.53671875 0.34296875 0.0109375 0.0390625
0 0.5203125 0.34140625 0.0125 0.046875
0 0.46875 0.37109375 0.0234375 0.0703125
0 0.309375 0.346875 0.01875 0.0765625
0 0.35625 0.34921875 0.0125 0.0609375
0 0.36640625 0.3515625 0.0125 0.059375