0 0.61875 0.3703125 0.0328125 0.1390625
0 0.4515625 0.35546875 0.0296875 0.140625
0 0.353125 0.3984375 0.0625 0.284375
0 0.95390625 0.61171875 0.0921875 0.73125
0 0.20078125 0.38984375 0.0703125 0.2703125
0 0.48828125 0.3625 0.03125 0.1265625
0 0.5234375 0.33203125 0.0140625 0.05625
0 0.5671875 0.35703125 0.0265625 0.1546875
0 0.65390625 0.35 0.0203125 0.109375
0 0.28828125 0.3484375 0.0234375 0.1140625
0 0.30234375 0.3578125 0.0234375 0.1296875
0 0.01328125 0.36171875 0.0265625 0.14375
0 0.46484375 0.35390625 0.01875 0.05625
0 0.38359375 0.334375 0.0109375 0.059375