0 0.61328125 0.378125 0.0328125 0.1453125
0 0.44921875 0.3609375 0.0296875 0.140625
0 0.3484375 0.40546875 0.065625 0.296875
0 0.9515625 0.621875 0.096875 0.7234375
0 0.20078125 0.390625 0.0703125 0.2703125
0 0.48515625 0.36484375 0.028125 0.128125
0 0.52109375 0.34140625 0.0125 0.0546875
0 0.565625 0.365625 0.03125 0.15625
0 0.65546875 0.35859375 0.0234375 0.109375
0 0.278125 0.35546875 0.0234375 0.11875
0 0.2984375 0.3609375 0.0234375 0.1296875
0 0.009375 0.36484375 0.01875 0.1453125
0 0.4984375 0.33671875 0.0109375 0.034375
0 0.4640625 0.3609375 0.01875 0.05625
0 0.384375 0.33984375 0.0109375 0.059375