0 0.484375 0.40546875 0.034375 0.15
0 0.4265625 0.38125 0.028125 0.1296875
0 0.39765625 0.38828125 0.025 0.1328125
0 0.77421875 0.60078125 0.103125 0.6125
0 0.8984375 0.60234375 0.103125 0.625
0 0.2953125 0.38359375 0.04375 0.1578125
0 0.4578125 0.38125 0.01875 0.109375
0 0.1515625 0.38828125 0.025 0.121875
0 0.60078125 0.409375 0.0390625 0.2234375
0 0.5078125 0.378125 0.01875 0.10625
0 0.2234375 0.3796875 0.021875 0.1140625
0 0.209375 0.37890625 0.0171875 0.0890625
0 0.04140625 0.35703125 0.0125 0.065625
0 0.06484375 0.37578125 0.0203125 0.1015625
0 0.36953125 0.37109375 0.01875 0.05
0 0.38671875 0.3734375 0.015625 0.0453125
0 0.840625 0.4265625 0.0375 0.1640625