0 0.6015625 0.378125 0.03125 0.1359375
0 0.42890625 0.378125 0.03125 0.1515625
0 0.19609375 0.46640625 0.125 0.4625
0 0.48984375 0.37734375 0.028125 0.140625
0 0.575 0.353125 0.01875 0.0765625
0 0.65703125 0.3953125 0.046875 0.25625
0 0.3296875 0.36953125 0.0203125 0.096875
0 0.5140625 0.346875 0.015625 0.0609375
0 0.5375 0.34453125 0.0109375 0.0390625
0 0.46796875 0.37421875 0.0234375 0.0703125
0 0.30546875 0.346875 0.01875 0.0765625
0 0.35625 0.3515625 0.0125 0.0609375
0 0.36640625 0.353125 0.0125 0.059375