0 0.6140625 0.37734375 0.03125 0.1328125
0 0.44375 0.3703125 0.0296875 0.1578125
0 0.146875 0.51015625 0.153125 0.515625
0 0.49453125 0.375 0.021875 0.14375
0 0.69921875 0.403125 0.053125 0.2921875
0 0.35546875 0.36328125 0.0203125 0.1
0 0.6796875 0.3984375 0.0421875 0.253125
0 0.53203125 0.346875 0.015625 0.0609375
0 0.55703125 0.34296875 0.0109375 0.04375
0 0.54375 0.3390625 0.0109375 0.05
0 0.4875 0.37578125 0.0234375 0.0703125
0 0.50390625 0.378125 0.0234375 0.0703125
0 0.3328125 0.3515625 0.015625 0.0671875
0 0.378125 0.3484375 0.0125 0.0609375
0 0.38828125 0.34609375 0.0125 0.059375