0 0.61953125 0.35859375 0.0359375 0.1515625
0 0.53046875 0.34140625 0.03125 0.1375
0 0.51484375 0.34609375 0.034375 0.1609375
0 0.81484375 0.578125 0.125 0.690625
0 0.9421875 0.5875 0.115625 0.725
0 0.37890625 0.35078125 0.04375 0.19375
0 0.5453125 0.340625 0.0234375 0.1203125
0 0.56875 0.31875 0.0109375 0.04375
0 0.03671875 0.37109375 0.0390625 0.1796875
0 0.59609375 0.33984375 0.0203125 0.125
0 0.31171875 0.33125 0.025 0.10625
0 0.65625 0.334375 0.01875 0.10625
0 0.29140625 0.34296875 0.03125 0.159375
0 0.2734375 0.34921875 0.021875 0.1328125
0 0.49453125 0.3328125 0.0203125 0.1046875
0 0.1609375 0.3296875 0.021875 0.1109375
0 0.44765625 0.31796875 0.0125 0.05625
0 0.43125 0.31328125 0.009375 0.0609375
0 0.00859375 0.36328125 0.0171875 0.1890625