0 0.70234375 0.56015625 0.084375 0.4375
0 0.50859375 0.4734375 0.0375 0.1609375
0 0.415625 0.4453125 0.0234375 0.1109375
0 0.05546875 0.4984375 0.04375 0.190625
0 0.0765625 0.48125 0.0390625 0.178125
0 0.3890625 0.453125 0.021875 0.1046875
0 0.01875 0.50703125 0.0375 0.1859375
0 0.378125 0.43984375 0.0171875 0.08125
0 0.44453125 0.44296875 0.021875 0.1046875
0 0.184375 0.44375 0.0109375 0.0609375
0 0.1671875 0.44453125 0.009375 0.0546875
0 0.178125 0.44453125 0.0109375 0.0515625
0 0.334375 0.43359375 0.0140625 0.0640625
0 0.6484375 0.45390625 0.021875 0.1046875