0 0.46328125 0.35625 0.03125 0.15
0 0.21640625 0.4203125 0.0953125 0.371875
0 0.51171875 0.35859375 0.028125 0.1375
0 0.5796875 0.33125 0.0171875 0.065625
0 0.64609375 0.371875 0.0296875 0.2015625
0 0.34609375 0.346875 0.021875 0.09375
0 0.63515625 0.36640625 0.0265625 0.184375
0 0.146875 0.36953125 0.0359375 0.134375
0 0.10859375 0.37578125 0.0484375 0.15
0 0.5265625 0.32890625 0.0140625 0.059375
0 0.28515625 0.36953125 0.0265625 0.15625
0 0.5484375 0.33046875 0.009375 0.0390625
0 0.53671875 0.3265625 0.009375 0.040625
0 0.48671875 0.353125 0.025 0.0640625
0 0.3859375 0.340625 0.015625 0.0671875
0 0.3671875 0.33359375 0.015625 0.078125