0 0.62109375 0.3765625 0.03125 0.1328125
0 0.41484375 0.3859375 0.03125 0.165625
0 0.4578125 0.390625 0.03125 0.153125
0 0.71484375 0.38203125 0.040625 0.1640625
0 0.9703125 0.5140625 0.059375 0.690625
0 0.56015625 0.35625 0.0171875 0.0640625
0 0.01328125 0.37890625 0.0265625 0.103125
0 0.034375 0.375 0.0265625 0.1078125
0 0.6 0.35703125 0.0140625 0.05625
0 0.5796875 0.35546875 0.0125 0.059375
0 0.50625 0.39453125 0.03125 0.1015625
0 0.53203125 0.403125 0.03125 0.096875
0 0.334375 0.35703125 0.0140625 0.0515625
0 0.3453125 0.35546875 0.0125 0.0453125
0 0.3578125 0.34765625 0.0125 0.0453125
0 0.39375 0.35859375 0.015625 0.053125
0 0.3703125 0.3484375 0.0109375 0.0390625
0 0.37890625 0.3484375 0.0125 0.0390625