0 0.61015625 0.3734375 0.028125 0.1296875
0 0.40703125 0.3734375 0.03125 0.1640625
0 0.44765625 0.38203125 0.0296875 0.1484375
0 0.68671875 0.378125 0.0390625 0.1484375
0 0.97421875 0.5359375 0.0515625 0.7359375
0 0.921875 0.5015625 0.1125 0.6
0 0.55078125 0.35078125 0.0171875 0.065625
0 0.02109375 0.36328125 0.021875 0.1015625
0 0.04921875 0.3640625 0.0296875 0.1046875
0 0.58828125 0.3609375 0.0125 0.0546875
0 0.5703125 0.35625 0.0125 0.0578125
0 0.49296875 0.384375 0.03125 0.1015625
0 0.5171875 0.3890625 0.0296875 0.09375
0 0.3265625 0.3484375 0.0140625 0.053125
0 0.3375 0.35078125 0.0125 0.0453125
0 0.34296875 0.34140625 0.0125 0.04375
0 0.35234375 0.34140625 0.0125 0.046875
0 0.3859375 0.35546875 0.015625 0.053125
0 0.3609375 0.34140625 0.009375 0.0390625
0 0.36953125 0.34140625 0.0125 0.0390625