0 0.64375 0.3515625 0.03125 0.1453125
0 0.46171875 0.34453125 0.03125 0.146875
0 0.196875 0.3984375 0.090625 0.3546875
0 0.50859375 0.3515625 0.0296875 0.1375
0 0.57265625 0.33046875 0.015625 0.0671875
0 0.63203125 0.3625 0.0265625 0.1859375
0 0.33828125 0.32890625 0.021875 0.09375
0 0.525 0.3234375 0.0140625 0.059375
0 0.30234375 0.353125 0.021875 0.1453125
0 0.54140625 0.31875 0.009375 0.0390625
0 0.53046875 0.315625 0.0078125 0.0453125
0 0.48125 0.3359375 0.025 0.0640625
0 0.38984375 0.31875 0.015625 0.0671875
0 0.36953125 0.3140625 0.015625 0.075