0 0.72890625 0.47421875 0.040625 0.2203125
0 0.775 0.47109375 0.0390625 0.1640625
0 0.35859375 0.4796875 0.04375 0.1953125
0 0.63515625 0.43515625 0.025 0.1140625
0 0.25234375 0.4796875 0.0390625 0.165625
0 0.37890625 0.475 0.034375 0.1703125
0 0.290625 0.48359375 0.03125 0.1578125
0 0.49921875 0.4390625 0.021875 0.103125
0 0.60625 0.44140625 0.0203125 0.096875
0 0.31171875 0.47890625 0.03125 0.1671875
0 0.57890625 0.42578125 0.015625 0.075
0 0.19375 0.43046875 0.015625 0.0640625
0 0.33515625 0.459375 0.028125 0.1265625
0 0.61640625 0.4328125 0.015625 0.0921875
0 0.42890625 0.43046875 0.0109375 0.0640625
0 0.42265625 0.428125 0.0109375 0.053125
0 0.43828125 0.434375 0.0109375 0.065625
0 0.4125 0.42890625 0.0109375 0.0578125
0 0.39765625 0.428125 0.0109375 0.0609375
0 0.82890625 0.44453125 0.021875 0.1