0 0.58828125 0.37890625 0.0359375 0.1515625
0 0.5234375 0.3625 0.0296875 0.134375
0 0.50234375 0.36015625 0.03125 0.1515625
0 0.78046875 0.59375 0.125 0.66875
0 0.934375 0.603125 0.13125 0.6953125
0 0.36953125 0.365625 0.0515625 0.1859375
0 0.5453125 0.33203125 0.0109375 0.0421875
0 0.03203125 0.3765625 0.046875 0.178125
0 0.56953125 0.35546875 0.0265625 0.125
0 0.8703125 0.4609375 0.0875 0.4390625
0 0.63203125 0.35625 0.01875 0.10625
0 0.29375 0.3484375 0.025 0.13125
0 0.2796875 0.353125 0.021875 0.1140625
0 0.146875 0.321875 0.015625 0.0703125
0 0.16015625 0.346875 0.021875 0.1078125
0 0.48515625 0.3453125 0.01875 0.05
0 0.42890625 0.3328125 0.0125 0.05625
0 0.41796875 0.33515625 0.009375 0.059375
0 0.39453125 0.33125 0.0125 0.0484375