0 0.6078125 0.353125 0.034375 0.1484375
0 0.5171875 0.33984375 0.028125 0.1375
0 0.5015625 0.34921875 0.0328125 0.159375
0 0.81328125 0.58671875 0.125 0.6828125
0 0.946875 0.5859375 0.10625 0.721875
0 0.35859375 0.353125 0.046875 0.1984375
0 0.52890625 0.33828125 0.0234375 0.121875
0 0.5546875 0.31328125 0.0109375 0.04375
0 0.0203125 0.36953125 0.0390625 0.18125
0 0.5796875 0.334375 0.028125 0.1296875
0 0.29765625 0.3296875 0.025 0.10625
0 0.64609375 0.33125 0.01875 0.10625
0 0.2640625 0.340625 0.03125 0.159375
0 0.246875 0.34921875 0.021875 0.1375
0 0.47109375 0.33203125 0.021875 0.1046875
0 0.1328125 0.309375 0.0140625 0.06875
0 0.1453125 0.334375 0.021875 0.1140625
0 0.43359375 0.3125 0.0125 0.05625
0 0.41796875 0.31171875 0.009375 0.0609375
0 0.3875 0.31640625 0.0125 0.0546875
0 0.4015625 0.31484375 0.0125 0.0484375