0 0.59453125 0.325 0.03125 0.1375
0 0.41328125 0.32578125 0.0328125 0.1609375
0 0.4484375 0.33125 0.0296875 0.146875
0 0.61796875 0.30859375 0.03125 0.1078125
0 0.75703125 0.37890625 0.0578125 0.396875
0 0.36796875 0.31640625 0.021875 0.1046875
0 0.73125 0.37421875 0.0515625 0.340625
0 0.5265625 0.3015625 0.015625 0.065625
0 0.07890625 0.403125 0.0546875 0.3140625
0 0.11640625 0.31015625 0.0171875 0.078125
0 0.55625 0.29921875 0.0125 0.053125
0 0.54375 0.29609375 0.0109375 0.0515625
0 0.47734375 0.33125 0.025 0.084375
0 0.4953125 0.334375 0.025 0.0828125
0 0.315625 0.296875 0.0125 0.0453125
0 0.3234375 0.2984375 0.0109375 0.046875
0 0.33515625 0.29453125 0.0109375 0.0390625
0 0.340625 0.29296875 0.0109375 0.04375
0 0.3859375 0.309375 0.0125 0.0578125
0 0.35078125 0.29375 0.0109375 0.0359375