0 0.52578125 0.41015625 0.0359375 0.159375
0 0.46875 0.390625 0.0265625 0.1203125
0 0.4171875 0.3828125 0.0203125 0.1125
0 0.9796875 0.5703125 0.040625 0.55
0 0.05234375 0.4375 0.0546875 0.2265625
0 0.30390625 0.39921875 0.0359375 0.1359375
0 0.00859375 0.45859375 0.0171875 0.1875
0 0.17109375 0.4046875 0.028125 0.121875
0 0.5734375 0.38671875 0.03125 0.1515625
0 0.275 0.38671875 0.015625 0.096875
0 0.26328125 0.3859375 0.015625 0.0796875
0 0.42734375 0.36875 0.0140625 0.0640625
0 0.090625 0.37734375 0.0109375 0.0625
0 0.11796875 0.39609375 0.0171875 0.09375
0 0.37578125 0.37578125 0.0171875 0.0453125
0 0.38984375 0.38125 0.015625 0.0453125
0 0.7984375 0.4015625 0.028125 0.128125