0 0.4875 0.42890625 0.0375 0.159375
0 0.43046875 0.409375 0.0265625 0.1203125
0 0.36484375 0.403125 0.0203125 0.1046875
0 0.965625 0.5734375 0.06875 0.521875
0 0.02578125 0.45 0.0515625 0.21875
0 0.24453125 0.4171875 0.03125 0.13125
0 0.41484375 0.4046875 0.021875 0.1078125
0 0.115625 0.42734375 0.0296875 0.134375
0 0.5171875 0.40390625 0.028125 0.1359375
0 0.4640625 0.39765625 0.0171875 0.103125
0 0.22890625 0.40625 0.0171875 0.09375
0 0.215625 0.40546875 0.0140625 0.0765625
0 0.37734375 0.3890625 0.0140625 0.0640625
0 0.0640625 0.41875 0.0171875 0.09375
0 0.32890625 0.39921875 0.01875 0.0484375
0 0.33671875 0.3984375 0.015625 0.0453125
0 0.73203125 0.415625 0.0265625 0.1265625