0 0.440625 0.43984375 0.0375 0.159375
0 0.38046875 0.41015625 0.025 0.11875
0 0.2953125 0.41171875 0.01875 0.0953125
0 0.94296875 0.59453125 0.1125 0.5015625
0 0.19765625 0.41953125 0.03125 0.128125
0 0.36171875 0.42109375 0.021875 0.1078125
0 0.03828125 0.43671875 0.03125 0.134375
0 0.39609375 0.41328125 0.015625 0.103125
0 0.16953125 0.4109375 0.0171875 0.0859375
0 0.15703125 0.4171875 0.0140625 0.0703125
0 0.14609375 0.4015625 0.0125 0.0578125
0 0.31328125 0.39765625 0.0140625 0.0640625
0 0.2578125 0.4046875 0.0203125 0.046875
0 0.27734375 0.41171875 0.015625 0.0453125
0 0.6578125 0.4265625 0.0234375 0.115625