0 0.59140625 0.33828125 0.0359375 0.1515625
0 0.4796875 0.3296875 0.03125 0.1390625
0 0.46640625 0.33828125 0.0375 0.1671875
0 0.81328125 0.5640625 0.1265625 0.7046875
0 0.93515625 0.5625 0.1296875 0.7453125
0 0.3109375 0.34375 0.0515625 0.20625
0 0.49921875 0.3265625 0.0234375 0.121875
0 0.52265625 0.29609375 0.0125 0.0453125
0 0.55546875 0.31796875 0.0234375 0.1296875
0 0.27421875 0.325 0.025 0.10625
0 0.61484375 0.31640625 0.01875 0.10625
0 0.2171875 0.33984375 0.0328125 0.1671875
0 0.2 0.3453125 0.0265625 0.146875
0 0.43125 0.321875 0.028125 0.10625
0 0.07734375 0.31015625 0.015625 0.078125
0 0.096875 0.334375 0.021875 0.1171875
0 0.1109375 0.3078125 0.0171875 0.0703125
0 0.39921875 0.30625 0.0109375 0.05625
0 0.38671875 0.30625 0.009375 0.0609375
0 0.35546875 0.30390625 0.0125 0.0546875
0 0.3796875 0.296875 0.0125 0.05