0 0.61328125 0.32578125 0.034375 0.15
0 0.46171875 0.31015625 0.0296875 0.140625
0 0.42265625 0.33203125 0.0421875 0.2125
0 0.896875 0.55 0.140625 0.7484375
0 0.22734375 0.3359375 0.0578125 0.225
0 0.4953125 0.315625 0.0265625 0.125
0 0.53046875 0.28359375 0.0125 0.053125
0 0.56640625 0.30625 0.03125 0.1375
0 0.29140625 0.31328125 0.025 0.10625
0 0.63984375 0.29765625 0.0203125 0.1109375
0 0.11484375 0.3453125 0.0515625 0.225
0 0.0921875 0.359375 0.0421875 0.1953125
0 0.37109375 0.30859375 0.025 0.10625
0 0.359375 0.3125 0.0234375 0.1109375
0 0.32109375 0.31953125 0.0234375 0.121875
0 0.02734375 0.30625 0.01875 0.09375
0 0.06015625 0.32890625 0.028125 0.134375
0 0.3984375 0.290625 0.0109375 0.059375
0 0.38203125 0.29140625 0.0109375 0.0640625