0 0.6171875 0.3640625 0.034375 0.1484375
0 0.45625 0.34375 0.0296875 0.140625
0 0.3796875 0.3890625 0.059375 0.2671875
0 0.95234375 0.6078125 0.0953125 0.746875
0 0.20859375 0.375 0.06875 0.259375
0 0.49296875 0.35703125 0.03125 0.125
0 0.528125 0.32265625 0.0125 0.0546875
0 0.56953125 0.346875 0.025 0.1515625
0 0.2984375 0.33125 0.021875 0.1015625
0 0.65078125 0.33984375 0.0203125 0.1171875
0 0.02734375 0.3875 0.0546875 0.2734375
0 0.32421875 0.34140625 0.0203125 0.109375
0 0.30859375 0.3484375 0.0234375 0.1234375
0 0.46796875 0.3390625 0.01875 0.0578125
0 0.34453125 0.32578125 0.0109375 0.0609375