0 0.61953125 0.3765625 0.03125 0.1328125
0 0.41328125 0.38515625 0.0328125 0.165625
0 0.45625 0.39140625 0.03125 0.1515625
0 0.71171875 0.378125 0.0359375 0.1578125
0 0.96640625 0.51328125 0.0671875 0.68125
0 0.55859375 0.35625 0.0171875 0.0640625
0 0.01328125 0.37890625 0.0265625 0.1015625
0 0.034375 0.375 0.0265625 0.1078125
0 0.59765625 0.35703125 0.0140625 0.0546875
0 0.578125 0.35546875 0.0125 0.0578125
0 0.5046875 0.39453125 0.03125 0.1015625
0 0.53046875 0.403125 0.03125 0.096875
0 0.33203125 0.3546875 0.0140625 0.0515625
0 0.34453125 0.35546875 0.0125 0.0453125
0 0.346875 0.34921875 0.0140625 0.0453125
0 0.3578125 0.34765625 0.0125 0.0453125
0 0.39296875 0.3578125 0.015625 0.053125
0 0.36953125 0.3484375 0.009375 0.0390625
0 0.37734375 0.3484375 0.0125 0.0390625