0 0.69140625 0.5140625 0.0484375 0.28125
0 0.66015625 0.4859375 0.0390625 0.1640625
0 0.24453125 0.51015625 0.05625 0.23125
0 0.54296875 0.46015625 0.025 0.1140625
0 0.1296875 0.5046875 0.04375 0.1796875
0 0.17890625 0.50625 0.0328125 0.1671875
0 0.51484375 0.46015625 0.0203125 0.1
0 0.2046875 0.4984375 0.034375 0.1734375
0 0.4921875 0.44765625 0.0171875 0.0796875
0 0.06796875 0.45078125 0.015625 0.0703125
0 0.5296875 0.453125 0.015625 0.09375
0 0.3421875 0.44921875 0.0125 0.0609375
0 0.33515625 0.4484375 0.0109375 0.053125
0 0.3484375 0.4546875 0.0125 0.06875
0 0.3203125 0.45078125 0.0109375 0.05625
0 0.30625 0.44609375 0.0125 0.05625
0 0.29296875 0.44609375 0.0109375 0.0515625
0 0.7515625 0.46796875 0.0203125 0.1