0 0.659375 0.371875 0.0265625 0.13125
0 0.4640625 0.37578125 0.034375 0.16875
0 0.5 0.38203125 0.0328125 0.146875
0 0.86484375 0.3984375 0.05625 0.23125
0 0.615625 0.346875 0.0171875 0.0640625
0 0.00859375 0.36796875 0.0171875 0.125
0 0.63671875 0.34609375 0.0140625 0.0734375
0 0.55625 0.39453125 0.034375 0.115625
0 0.58359375 0.40234375 0.0359375 0.1109375
0 0.375 0.34453125 0.0140625 0.0515625
0 0.38515625 0.34140625 0.0140625 0.0484375
0 0.39375 0.33828125 0.0140625 0.0484375
0 0.4359375 0.35 0.015625 0.05625
0 0.40859375 0.3390625 0.0109375 0.0390625
0 0.41796875 0.33828125 0.0125 0.0390625