0 0.64375 0.34921875 0.03125 0.1390625
0 0.46328125 0.340625 0.03125 0.146875
0 0.19921875 0.38984375 0.0890625 0.3484375
0 0.50703125 0.3453125 0.028125 0.134375
0 0.57109375 0.31953125 0.015625 0.0671875
0 0.628125 0.35546875 0.0265625 0.1828125
0 0.33828125 0.32421875 0.021875 0.0953125
0 0.5234375 0.31875 0.0140625 0.059375
0 0.29921875 0.34296875 0.0296875 0.140625
0 0.53984375 0.3109375 0.009375 0.0390625
0 0.53046875 0.31328125 0.0078125 0.0453125
0 0.48046875 0.33046875 0.025 0.0609375
0 0.390625 0.31171875 0.015625 0.0671875
0 0.37109375 0.3109375 0.015625 0.075
0 0.38359375 0.31640625 0.0125 0.059375