0 0.46328125 0.35859375 0.03125 0.15
0 0.20546875 0.41875 0.0984375 0.3703125
0 0.51015625 0.36015625 0.028125 0.1375
0 0.57890625 0.3359375 0.015625 0.0609375
0 0.6421875 0.37265625 0.03125 0.196875
0 0.34375 0.34453125 0.021875 0.09375
0 0.15390625 0.36953125 0.03125 0.134375
0 0.1140625 0.37109375 0.04375 0.146875
0 0.525 0.33203125 0.0140625 0.059375
0 0.28828125 0.36796875 0.0265625 0.153125
0 0.54375 0.32890625 0.009375 0.0390625
0 0.53359375 0.33046875 0.009375 0.040625
0 0.48515625 0.353125 0.025 0.0625
0 0.384375 0.33828125 0.015625 0.0671875
0 0.3671875 0.32890625 0.015625 0.0765625