0 0.52578125 0.4015625 0.0359375 0.1578125
0 0.46328125 0.378125 0.028125 0.125
0 0.42421875 0.37890625 0.021875 0.11875
0 0.934375 0.56328125 0.1140625 0.565625
0 0.025 0.434375 0.05 0.2375
0 0.3265625 0.38828125 0.0390625 0.1453125
0 0.48046875 0.3671875 0.01875 0.096875
0 0.17578125 0.3984375 0.0265625 0.121875
0 0.58984375 0.38359375 0.0328125 0.16875
0 0.4875 0.36875 0.0171875 0.090625
0 0.27265625 0.378125 0.0203125 0.103125
0 0.26015625 0.38125 0.015625 0.0859375
0 0.2859375 0.36875 0.015625 0.0546875
0 0.43359375 0.359375 0.0140625 0.0640625
0 0.0921875 0.371875 0.0109375 0.0625
0 0.1109375 0.3875 0.0203125 0.096875
0 0.3859375 0.36953125 0.01875 0.0484375
0 0.39453125 0.3703125 0.015625 0.0453125
0 0.82421875 0.39140625 0.03125 0.1390625