0 0.63671875 0.35390625 0.03125 0.1375
0 0.4625 0.34375 0.03125 0.146875
0 0.1421875 0.4484375 0.090625 0.5234375
0 0.21484375 0.38828125 0.071875 0.31875
0 0.50234375 0.3515625 0.028125 0.1375
0 0.5578125 0.321875 0.015625 0.059375
0 0.61015625 0.35859375 0.0359375 0.171875
0 0.32890625 0.33671875 0.021875 0.1015625
0 0.3046875 0.35078125 0.021875 0.1359375
0 0.52890625 0.3203125 0.009375 0.0390625
0 0.4875 0.346875 0.0203125 0.05625
0 0.39140625 0.325 0.015625 0.0671875
0 0.37265625 0.32265625 0.015625 0.075
0 0.36171875 0.3171875 0.0125 0.0609375