0 0.59296875 0.3765625 0.0359375 0.1515625
0 0.52578125 0.359375 0.028125 0.1359375
0 0.50234375 0.35859375 0.025 0.1484375
0 0.78203125 0.59296875 0.128125 0.671875
0 0.9375 0.60625 0.125 0.70625
0 0.37109375 0.36171875 0.04375 0.1828125
0 0.5359375 0.359375 0.0234375 0.1203125
0 0.54765625 0.33046875 0.0109375 0.040625
0 0.03359375 0.37890625 0.0484375 0.184375
0 0.57265625 0.353125 0.0265625 0.125
0 0.88828125 0.459375 0.09375 0.4515625
0 0.63671875 0.353125 0.01875 0.10625
0 0.2953125 0.34765625 0.025 0.134375
0 0.28125 0.353125 0.021875 0.115625
0 0.15078125 0.32578125 0.0125 0.0703125
0 0.16171875 0.34765625 0.021875 0.109375
0 0.48828125 0.34375 0.01875 0.05
0 0.17109375 0.3234375 0.0171875 0.0703125
0 0.4328125 0.33046875 0.0125 0.05625
0 0.4203125 0.33359375 0.009375 0.0609375
0 0.39921875 0.3296875 0.0125 0.0484375