0 0.61484375 0.325 0.034375 0.1515625
0 0.46328125 0.3109375 0.0296875 0.140625
0 0.4234375 0.33984375 0.040625 0.2109375
0 0.89921875 0.55625 0.128125 0.7421875
0 0.2265625 0.33671875 0.059375 0.225
0 0.4953125 0.315625 0.0265625 0.125
0 0.53125 0.284375 0.0125 0.053125
0 0.56796875 0.3078125 0.0296875 0.1390625
0 0.29296875 0.3140625 0.025 0.10625
0 0.6421875 0.29921875 0.0203125 0.1109375
0 0.11171875 0.346875 0.053125 0.2296875
0 0.08984375 0.3609375 0.0421875 0.196875
0 0.35859375 0.3125 0.0234375 0.1109375
0 0.3203125 0.321875 0.0234375 0.121875
0 0.02890625 0.30703125 0.0171875 0.09375
0 0.0609375 0.32890625 0.028125 0.134375
0 0.4 0.290625 0.0109375 0.059375
0 0.38359375 0.29140625 0.0109375 0.0640625