0 0.6 0.33359375 0.028125 0.13125
0 0.41640625 0.33203125 0.0328125 0.1609375
0 0.4578125 0.33984375 0.0296875 0.146875
0 0.61484375 0.31640625 0.028125 0.103125
0 0.74375 0.38515625 0.059375 0.371875
0 0.365625 0.32421875 0.021875 0.1046875
0 0.71796875 0.37734375 0.05 0.31875
0 0.528125 0.309375 0.0140625 0.065625
0 0.1078125 0.396875 0.0546875 0.2859375
0 0.55625 0.30859375 0.0125 0.053125
0 0.5421875 0.303125 0.0109375 0.0515625
0 0.478125 0.33671875 0.0234375 0.08125
0 0.4953125 0.34140625 0.0265625 0.078125
0 0.33828125 0.296875 0.009375 0.0390625
0 0.34296875 0.29609375 0.0109375 0.04375
0 0.38515625 0.31953125 0.0125 0.059375
0 0.3515625 0.2984375 0.009375 0.0359375