0 0.54453125 0.39921875 0.0359375 0.15625
0 0.47890625 0.37890625 0.025 0.1234375
0 0.43828125 0.37421875 0.021875 0.11875
0 0.95546875 0.571875 0.0890625 0.56875
0 0.05703125 0.4296875 0.059375 0.234375
0 0.33984375 0.3875 0.03125 0.1390625
0 0.0140625 0.4421875 0.028125 0.1875
0 0.49296875 0.37109375 0.0171875 0.096875
0 0.1921875 0.39296875 0.025 0.121875
0 0.596875 0.38515625 0.03125 0.1640625
0 0.29296875 0.378125 0.01875 0.096875
0 0.278125 0.3796875 0.0140625 0.0796875
0 0.31796875 0.38203125 0.0171875 0.096875
0 0.4484375 0.35859375 0.0140625 0.0640625
0 0.1125 0.36796875 0.0109375 0.0625
0 0.13671875 0.38671875 0.0171875 0.0953125
0 0.39609375 0.36875 0.0171875 0.046875
0 0.41328125 0.36953125 0.015625 0.0453125
0 0.83203125 0.390625 0.0328125 0.14375
0 0.30234375 0.36875 0.0125 0.0484375