0 0.54375 0.40078125 0.0359375 0.159375
0 0.48046875 0.38046875 0.0265625 0.1234375
0 0.43828125 0.37265625 0.021875 0.1171875
0 0.9625 0.56875 0.075 0.5609375
0 0.06015625 0.43046875 0.059375 0.23125
0 0.33359375 0.39296875 0.0390625 0.14375
0 0.0171875 0.43671875 0.034375 0.175
0 0.49296875 0.371875 0.015625 0.0953125
0 0.19765625 0.3921875 0.025 0.121875
0 0.59609375 0.38671875 0.03125 0.1625
0 0.2921875 0.37890625 0.01875 0.096875
0 0.2796875 0.3796875 0.0140625 0.0796875
0 0.44765625 0.35859375 0.0140625 0.0640625
0 0.11328125 0.36875 0.0109375 0.0625
0 0.134375 0.38984375 0.0171875 0.0953125
0 0.396875 0.36796875 0.0171875 0.0453125
0 0.409375 0.37109375 0.015625 0.0453125
0 0.82890625 0.3921875 0.03125 0.140625
0 0.30625 0.36875 0.0140625 0.0484375