0 0.56953125 0.3890625 0.0359375 0.15
0 0.51015625 0.37578125 0.0265625 0.13125
0 0.48515625 0.371875 0.028125 0.1453125
0 0.77578125 0.603125 0.115625 0.6453125
0 0.9109375 0.6171875 0.1609375 0.696875
0 0.36171875 0.37421875 0.05 0.1796875
0 0.51953125 0.3703125 0.021875 0.1203125
0 0.01953125 0.3859375 0.0390625 0.18125
0 0.26875 0.35859375 0.0265625 0.1109375
0 0.6125 0.36640625 0.01875 0.10625
0 0.29140625 0.35703125 0.025 0.125
0 0.27734375 0.36171875 0.021875 0.1109375
0 0.13828125 0.3296875 0.015625 0.06875
0 0.15078125 0.353125 0.021875 0.10625
0 0.46953125 0.35390625 0.01875 0.05
0 0.16640625 0.33359375 0.015625 0.0640625
0 0.4140625 0.34296875 0.0125 0.059375
0 0.403125 0.3421875 0.009375 0.059375