0 0.61640625 0.365625 0.03125 0.1359375
0 0.44765625 0.36171875 0.03125 0.1640625
0 0.11484375 0.51796875 0.1671875 0.5609375
0 0.4890625 0.36171875 0.0296875 0.1453125
0 0.7109375 0.396875 0.0453125 0.3015625
0 0.36796875 0.35546875 0.0203125 0.1
0 0.540625 0.3359375 0.015625 0.0609375
0 0.56484375 0.33671875 0.009375 0.046875
0 0.55078125 0.33203125 0.0125 0.0515625
0 0.51171875 0.36953125 0.0234375 0.071875
0 0.33203125 0.34296875 0.0171875 0.065625
0 0.38515625 0.33671875 0.0125 0.0609375
0 0.3953125 0.3375 0.0125 0.059375