0 0.63203125 0.35703125 0.03125 0.1390625
0 0.46328125 0.35078125 0.03125 0.1453125
0 0.175 0.44140625 0.121875 0.4875
0 0.221875 0.38671875 0.0703125 0.3140625
0 0.5015625 0.3515625 0.0296875 0.1359375
0 0.553125 0.32578125 0.015625 0.059375
0 0.603125 0.35703125 0.03125 0.1703125
0 0.3265625 0.33671875 0.021875 0.1015625
0 0.728125 0.3546875 0.01875 0.1140625
0 0.30546875 0.35546875 0.021875 0.1359375
0 0.52578125 0.32265625 0.009375 0.0390625
0 0.4875 0.34921875 0.0203125 0.05625
0 0.39375 0.3265625 0.015625 0.0671875
0 0.37265625 0.32578125 0.015625 0.075
0 0.35859375 0.3234375 0.0125 0.0609375