0 0.6046875 0.36953125 0.03125 0.140625
0 0.53125 0.35546875 0.03125 0.134375
0 0.51015625 0.35390625 0.028125 0.1515625
0 0.79765625 0.60546875 0.115625 0.6796875
0 0.9421875 0.61015625 0.115625 0.7171875
0 0.378125 0.36171875 0.0328125 0.184375
0 0.5578125 0.325 0.0109375 0.04375
0 0.0390625 0.3734375 0.0375 0.1796875
0 0.58671875 0.34765625 0.021875 0.1234375
0 0.6484375 0.346875 0.01875 0.10625
0 0.29921875 0.34609375 0.028125 0.1421875
0 0.284375 0.353125 0.021875 0.1203125
0 0.165625 0.34375 0.0203125 0.109375
0 0.49609375 0.340625 0.01875 0.05
0 0.1765625 0.31953125 0.0171875 0.0703125
0 0.44140625 0.32578125 0.0125 0.05625
0 0.4265625 0.33046875 0.009375 0.0609375
0 0.39375 0.321875 0.0109375 0.0515625
0 0.40859375 0.328125 0.0125 0.0484375