0 0.5125 0.41796875 0.0375 0.159375
0 0.45234375 0.40078125 0.0265625 0.121875
0 0.39765625 0.38828125 0.0203125 0.1078125
0 0.96015625 0.5734375 0.0796875 0.53125
0 0.04140625 0.43828125 0.053125 0.221875
0 0.27578125 0.40078125 0.03125 0.1328125
0 0.14765625 0.409375 0.0296875 0.1265625
0 0.54765625 0.3921875 0.028125 0.14375
0 0.49140625 0.38359375 0.0171875 0.103125
0 0.2609375 0.38984375 0.0171875 0.096875
0 0.246875 0.38828125 0.0140625 0.0796875
0 0.4078125 0.3734375 0.0140625 0.0640625
0 0.0734375 0.37890625 0.0109375 0.0625
0 0.0953125 0.3984375 0.0171875 0.0953125
0 0.35546875 0.38203125 0.01875 0.0484375
0 0.36875 0.38359375 0.015625 0.0453125
0 0.7703125 0.40703125 0.0265625 0.1296875