0 0.5234375 0.40625 0.0359375 0.15
0 0.46328125 0.38359375 0.025 0.1171875
0 0.409375 0.3859375 0.021875 0.1109375
0 0.9703125 0.56875 0.059375 0.540625
0 0.0515625 0.43203125 0.0546875 0.225
0 0.29375 0.3953125 0.03125 0.134375
0 0.16484375 0.4 0.0296875 0.121875
0 0.5640625 0.3859375 0.03125 0.1484375
0 0.50625 0.378125 0.0171875 0.1046875
0 0.26875 0.3859375 0.015625 0.1
0 0.25703125 0.384375 0.015625 0.0765625
0 0.4203125 0.36796875 0.0140625 0.0640625
0 0.08203125 0.3734375 0.0109375 0.0625
0 0.11015625 0.39453125 0.0171875 0.0953125
0 0.36875 0.37421875 0.0171875 0.046875
0 0.38203125 0.38125 0.015625 0.0453125
0 0.78828125 0.40390625 0.028125 0.128125