0 0.634375 0.35703125 0.028125 0.1390625
0 0.46015625 0.34609375 0.0296875 0.14375
0 0.28203125 0.4234375 0.078125 0.384375
0 0.22734375 0.3859375 0.0640625 0.290625
0 0.50078125 0.35 0.0296875 0.1296875
0 0.5484375 0.3234375 0.0140625 0.05625
0 0.59375 0.353125 0.03125 0.1625
0 0.70234375 0.34375 0.0234375 0.1140625
0 0.00625 0.35625 0.0125 0.15625
0 0.51640625 0.3296875 0.0109375 0.0375
0 0.48203125 0.34453125 0.01875 0.0578125
0 0.39375 0.3234375 0.015625 0.0625
0 0.371875 0.31875 0.015625 0.071875
0 0.35546875 0.32265625 0.0125 0.0609375