0 0.59921875 0.32578125 0.034375 0.1453125
0 0.45625 0.31953125 0.028125 0.140625
0 0.425 0.33671875 0.0390625 0.2015625
0 0.86171875 0.55859375 0.115625 0.7140625
0 0.97109375 0.55234375 0.0578125 0.7515625
0 0.23203125 0.33515625 0.0375 0.2203125
0 0.4875 0.3203125 0.025 0.125
0 0.5171875 0.28828125 0.0125 0.05
0 0.5515625 0.30859375 0.03125 0.134375
0 0.2765625 0.31015625 0.025 0.10625
0 0.621875 0.30390625 0.0171875 0.109375
0 0.1296875 0.34296875 0.0421875 0.2109375
0 0.109375 0.34921875 0.034375 0.1859375
0 0.3734375 0.31171875 0.025 0.10625
0 0.3640625 0.31015625 0.0203125 0.1109375
0 0.31171875 0.32265625 0.0234375 0.121875
0 0.0234375 0.30390625 0.01875 0.0890625
0 0.05625 0.328125 0.028125 0.134375
0 0.3875 0.29375 0.0109375 0.059375
0 0.3390625 0.29375 0.0125 0.0546875
0 0.3546875 0.28671875 0.0140625 0.0546875