0 0.59765625 0.33671875 0.03125 0.1359375
0 0.40234375 0.3390625 0.0328125 0.1609375
0 0.45234375 0.33515625 0.0296875 0.146875
0 0.6328125 0.3203125 0.0328125 0.1140625
0 0.79921875 0.40625 0.0671875 0.4640625
0 0.37578125 0.321875 0.021875 0.103125
0 0.76484375 0.39453125 0.065625 0.39375
0 0.5328125 0.3125 0.0203125 0.0640625
0 0.02578125 0.428125 0.0515625 0.35
0 0.05859375 0.328125 0.0375 0.125
0 0.0953125 0.32421875 0.021875 0.0890625
0 0.56171875 0.30625 0.0125 0.053125
0 0.5484375 0.30234375 0.0109375 0.053125
0 0.48046875 0.33671875 0.0265625 0.090625
0 0.50234375 0.346875 0.0265625 0.0859375
0 0.31484375 0.3109375 0.0140625 0.046875
0 0.32265625 0.31171875 0.0109375 0.046875
0 0.33515625 0.30703125 0.0125 0.0390625
0 0.34140625 0.30390625 0.0125 0.0421875
0 0.35234375 0.3046875 0.0125 0.0375
0 0.36015625 0.30703125 0.0109375 0.0390625