0 0.6421875 0.37421875 0.028125 0.13125
0 0.44296875 0.378125 0.034375 0.1671875
0 0.48203125 0.384375 0.03125 0.1515625
0 0.81328125 0.3875 0.0546875 0.2203125
0 0.59453125 0.35234375 0.015625 0.0640625
0 0.0046875 0.3796875 0.009375 0.115625
0 0.6171875 0.34609375 0.015625 0.0703125
0 0.53984375 0.390625 0.034375 0.109375
0 0.56328125 0.4 0.0359375 0.109375
0 0.35859375 0.34921875 0.0140625 0.053125
0 0.36875 0.3484375 0.0140625 0.05
0 0.3796875 0.3421875 0.0140625 0.0484375
0 0.4203125 0.35390625 0.0203125 0.05625
0 0.39296875 0.34375 0.009375 0.0390625
0 0.40234375 0.34453125 0.0125 0.0390625