0 0.60234375 0.33515625 0.03125 0.1359375
0 0.409375 0.3390625 0.0328125 0.1609375
0 0.45703125 0.33828125 0.0296875 0.1484375
0 0.64453125 0.31953125 0.03125 0.115625
0 0.81875 0.40703125 0.0703125 0.4796875
0 0.38359375 0.32265625 0.0234375 0.103125
0 0.78046875 0.39765625 0.065625 0.40625
0 0.540625 0.31171875 0.0171875 0.065625
0 0.02421875 0.4328125 0.0484375 0.3515625
0 0.05390625 0.3328125 0.04375 0.1265625
0 0.07421875 0.32734375 0.01875 0.0890625
0 0.09921875 0.325 0.021875 0.090625
0 0.56953125 0.30390625 0.0125 0.053125
0 0.55546875 0.3015625 0.0125 0.0546875
0 0.4875 0.340625 0.028125 0.09375
0 0.5078125 0.3484375 0.0265625 0.090625
0 0.321875 0.30625 0.0140625 0.0484375
0 0.33203125 0.309375 0.0109375 0.0453125
0 0.34296875 0.3015625 0.0125 0.0421875
0 0.3484375 0.3015625 0.0125 0.0421875
0 0.35859375 0.30390625 0.0109375 0.0375
0 0.36796875 0.30234375 0.0109375 0.0390625