0 0.58671875 0.31953125 0.03125 0.14375
0 0.45234375 0.309375 0.028125 0.1421875
0 0.43359375 0.32578125 0.0390625 0.1890625
0 0.828125 0.53359375 0.11875 0.7015625
0 0.9515625 0.540625 0.096875 0.7375
0 0.24375 0.32265625 0.04375 0.215625
0 0.4828125 0.30703125 0.0234375 0.125
0 0.5109375 0.2796875 0.0125 0.046875
0 0.54453125 0.30390625 0.025 0.13125
0 0.54921875 0.31328125 0.0203125 0.121875
0 0.61015625 0.2984375 0.0171875 0.1109375
0 0.15078125 0.32734375 0.0390625 0.196875
0 0.128125 0.3296875 0.028125 0.1734375
0 0.3875 0.3046875 0.0234375 0.10625
0 0.371875 0.30546875 0.0203125 0.1109375
0 0.31640625 0.315625 0.0234375 0.121875
0 0.0265625 0.2859375 0.01875 0.0875
0 0.05859375 0.30546875 0.0265625 0.125
0 0.334375 0.28359375 0.0125 0.0546875
0 0.34375 0.28671875 0.0140625 0.0546875