0 0.62734375 0.34296875 0.028125 0.1265625
0 0.45234375 0.34921875 0.03125 0.1640625
0 0.07890625 0.53203125 0.1578125 0.6671875
0 0.49140625 0.3484375 0.021875 0.14375
0 0.7375 0.38671875 0.046875 0.3296875
0 0.38125 0.3359375 0.0203125 0.1
0 0.715625 0.39140625 0.046875 0.2859375
0 0.5484375 0.32421875 0.015625 0.0609375
0 0.18515625 0.40546875 0.0484375 0.2609375
0 0.57265625 0.32109375 0.0109375 0.046875
0 0.5609375 0.31875 0.0125 0.0515625
0 0.5171875 0.3515625 0.0234375 0.0734375
0 0.3328125 0.32890625 0.0171875 0.0671875
0 0.396875 0.3203125 0.0125 0.0578125
0 0.40703125 0.32578125 0.0125 0.059375