0 0.7328125 0.5640625 0.1046875 0.459375
0 0.50078125 0.4734375 0.0375 0.1625
0 0.41171875 0.44453125 0.0234375 0.1125
0 0.04609375 0.49765625 0.046875 0.1921875
0 0.28203125 0.44140625 0.01875 0.084375
0 0.0671875 0.478125 0.0390625 0.1796875
0 0.27265625 0.4515625 0.025 0.1203125
0 0.38671875 0.44765625 0.021875 0.1046875
0 0.0109375 0.50078125 0.021875 0.1890625
0 0.37578125 0.434375 0.01875 0.084375
0 0.44375 0.43828125 0.021875 0.10625
0 0.1640625 0.440625 0.0109375 0.0546875
0 0.33203125 0.4296875 0.0140625 0.0640625
0 0.6484375 0.44921875 0.021875 0.10625