0 0.49609375 0.3953125 0.034375 0.146875
0 0.43828125 0.37578125 0.0234375 0.1171875
0 0.39921875 0.3796875 0.021875 0.125
0 0.896875 0.559375 0.090625 0.5609375
0 0.97734375 0.55078125 0.0453125 0.5890625
0 0.30703125 0.38671875 0.034375 0.146875
0 0.4546875 0.3640625 0.0171875 0.0984375
0 0.1453125 0.3984375 0.025 0.121875
0 0.56953125 0.384375 0.034375 0.175
0 0.4640625 0.36796875 0.0171875 0.090625
0 0.2421875 0.38046875 0.0203125 0.109375
0 0.228125 0.384375 0.0140625 0.0890625
0 0.28046875 0.3875 0.0171875 0.1015625
0 0.25703125 0.36640625 0.0140625 0.05625
0 0.41171875 0.359375 0.0140625 0.0640625
0 0.053125 0.371875 0.0140625 0.0625
0 0.08515625 0.3890625 0.021875 0.1
0 0.35859375 0.3671875 0.0203125 0.046875
0 0.37890625 0.37109375 0.015625 0.0453125
0 0.80625 0.39140625 0.028125 0.1453125