0 0.63828125 0.371875 0.028125 0.13125
0 0.43828125 0.3765625 0.0328125 0.1640625
0 0.47890625 0.38203125 0.0296875 0.15
0 0.7921875 0.38203125 0.059375 0.209375
0 0.58828125 0.3484375 0.0171875 0.0640625
0 0.00625 0.3796875 0.0125 0.115625
0 0.61015625 0.346875 0.015625 0.06875
0 0.534375 0.38984375 0.034375 0.109375
0 0.56171875 0.40078125 0.034375 0.10625
0 0.35234375 0.34453125 0.0140625 0.053125
0 0.3640625 0.3484375 0.0140625 0.05
0 0.3765625 0.34453125 0.0125 0.05
0 0.415625 0.35390625 0.0203125 0.05625
0 0.39140625 0.3421875 0.0109375 0.0390625
0 0.40078125 0.34453125 0.0125 0.0390625