0 0.5328125 0.41640625 0.0328125 0.1453125
0 0.47734375 0.39453125 0.0234375 0.1265625
0 0.45078125 0.3953125 0.025 0.1359375
0 0.778125 0.64453125 0.1109375 0.6421875
0 0.925 0.6265625 0.146875 0.6625
0 0.33515625 0.40546875 0.0421875 0.159375
0 0.515625 0.390625 0.0234375 0.1109375
0 0.2171875 0.390625 0.0265625 0.115625
0 0.6796875 0.44375 0.0484375 0.2671875
0 0.56640625 0.39296875 0.01875 0.10625
0 0.27109375 0.38671875 0.0234375 0.121875
0 0.25625 0.39296875 0.0171875 0.1015625
0 0.4984375 0.39140625 0.021875 0.096875
0 0.1 0.36328125 0.0125 0.065625
0 0.1203125 0.38515625 0.021875 0.10625
0 0.42734375 0.384375 0.01875 0.05
0 0.36796875 0.37109375 0.0125 0.0578125
0 0.35625 0.37109375 0.0109375 0.053125