0 0.67734375 0.540625 0.065625 0.3671875
0 0.5296875 0.4796875 0.0375 0.1640625
0 0.03359375 0.55390625 0.0671875 0.34375
0 0.434375 0.45078125 0.025 0.1140625
0 0.0859375 0.50078125 0.040625 0.1875
0 0.10546875 0.48515625 0.0390625 0.1703125
0 0.40703125 0.45 0.021875 0.1046875
0 0.390625 0.440625 0.01875 0.0859375
0 0.4546875 0.45078125 0.0203125 0.1
0 0.22578125 0.4421875 0.0125 0.06875
0 0.21171875 0.44453125 0.0109375 0.0609375
0 0.23671875 0.45078125 0.015625 0.071875
0 0.19921875 0.44296875 0.0109375 0.0609375
0 0.18046875 0.44453125 0.009375 0.0546875
0 0.1921875 0.44609375 0.0109375 0.0515625
0 0.34921875 0.43828125 0.0140625 0.0640625