0 0.61484375 0.35625 0.0359375 0.1515625
0 0.5265625 0.34140625 0.03125 0.1375
0 0.5125 0.3453125 0.034375 0.1640625
0 0.81640625 0.58671875 0.125 0.69375
0 0.94375 0.5859375 0.1125 0.725
0 0.37265625 0.353125 0.0484375 0.1953125
0 0.5390625 0.33984375 0.0234375 0.1203125
0 0.5640625 0.31640625 0.0109375 0.04375
0 0.03515625 0.37109375 0.040625 0.18125
0 0.59140625 0.33671875 0.028125 0.128125
0 0.30625 0.33046875 0.025 0.10625
0 0.65390625 0.33359375 0.01875 0.10625
0 0.28046875 0.34140625 0.03125 0.159375
0 0.26328125 0.34921875 0.021875 0.134375
0 0.48515625 0.3328125 0.021875 0.1046875
0 0.15546875 0.33125 0.021875 0.1125
0 0.1671875 0.31796875 0.0171875 0.0703125
0 0.4421875 0.315625 0.0125 0.05625
0 0.4265625 0.31328125 0.009375 0.0609375
0 0.4 0.31796875 0.0125 0.0546875