0 0.60859375 0.36875 0.034375 0.146875
0 0.53203125 0.35078125 0.03125 0.134375
0 0.515625 0.3515625 0.0328125 0.1546875
0 0.80234375 0.60078125 0.121875 0.6796875
0 0.94609375 0.603125 0.1078125 0.715625
0 0.3765625 0.35859375 0.0453125 0.1890625
0 0.54296875 0.35078125 0.0234375 0.1203125
0 0.56328125 0.3234375 0.0109375 0.04375
0 0.04140625 0.37109375 0.0390625 0.1796875
0 0.590625 0.34609375 0.0203125 0.1234375
0 0.65078125 0.34375 0.01875 0.1078125
0 0.30078125 0.3453125 0.028125 0.1453125
0 0.284375 0.353125 0.021875 0.121875
0 0.1671875 0.3390625 0.0203125 0.109375
0 0.49765625 0.3390625 0.01875 0.05
0 0.1796875 0.31796875 0.0171875 0.0703125
0 0.44609375 0.3234375 0.0125 0.05625
0 0.4296875 0.3265625 0.009375 0.0609375
0 0.00625 0.36875 0.0125 0.1875
0 0.40703125 0.32578125 0.0125 0.0484375