0 0.45 0.44453125 0.0375 0.1546875
0 0.3859375 0.41640625 0.021875 0.115625
0 0.29296875 0.41484375 0.01875 0.090625
0 0.96328125 0.5859375 0.0734375 0.4875
0 0.2125 0.42109375 0.0265625 0.1265625
0 0.36328125 0.4203125 0.021875 0.1078125
0 0.3984375 0.4125 0.0171875 0.103125
0 0.175 0.41015625 0.0171875 0.0859375
0 0.165625 0.4171875 0.0140625 0.0703125
0 0.19296875 0.42109375 0.01875 0.0890625
0 0.15234375 0.403125 0.0109375 0.05625
0 0.3203125 0.40078125 0.0140625 0.0640625
0 0.2625 0.409375 0.0203125 0.0453125
0 0.2734375 0.41171875 0.015625 0.0453125
0 0.65546875 0.43046875 0.0234375 0.1140625