0 0.59453125 0.315625 0.03125 0.1390625
0 0.471875 0.30859375 0.025 0.1390625
0 0.45390625 0.31953125 0.0375 0.18125
0 0.83203125 0.53046875 0.134375 0.7
0 0.94453125 0.53515625 0.1109375 0.7546875
0 0.278125 0.32890625 0.04375 0.2109375
0 0.49765625 0.3078125 0.03125 0.1234375
0 0.52265625 0.27578125 0.0125 0.046875
0 0.55546875 0.3078125 0.0203125 0.121875
0 0.621875 0.29609375 0.0171875 0.109375
0 0.190625 0.31953125 0.0390625 0.1828125
0 0.165625 0.33046875 0.028125 0.1640625
0 0.41875 0.3046875 0.025 0.1015625
0 0.4078125 0.30390625 0.0234375 0.1046875
0 0.32734375 0.3125 0.0234375 0.121875
0 0.059375 0.2890625 0.0203125 0.0890625
0 0.0828125 0.3109375 0.0265625 0.1234375
0 0.39765625 0.2796875 0.0109375 0.059375
0 0.384375 0.28359375 0.009375 0.0640625
0 0.35 0.284375 0.0125 0.0546875
0 0.3578125 0.28515625 0.0140625 0.0515625