0 0.6078125 0.33125 0.03125 0.1359375
0 0.41171875 0.3390625 0.03125 0.1609375
0 0.45859375 0.34140625 0.0296875 0.1484375
0 0.6546875 0.32265625 0.0296875 0.121875
0 0.83828125 0.41015625 0.075 0.5140625
0 0.38828125 0.32578125 0.0234375 0.103125
0 0.79609375 0.40078125 0.065625 0.421875
0 0.54453125 0.3078125 0.0171875 0.0640625
0 0.01875 0.43203125 0.0375 0.3515625
0 0.04765625 0.33125 0.0390625 0.1265625
0 0.071875 0.32421875 0.01875 0.090625
0 0.0984375 0.32421875 0.0203125 0.09375
0 0.57734375 0.303125 0.0125 0.053125
0 0.5625 0.30078125 0.0125 0.0578125
0 0.490625 0.340625 0.028125 0.09375
0 0.51171875 0.35234375 0.0265625 0.090625
0 0.32578125 0.30546875 0.0125 0.0484375
0 0.3359375 0.30703125 0.0109375 0.046875
0 0.34609375 0.29921875 0.0109375 0.040625
0 0.353125 0.30078125 0.0125 0.04375
0 0.36328125 0.30234375 0.0109375 0.0390625
0 0.371875 0.30234375 0.0109375 0.0390625