0 0.6 0.33671875 0.0296875 0.13125
0 0.41796875 0.33359375 0.0328125 0.1609375
0 0.459375 0.34140625 0.0296875 0.1453125
0 0.6140625 0.31875 0.028125 0.1015625
0 0.74453125 0.38671875 0.0625 0.371875
0 0.365625 0.3265625 0.021875 0.103125
0 0.7171875 0.37890625 0.05 0.315625
0 0.528125 0.3109375 0.0140625 0.0640625
0 0.1109375 0.396875 0.05625 0.2828125
0 0.55546875 0.309375 0.0125 0.0515625
0 0.5421875 0.30546875 0.0109375 0.0515625
0 0.478125 0.3390625 0.0234375 0.08125
0 0.4953125 0.34375 0.0265625 0.078125
0 0.3375 0.296875 0.009375 0.0390625
0 0.34375 0.2984375 0.0109375 0.040625
0 0.38515625 0.32109375 0.0125 0.0578125
0 0.35234375 0.3015625 0.009375 0.034375