0 0.6203125 0.36015625 0.03125 0.1453125
0 0.5359375 0.340625 0.028125 0.1359375
0 0.5171875 0.34609375 0.0328125 0.15625
0 0.8171875 0.58046875 0.1265625 0.684375
0 0.94140625 0.5796875 0.1171875 0.721875
0 0.38359375 0.35078125 0.04375 0.190625
0 0.5484375 0.34296875 0.0203125 0.1203125
0 0.56796875 0.315625 0.0109375 0.04375
0 0.040625 0.36640625 0.0390625 0.1796875
0 0.596875 0.33515625 0.0203125 0.121875
0 0.31484375 0.33359375 0.025 0.10625
0 0.60078125 0.34140625 0.0203125 0.1140625
0 0.65859375 0.3359375 0.0203125 0.109375
0 0.29609375 0.3390625 0.03125 0.1546875
0 0.28046875 0.35 0.021875 0.1296875
0 0.5046875 0.334375 0.021875 0.103125
0 0.16171875 0.30859375 0.0171875 0.071875
0 0.17109375 0.3265625 0.021875 0.109375
0 0.446875 0.31875 0.0125 0.05625
0 0.43984375 0.3140625 0.009375 0.0609375
0 0.00859375 0.3609375 0.0171875 0.1890625
0 0.40546875 0.32109375 0.0125 0.0484375