0 0.55 0.409375 0.034375 0.146875
0 0.490625 0.39453125 0.0265625 0.13125
0 0.46640625 0.38359375 0.0296875 0.14375
0 0.76953125 0.63125 0.115625 0.646875
0 0.91796875 0.6390625 0.128125 0.675
0 0.34296875 0.38828125 0.046875 0.1734375
0 0.50234375 0.3875 0.0203125 0.115625
0 0.01171875 0.40546875 0.0234375 0.184375
0 0.53671875 0.3890625 0.0203125 0.115625
0 0.24140625 0.3796875 0.0265625 0.1109375
0 0.58984375 0.390625 0.01875 0.10625
0 0.28125 0.378125 0.025 0.1203125
0 0.26953125 0.384375 0.021875 0.1109375
0 0.521875 0.38125 0.0203125 0.0921875
0 0.11796875 0.34609375 0.0140625 0.06875
0 0.13359375 0.3734375 0.021875 0.10625
0 0.44765625 0.38046875 0.01875 0.05
0 0.14921875 0.35546875 0.0140625 0.0640625
0 0.390625 0.36328125 0.0125 0.059375
0 0.3796875 0.35625 0.0109375 0.05625