0 0.609375 0.32578125 0.034375 0.15
0 0.46015625 0.30859375 0.0296875 0.140625
0 0.42265625 0.33125 0.04375 0.209375
0 0.8859375 0.55703125 0.115625 0.73125
0 0.22890625 0.334375 0.0578125 0.225
0 0.49375 0.31484375 0.0265625 0.125
0 0.52578125 0.28125 0.0125 0.053125
0 0.5640625 0.30546875 0.0265625 0.1375
0 0.2875 0.31328125 0.025 0.10625
0 0.63671875 0.29453125 0.0203125 0.109375
0 0.11953125 0.34140625 0.0484375 0.2203125
0 0.09765625 0.35703125 0.0390625 0.19375
0 0.3734375 0.30703125 0.025 0.10625
0 0.36015625 0.31171875 0.021875 0.1109375
0 0.3203125 0.31875 0.0234375 0.121875
0 0.0265625 0.30625 0.01875 0.0921875
0 0.059375 0.32890625 0.028125 0.134375
0 0.39609375 0.29140625 0.0109375 0.059375
0 0.35078125 0.28671875 0.0125 0.0546875