0 0.47578125 0.43203125 0.0375 0.159375
0 0.4171875 0.4109375 0.025 0.11875
0 0.35234375 0.4109375 0.0203125 0.1015625
0 0.95625 0.596875 0.0875 0.5234375
0 0.02109375 0.4546875 0.0421875 0.2171875
0 0.23046875 0.41875 0.0328125 0.13125
0 0.40234375 0.41015625 0.021875 0.1078125
0 0.09921875 0.43046875 0.03125 0.134375
0 0.5015625 0.4078125 0.0296875 0.134375
0 0.45 0.40390625 0.0171875 0.103125
0 0.215625 0.41015625 0.0171875 0.090625
0 0.2046875 0.4125 0.0140625 0.075
0 0.3625 0.39296875 0.0140625 0.0640625
0 0.046875 0.42265625 0.01875 0.096875
0 0.31484375 0.4046875 0.01875 0.0484375
0 0.32265625 0.403125 0.015625 0.0453125
0 0.7171875 0.41875 0.0265625 0.1265625