0 0.49140625 0.4140625 0.0375 0.15625
0 0.43359375 0.384375 0.028125 0.1296875
0 0.40703125 0.39140625 0.025 0.13125
0 0.7734375 0.60625 0.1125 0.621875
0 0.91796875 0.6015625 0.14375 0.6390625
0 0.30234375 0.390625 0.040625 0.159375
0 0.46796875 0.384375 0.021875 0.1109375
0 0.16171875 0.38984375 0.025 0.1203125
0 0.6109375 0.41484375 0.0421875 0.228125
0 0.51640625 0.38046875 0.01875 0.10625
0 0.23125 0.38046875 0.021875 0.115625
0 0.2171875 0.38203125 0.0171875 0.0921875
0 0.0515625 0.36171875 0.0140625 0.065625
0 0.0734375 0.38046875 0.021875 0.103125
0 0.38046875 0.37578125 0.01875 0.05
0 0.85 0.434375 0.0375 0.1671875