0 0.609375 0.36875 0.0328125 0.1359375
0 0.43828125 0.37109375 0.03125 0.1515625
0 0.21640625 0.45078125 0.1140625 0.4484375
0 0.4921875 0.375 0.0296875 0.140625
0 0.5765625 0.3421875 0.0171875 0.0734375
0 0.653125 0.38359375 0.0359375 0.2453125
0 0.3296875 0.36171875 0.021875 0.0953125
0 0.63828125 0.38671875 0.034375 0.215625
0 0.01640625 0.38203125 0.0328125 0.1453125
0 0.51484375 0.34140625 0.0140625 0.0609375
0 0.5390625 0.340625 0.0109375 0.0390625
0 0.52421875 0.3359375 0.0109375 0.04375
0 0.47109375 0.36328125 0.0234375 0.0703125
0 0.34609375 0.34375 0.015625 0.0671875
0 0.31796875 0.34765625 0.01875 0.0765625
0 0.3609375 0.34609375 0.0125 0.0609375
0 0.36796875 0.34921875 0.0125 0.059375