0 0.58984375 0.34375 0.0359375 0.1515625
0 0.490625 0.33203125 0.03125 0.1390625
0 0.471875 0.34140625 0.0359375 0.1640625
0 0.8015625 0.56171875 0.121875 0.690625
0 0.93203125 0.5578125 0.1359375 0.7421875
0 0.32109375 0.346875 0.0546875 0.2046875
0 0.5046875 0.33359375 0.0234375 0.121875
0 0.525 0.30390625 0.0125 0.0453125
0 0.5578125 0.321875 0.0265625 0.128125
0 0.28046875 0.3265625 0.025 0.10625
0 0.6171875 0.32421875 0.01875 0.10625
0 0.22734375 0.3390625 0.0328125 0.1640625
0 0.2109375 0.346875 0.025 0.14375
0 0.44140625 0.32578125 0.025 0.10625
0 0.08515625 0.31171875 0.01875 0.075
0 0.1109375 0.334375 0.0234375 0.1171875
0 0.4046875 0.30859375 0.0125 0.05625
0 0.3953125 0.3078125 0.0078125 0.0609375
0 0.3578125 0.31171875 0.0125 0.0546875
0 0.38515625 0.3015625 0.0125 0.05