0 0.59296875 0.3234375 0.03125 0.1375
0 0.41171875 0.328125 0.03125 0.1609375
0 0.44765625 0.33125 0.0296875 0.146875
0 0.621875 0.3140625 0.0234375 0.1140625
0 0.7671875 0.38359375 0.0625 0.415625
0 0.36953125 0.32109375 0.021875 0.1046875
0 0.7375 0.3765625 0.0515625 0.35
0 0.52734375 0.29921875 0.0171875 0.0640625
0 0.06484375 0.4109375 0.05625 0.3265625
0 0.10703125 0.3109375 0.01875 0.078125
0 0.5546875 0.30078125 0.0125 0.053125
0 0.54296875 0.296875 0.0109375 0.0515625
0 0.4765625 0.33046875 0.025 0.08125
0 0.4953125 0.3328125 0.025 0.0828125
0 0.3140625 0.296875 0.0125 0.046875
0 0.321875 0.30078125 0.0109375 0.046875
0 0.33515625 0.29453125 0.0109375 0.0390625
0 0.3390625 0.29453125 0.0109375 0.04375
0 0.3859375 0.30859375 0.0109375 0.0578125
0 0.35 0.2953125 0.009375 0.0359375
0 0.35625 0.29453125 0.0109375 0.0328125