0 0.73515625 0.48828125 0.0453125 0.2453125
0 0.334375 0.490625 0.0484375 0.2
0 0.61953125 0.440625 0.025 0.1140625
0 0.22421875 0.48203125 0.040625 0.171875
0 0.26328125 0.48828125 0.0328125 0.1640625
0 0.475 0.446875 0.021875 0.10625
0 0.5890625 0.44296875 0.0203125 0.1
0 0.2890625 0.48359375 0.0328125 0.16875
0 0.56015625 0.4359375 0.015625 0.0765625
0 0.171875 0.43203125 0.015625 0.0640625
0 0.5984375 0.44140625 0.015625 0.09375
0 0.4125 0.43515625 0.0109375 0.0609375
0 0.40859375 0.434375 0.0109375 0.053125
0 0.42265625 0.44375 0.0109375 0.065625
0 0.39609375 0.4359375 0.0125 0.053125
0 0.38203125 0.43359375 0.0125 0.0578125
0 0.3640625 0.440625 0.0109375 0.0515625
0 0.81796875 0.45625 0.021875 0.1