0 0.6046875 0.35078125 0.0328125 0.1453125
0 0.5125 0.33828125 0.0265625 0.1375
0 0.496875 0.3484375 0.0328125 0.1609375
0 0.80859375 0.5765625 0.125 0.671875
0 0.9453125 0.57265625 0.109375 0.7296875
0 0.353125 0.35234375 0.04375 0.2
0 0.52421875 0.33828125 0.0234375 0.121875
0 0.55 0.3125 0.0109375 0.04375
0 0.0171875 0.36953125 0.034375 0.18125
0 0.57578125 0.334375 0.028125 0.1296875
0 0.2953125 0.3296875 0.025 0.10625
0 0.64140625 0.33046875 0.01875 0.10625
0 0.25859375 0.340625 0.03125 0.1609375
0 0.24140625 0.3484375 0.021875 0.1390625
0 0.46640625 0.33203125 0.021875 0.1046875
0 0.1265625 0.30859375 0.0140625 0.071875
0 0.14296875 0.3359375 0.0234375 0.1140625
0 0.43046875 0.31171875 0.0125 0.05625
0 0.415625 0.31171875 0.009375 0.0609375
0 0.38359375 0.315625 0.0125 0.0546875
0 0.39921875 0.31328125 0.0125 0.0484375