0 0.44140625 0.44296875 0.0375 0.159375
0 0.3828125 0.41171875 0.025 0.11875
0 0.29765625 0.4140625 0.01875 0.096875
0 0.9421875 0.59140625 0.096875 0.5046875
0 0.1984375 0.421875 0.03125 0.1296875
0 0.3640625 0.42109375 0.021875 0.1078125
0 0.04140625 0.4390625 0.03125 0.134375
0 0.39921875 0.4140625 0.015625 0.103125
0 0.17265625 0.41328125 0.0171875 0.0875
0 0.1640625 0.41796875 0.0140625 0.071875
0 0.15234375 0.40390625 0.0125 0.053125
0 0.31640625 0.4015625 0.0140625 0.0640625
0 0.26171875 0.4078125 0.01875 0.0453125
0 0.27890625 0.41328125 0.015625 0.0453125
0 0.66171875 0.4265625 0.0234375 0.115625