0 0.60234375 0.35625 0.03125 0.134375
0 0.4 0.35625 0.03125 0.1625
0 0.44609375 0.3671875 0.0296875 0.15
0 0.6703125 0.35546875 0.0375 0.14375
0 0.92421875 0.49296875 0.1 0.6640625
0 0.865625 0.46640625 0.0921875 0.5359375
0 0.54453125 0.3328125 0.0171875 0.0640625
0 0.02890625 0.3390625 0.0203125 0.1015625
0 0.05390625 0.33828125 0.0203125 0.103125
0 0.578125 0.33671875 0.0125 0.053125
0 0.56328125 0.3359375 0.0125 0.0578125
0 0.48828125 0.3671875 0.0296875 0.096875
0 0.51015625 0.371875 0.0265625 0.090625
0 0.3203125 0.325 0.0140625 0.0515625
0 0.33046875 0.3265625 0.0125 0.0453125
0 0.3375 0.321875 0.0125 0.04375
0 0.346875 0.31875 0.0125 0.0453125
0 0.3796875 0.33671875 0.015625 0.05625
0 0.35625 0.32265625 0.0109375 0.0390625
0 0.36484375 0.321875 0.0125 0.0390625