0 0.57265625 0.3890625 0.0359375 0.1515625
0 0.5125 0.375 0.028125 0.134375
0 0.48828125 0.37109375 0.0265625 0.1453125
0 0.7765625 0.603125 0.1203125 0.6484375
0 0.91484375 0.62578125 0.159375 0.7
0 0.3625 0.371875 0.0421875 0.18125
0 0.02109375 0.384375 0.0421875 0.1796875
0 0.5578125 0.3671875 0.0234375 0.1203125
0 0.61640625 0.365625 0.01875 0.10625
0 0.29140625 0.35546875 0.025 0.125
0 0.27734375 0.359375 0.021875 0.1109375
0 0.13984375 0.328125 0.0140625 0.0703125
0 0.15234375 0.35 0.021875 0.10625
0 0.47265625 0.353125 0.01875 0.05
0 0.16640625 0.33203125 0.015625 0.065625
0 0.41640625 0.34140625 0.0125 0.059375
0 0.40546875 0.340625 0.009375 0.059375
0 0.38359375 0.3390625 0.0125 0.046875