0 0.46640625 0.359375 0.03125 0.15
0 0.22265625 0.42265625 0.0921875 0.3703125
0 0.5140625 0.359375 0.025 0.1375
0 0.5796875 0.3296875 0.015625 0.0671875
0 0.64765625 0.371875 0.028125 0.203125
0 0.34765625 0.34921875 0.021875 0.09375
0 0.6359375 0.365625 0.0265625 0.1859375
0 0.1453125 0.36953125 0.0375 0.134375
0 0.10703125 0.3765625 0.05 0.15
0 0.5265625 0.328125 0.0140625 0.059375
0 0.284375 0.3703125 0.025 0.1578125
0 0.54765625 0.32890625 0.009375 0.0390625
0 0.5359375 0.3234375 0.009375 0.0421875
0 0.4875 0.353125 0.025 0.0640625
0 0.50390625 0.35546875 0.021875 0.0640625
0 0.384375 0.3390625 0.015625 0.0671875
0 0.365625 0.33359375 0.015625 0.078125