0 0.64375 0.353125 0.03125 0.1453125
0 0.4625 0.34609375 0.03125 0.146875
0 0.19765625 0.403125 0.0921875 0.35625
0 0.50859375 0.353125 0.0296875 0.1375
0 0.5734375 0.32734375 0.0125 0.065625
0 0.63515625 0.365625 0.0265625 0.1890625
0 0.33828125 0.33125 0.021875 0.09375
0 0.15234375 0.346875 0.03125 0.14375
0 0.525 0.32578125 0.0140625 0.059375
0 0.29921875 0.35625 0.0234375 0.146875
0 0.54140625 0.31875 0.009375 0.0390625
0 0.48125 0.340625 0.025 0.0640625
0 0.3890625 0.321875 0.015625 0.0671875
0 0.36875 0.31640625 0.015625 0.075
0 0.37265625 0.32421875 0.0125 0.0609375