0 0.61796875 0.3625 0.034375 0.15
0 0.45703125 0.34140625 0.0296875 0.140625
0 0.3828125 0.384375 0.0578125 0.259375
0 0.95078125 0.6109375 0.0984375 0.7484375
0 0.209375 0.3734375 0.0671875 0.2578125
0 0.49375 0.3546875 0.0296875 0.1265625
0 0.52890625 0.32265625 0.0125 0.0546875
0 0.57109375 0.346875 0.0265625 0.1515625
0 0.29765625 0.32890625 0.021875 0.1015625
0 0.65078125 0.33828125 0.0203125 0.115625
0 0.02890625 0.38515625 0.0578125 0.2703125
0 0.3265625 0.340625 0.0203125 0.109375
0 0.31015625 0.346875 0.0234375 0.121875
0 0.3453125 0.325 0.0109375 0.0609375