0 0.60390625 0.35078125 0.03125 0.1359375
0 0.39921875 0.3484375 0.03125 0.1625
0 0.44609375 0.3546875 0.0296875 0.1484375
0 0.66328125 0.34375 0.03125 0.134375
0 0.88828125 0.46015625 0.0875 0.6
0 0.83671875 0.44296875 0.08125 0.4921875
0 0.540625 0.3203125 0.015625 0.0640625
0 0.00625 0.325 0.0125 0.128125
0 0.0359375 0.3265625 0.0203125 0.1
0 0.06328125 0.32578125 0.021875 0.1015625
0 0.57265625 0.32421875 0.0125 0.053125
0 0.56015625 0.32421875 0.0125 0.0578125
0 0.4859375 0.3546875 0.0296875 0.0953125
0 0.50625 0.3625 0.0265625 0.090625
0 0.3171875 0.31328125 0.0140625 0.0515625
0 0.32890625 0.31875 0.0125 0.0453125
0 0.34375 0.31015625 0.0125 0.0453125
0 0.378125 0.3234375 0.015625 0.0578125
0 0.3546875 0.31171875 0.0109375 0.0390625
0 0.3640625 0.3109375 0.0125 0.0390625