0 0.63515625 0.35546875 0.03125 0.14375
0 0.46171875 0.34609375 0.0296875 0.1453125
0 0.25390625 0.43046875 0.0984375 0.421875
0 0.97109375 0.65078125 0.0578125 0.6984375
0 0.5015625 0.3484375 0.0296875 0.13125
0 0.55390625 0.32734375 0.015625 0.059375
0 0.60078125 0.35390625 0.028125 0.1609375
0 0.321875 0.33671875 0.021875 0.1015625
0 0.60625 0.36328125 0.0234375 0.1515625
0 0.7125 0.346875 0.0203125 0.1140625
0 0.3078125 0.3609375 0.021875 0.134375
0 0.00546875 0.36015625 0.0109375 0.1515625
0 0.5203125 0.32734375 0.009375 0.0390625
0 0.484375 0.3484375 0.01875 0.0578125
0 0.39453125 0.32578125 0.015625 0.0640625
0 0.371875 0.321875 0.015625 0.0734375
0 0.359375 0.3265625 0.0125 0.0609375