0 0.52265625 0.41640625 0.0359375 0.1546875
0 0.47265625 0.39375 0.028125 0.1296875
0 0.446875 0.39609375 0.025 0.134375
0 0.784375 0.6359375 0.1171875 0.6375
0 0.92578125 0.62578125 0.146875 0.6578125
0 0.33203125 0.40390625 0.04375 0.1625
0 0.50703125 0.39296875 0.025 0.1171875
0 0.209375 0.39140625 0.0265625 0.1171875
0 0.66796875 0.4390625 0.046875 0.2578125
0 0.55859375 0.39140625 0.01875 0.10625
0 0.2671875 0.38671875 0.0234375 0.121875
0 0.25234375 0.39296875 0.0171875 0.1015625
0 0.09765625 0.36875 0.0140625 0.065625
0 0.1140625 0.38671875 0.021875 0.10625
0 0.42265625 0.384375 0.015625 0.0484375
0 0.12421875 0.36796875 0.015625 0.0640625
0 0.36484375 0.37109375 0.0125 0.05625