0 0.44453125 0.44296875 0.0375 0.159375
0 0.38046875 0.41328125 0.025 0.11875
0 0.29375 0.40859375 0.01875 0.09375
0 0.93828125 0.603125 0.1234375 0.49375
0 0.20234375 0.41875 0.0234375 0.1265625
0 0.359375 0.42109375 0.021875 0.1078125
0 0.3953125 0.4125 0.015625 0.103125
0 0.16875 0.409375 0.0171875 0.0875
0 0.1578125 0.4171875 0.0140625 0.0703125
0 0.14765625 0.403125 0.0140625 0.05625
0 0.315625 0.39765625 0.0140625 0.0640625
0 0.25859375 0.40390625 0.0203125 0.0453125
0 0.271875 0.40859375 0.015625 0.0453125
0 0.65546875 0.42578125 0.0234375 0.115625