0 0.63125 0.37890625 0.0296875 0.121875
0 0.42734375 0.3890625 0.0328125 0.1671875
0 0.46875 0.3921875 0.034375 0.1484375
0 0.734375 0.384375 0.0453125 0.1765625
0 0.57421875 0.35234375 0.0171875 0.0640625
0 0.01171875 0.38203125 0.0234375 0.1078125
0 0.0375 0.3765625 0.021875 0.1109375
0 0.6140625 0.35546875 0.015625 0.0578125
0 0.59296875 0.35390625 0.0125 0.0640625
0 0.51875 0.39453125 0.03125 0.1015625
0 0.54296875 0.403125 0.0328125 0.0984375
0 0.34609375 0.35625 0.0140625 0.053125
0 0.35703125 0.35625 0.0125 0.046875
0 0.36953125 0.34921875 0.0125 0.046875
0 0.4046875 0.35703125 0.015625 0.0546875
0 0.38359375 0.3484375 0.0109375 0.0390625
0 0.39140625 0.34921875 0.0125 0.0390625