0 0.60859375 0.36875 0.03125 0.1296875
0 0.43515625 0.36953125 0.03125 0.1484375
0 0.225 0.4421875 0.1140625 0.4265625
0 0.490625 0.3734375 0.028125 0.140625
0 0.5703125 0.3453125 0.0171875 0.071875
0 0.64375 0.38828125 0.0421875 0.2328125
0 0.32734375 0.35625 0.021875 0.09375
0 0.040625 0.384375 0.0390625 0.1421875
0 0.51171875 0.34453125 0.0140625 0.059375
0 0.5328125 0.3390625 0.0109375 0.0390625
0 0.51953125 0.33671875 0.0109375 0.04375
0 0.4671875 0.36875 0.0234375 0.06875
0 0.3484375 0.3515625 0.015625 0.0671875
0 0.359375 0.3484375 0.0125 0.0578125
0 0.3703125 0.35078125 0.0125 0.059375