0 0.62421875 0.34453125 0.03125 0.13125
0 0.44765625 0.346875 0.03125 0.1640625
0 0.07109375 0.54609375 0.1421875 0.675
0 0.48515625 0.35078125 0.0265625 0.14375
0 0.73828125 0.39296875 0.05 0.334375
0 0.3796875 0.3390625 0.0203125 0.1015625
0 0.7171875 0.39296875 0.0453125 0.2890625
0 0.54765625 0.32421875 0.015625 0.0609375
0 0.18125 0.40625 0.053125 0.2640625
0 0.15078125 0.32109375 0.015625 0.0765625
0 0.57265625 0.32109375 0.0109375 0.046875
0 0.56171875 0.3234375 0.0109375 0.0515625
0 0.51484375 0.35078125 0.0234375 0.075
0 0.33125 0.33046875 0.0171875 0.0671875
0 0.3953125 0.3234375 0.0125 0.059375
0 0.40390625 0.32578125 0.0125 0.059375