0 0.5140625 0.415625 0.034375 0.1484375
0 0.46328125 0.3921875 0.0234375 0.1265625
0 0.43203125 0.39375 0.028125 0.1375
0 0.7859375 0.6234375 0.1046875 0.625
0 0.9265625 0.60390625 0.1171875 0.6359375
0 0.3234375 0.403125 0.046875 0.1625
0 0.19609375 0.39375 0.0265625 0.11875
0 0.64765625 0.43203125 0.0453125 0.2453125
0 0.54609375 0.3875 0.01875 0.10625
0 0.2578125 0.38515625 0.025 0.1203125
0 0.24609375 0.39296875 0.015625 0.1015625
0 0.49140625 0.3890625 0.021875 0.096875
0 0.08125 0.3671875 0.0140625 0.065625
0 0.1 0.3890625 0.0203125 0.10625
0 0.4078125 0.38125 0.0171875 0.05
0 0.41953125 0.3859375 0.015625 0.0453125
0 0.11171875 0.36953125 0.015625 0.0640625
0 0.35078125 0.36875 0.0125 0.0546875