0 0.51640625 0.415625 0.03125 0.140625
0 0.46171875 0.39296875 0.0203125 0.1234375
0 0.42890625 0.39375 0.028125 0.1375
0 0.78671875 0.6203125 0.090625 0.6171875
0 0.92421875 0.60625 0.1265625 0.6390625
0 0.3203125 0.403125 0.040625 0.159375
0 0.46875 0.3953125 0.0203125 0.1078125
0 0.19375 0.39453125 0.0265625 0.11875
0 0.64375 0.43046875 0.04375 0.24375
0 0.54296875 0.3875 0.01875 0.10625
0 0.25390625 0.384375 0.0234375 0.11875
0 0.2421875 0.39140625 0.015625 0.1
0 0.49140625 0.3890625 0.021875 0.096875
0 0.078125 0.36640625 0.0140625 0.065625
0 0.09765625 0.38984375 0.021875 0.10625
0 0.40546875 0.38125 0.01875 0.05
0 0.41640625 0.3859375 0.015625 0.0453125
0 0.346875 0.36875 0.0125 0.0546875