0 0.61328125 0.365625 0.0328125 0.1453125
0 0.43671875 0.36640625 0.03125 0.15
0 0.22109375 0.434375 0.1109375 0.4109375
0 0.48828125 0.375 0.0296875 0.140625
0 0.5640625 0.34140625 0.0171875 0.065625
0 0.63671875 0.38046875 0.028125 0.221875
0 0.32265625 0.3546875 0.021875 0.0953125
0 0.06875 0.38125 0.0359375 0.140625
0 0.51015625 0.3390625 0.015625 0.059375
0 0.528125 0.334375 0.0109375 0.0390625
0 0.46484375 0.36015625 0.025 0.065625
0 0.35 0.3453125 0.015625 0.0671875
0 0.36171875 0.34453125 0.0125 0.059375