0 0.621875 0.3484375 0.03125 0.1390625
0 0.44296875 0.3453125 0.03125 0.1640625
0 0.0625 0.55859375 0.125 0.6828125
0 0.47890625 0.353125 0.0296875 0.1453125
0 0.73828125 0.39609375 0.0515625 0.3375
0 0.378125 0.33984375 0.021875 0.1015625
0 0.71796875 0.39296875 0.046875 0.290625
0 0.54765625 0.32421875 0.015625 0.0609375
0 0.178125 0.40703125 0.059375 0.2640625
0 0.14296875 0.31953125 0.015625 0.075
0 0.14765625 0.31875 0.0140625 0.0765625
0 0.571875 0.32109375 0.0109375 0.046875
0 0.55859375 0.3234375 0.0109375 0.0546875
0 0.4953125 0.34375 0.0234375 0.075
0 0.51328125 0.35078125 0.0234375 0.075
0 0.3265625 0.328125 0.0171875 0.065625
0 0.39375 0.3265625 0.0125 0.0609375
0 0.40234375 0.32578125 0.0125 0.059375