0 0.46875 0.39140625 0.0375 0.1546875
0 0.41484375 0.37421875 0.028125 0.128125
0 0.38046875 0.3734375 0.025 0.1296875
0 0.78125 0.58984375 0.109375 0.609375
0 0.91015625 0.584375 0.1375 0.621875
0 0.28671875 0.375 0.04375 0.15625
0 0.42421875 0.3734375 0.021875 0.1140625
0 0.43984375 0.36015625 0.025 0.1140625
0 0.12890625 0.365625 0.028125 0.1203125
0 0.57890625 0.39375 0.0390625 0.2109375
0 0.490625 0.3625 0.01875 0.10625
0 0.21171875 0.3609375 0.021875 0.1140625
0 0.2015625 0.36953125 0.0171875 0.0890625
0 0.24609375 0.34609375 0.015625 0.059375
0 0.4015625 0.3484375 0.0140625 0.0640625
0 0.021875 0.34140625 0.0140625 0.065625
0 0.04609375 0.36640625 0.0203125 0.1
0 0.353125 0.36171875 0.01875 0.05
0 0.36328125 0.35859375 0.015625 0.0453125
0 0.06015625 0.35078125 0.015625 0.0640625