0 0.60546875 0.37421875 0.03125 0.1359375
0 0.43359375 0.3734375 0.03125 0.1515625
0 0.20625 0.459375 0.1015625 0.4578125
0 0.49140625 0.37578125 0.0296875 0.14375
0 0.57734375 0.34765625 0.015625 0.075
0 0.65390625 0.39296875 0.0375 0.25
0 0.3296875 0.365625 0.0203125 0.096875
0 0.63828125 0.39375 0.034375 0.21875
0 0.0078125 0.38046875 0.015625 0.1453125
0 0.51328125 0.34453125 0.015625 0.0609375
0 0.5375 0.3421875 0.0109375 0.0390625
0 0.521875 0.34375 0.009375 0.0453125
0 0.46953125 0.36875 0.0234375 0.0703125
0 0.3375 0.346875 0.015625 0.0671875
0 0.31328125 0.34765625 0.01875 0.0765625
0 0.35703125 0.34765625 0.0125 0.0609375
0 0.36640625 0.34921875 0.0125 0.059375