0 0.4421875 0.44375 0.0375 0.159375
0 0.38359375 0.41328125 0.025 0.11875
0 0.3 0.41484375 0.01875 0.096875
0 0.9421875 0.5890625 0.090625 0.50625
0 0.01015625 0.45234375 0.0203125 0.209375
0 0.19921875 0.4234375 0.03125 0.1296875
0 0.365625 0.42109375 0.021875 0.1078125
0 0.04296875 0.44140625 0.03125 0.134375
0 0.40078125 0.415625 0.0171875 0.103125
0 0.1734375 0.4140625 0.0171875 0.0875
0 0.1578125 0.40625 0.009375 0.05
0 0.31875 0.40234375 0.0140625 0.0640625
0 0.2640625 0.409375 0.0171875 0.0453125
0 0.28046875 0.4140625 0.015625 0.0453125
0 0.66328125 0.4265625 0.0234375 0.115625