0 0.5953125 0.32421875 0.0328125 0.13125
0 0.41015625 0.32890625 0.0328125 0.1609375
0 0.446875 0.33046875 0.0296875 0.146875
0 0.6203125 0.31015625 0.028125 0.1109375
0 0.7703125 0.3859375 0.0640625 0.4203125
0 0.36953125 0.32109375 0.021875 0.1046875
0 0.73984375 0.3765625 0.0515625 0.353125
0 0.5265625 0.2984375 0.015625 0.0640625
0 0.0609375 0.4125 0.05625 0.3296875
0 0.10546875 0.3109375 0.01875 0.0796875
0 0.5546875 0.2984375 0.0125 0.053125
0 0.54296875 0.2953125 0.0109375 0.0515625
0 0.47578125 0.328125 0.025 0.0828125
0 0.4953125 0.33203125 0.025 0.0828125
0 0.3125 0.2953125 0.0140625 0.046875
0 0.32109375 0.29921875 0.0109375 0.046875
0 0.3375 0.29375 0.0109375 0.04375
0 0.3859375 0.30625 0.0109375 0.05625
0 0.34921875 0.29453125 0.009375 0.0359375
0 0.35546875 0.29375 0.0109375 0.034375