0 0.60546875 0.3765625 0.0328125 0.1390625
0 0.43359375 0.37890625 0.03125 0.15625
0 0.1734375 0.48046875 0.1359375 0.5
0 0.48984375 0.378125 0.0296875 0.14375
0 0.5859375 0.35078125 0.01875 0.078125
0 0.6703125 0.3984375 0.040625 0.265625
0 0.3390625 0.3671875 0.0203125 0.096875
0 0.6578125 0.39921875 0.0390625 0.2328125
0 0.52265625 0.3515625 0.015625 0.0609375
0 0.54609375 0.34375 0.0109375 0.0390625
0 0.53125 0.33984375 0.0109375 0.04375
0 0.47421875 0.37421875 0.0234375 0.0703125
0 0.365625 0.35234375 0.0125 0.0609375
0 0.37578125 0.35390625 0.0125 0.059375