0 0.4515625 0.44453125 0.0375 0.1515625
0 0.3875 0.41640625 0.021875 0.115625
0 0.29375 0.41171875 0.01875 0.090625
0 0.9671875 0.58515625 0.065625 0.484375
0 0.21484375 0.42109375 0.025 0.125
0 0.36484375 0.4203125 0.021875 0.1078125
0 0.3984375 0.4125 0.0171875 0.103125
0 0.1765625 0.41015625 0.0171875 0.0859375
0 0.165625 0.41796875 0.015625 0.0703125
0 0.19375 0.421875 0.0171875 0.0890625
0 0.153125 0.40546875 0.009375 0.05625
0 0.32109375 0.40078125 0.0140625 0.0640625
0 0.2640625 0.4109375 0.0203125 0.0453125
0 0.27421875 0.41328125 0.015625 0.0453125
0 0.65546875 0.43125 0.0234375 0.1140625