0 0.62265625 0.36328125 0.03125 0.134375
0 0.4484375 0.359375 0.03125 0.1609375
0 0.10234375 0.52578125 0.175 0.5828125
0 0.49296875 0.36015625 0.0265625 0.1453125
0 0.7203125 0.39375 0.0484375 0.309375
0 0.371875 0.3515625 0.0203125 0.1
0 0.7046875 0.38828125 0.0453125 0.2734375
0 0.5453125 0.33046875 0.015625 0.0609375
0 0.1953125 0.40703125 0.0328125 0.2515625
0 0.5703125 0.33125 0.009375 0.046875
0 0.55625 0.3265625 0.0109375 0.0515625
0 0.51484375 0.3640625 0.0234375 0.071875
0 0.3359375 0.3390625 0.0171875 0.065625
0 0.38984375 0.33125 0.0125 0.0609375
0 0.3984375 0.334375 0.0125 0.059375