0 0.75078125 0.56640625 0.1125 0.4640625
0 0.496875 0.46953125 0.0375 0.15625
0 0.409375 0.440625 0.0234375 0.1109375
0 0.04140625 0.4953125 0.0453125 0.19375
0 0.28203125 0.44140625 0.01875 0.0828125
0 0.0625 0.4765625 0.0390625 0.18125
0 0.26875 0.4484375 0.025 0.1203125
0 0.38359375 0.44609375 0.0203125 0.1046875
0 0.0078125 0.5 0.015625 0.1875
0 0.37421875 0.43203125 0.01875 0.0859375
0 0.44375 0.4359375 0.021875 0.1078125
0 0.33046875 0.428125 0.0140625 0.0640625
0 0.6484375 0.4484375 0.021875 0.10625