0 0.60390625 0.33203125 0.03125 0.13125
0 0.41015625 0.3390625 0.0328125 0.1609375
0 0.4578125 0.33828125 0.028125 0.1484375
0 0.64765625 0.31875 0.028125 0.1171875
0 0.8234375 0.40625 0.0703125 0.4859375
0 0.38515625 0.32265625 0.0234375 0.103125
0 0.784375 0.3984375 0.065625 0.4109375
0 0.54140625 0.31015625 0.0171875 0.0640625
0 0.0234375 0.43359375 0.046875 0.3515625
0 0.05234375 0.33203125 0.0421875 0.1265625
0 0.07421875 0.3265625 0.01875 0.0890625
0 0.09921875 0.32421875 0.0203125 0.0921875
0 0.57109375 0.30390625 0.0125 0.053125
0 0.55703125 0.30078125 0.0125 0.05625
0 0.4890625 0.3390625 0.028125 0.09375
0 0.50859375 0.34921875 0.0265625 0.090625
0 0.32421875 0.30546875 0.0125 0.05
0 0.3328125 0.30859375 0.0109375 0.0453125
0 0.34375 0.30078125 0.0125 0.0421875
0 0.35 0.30078125 0.0125 0.0421875
0 0.36015625 0.303125 0.0109375 0.0375
0 0.3703125 0.3015625 0.0109375 0.0390625