0 0.59609375 0.346875 0.03125 0.140625
0 0.5 0.334375 0.025 0.1375
0 0.48359375 0.34609375 0.034375 0.165625
0 0.80078125 0.55859375 0.125 0.6609375
0 0.93984375 0.553125 0.1203125 0.734375
0 0.33828125 0.35078125 0.04375 0.2
0 0.51328125 0.33671875 0.0234375 0.121875
0 0.53671875 0.309375 0.0125 0.04375
0 0.56640625 0.328125 0.021875 0.1265625
0 0.28828125 0.32890625 0.025 0.10625
0 0.6265625 0.328125 0.01875 0.10625
0 0.24296875 0.3390625 0.03125 0.1609375
0 0.22578125 0.34921875 0.021875 0.140625
0 0.45390625 0.33046875 0.021875 0.1046875
0 0.1046875 0.3109375 0.0171875 0.075
0 0.12890625 0.33515625 0.0234375 0.115625
0 0.41640625 0.3109375 0.0125 0.05625
0 0.40703125 0.31015625 0.009375 0.0609375
0 0.37109375 0.31484375 0.0125 0.0546875
0 0.39375 0.30859375 0.0125 0.0484375