0 0.6265625 0.34453125 0.0328125 0.134375
0 0.45078125 0.3515625 0.03125 0.1640625
0 0.08515625 0.52890625 0.1703125 0.6546875
0 0.4921875 0.353125 0.028125 0.1453125
0 0.7375 0.39296875 0.059375 0.3296875
0 0.378125 0.340625 0.0203125 0.1
0 0.71328125 0.3890625 0.046875 0.2828125
0 0.54921875 0.32421875 0.015625 0.0609375
0 0.18984375 0.40390625 0.040625 0.2578125
0 0.57421875 0.321875 0.0109375 0.046875
0 0.56171875 0.315625 0.0109375 0.0515625
0 0.52109375 0.35234375 0.0234375 0.0734375
0 0.3359375 0.325 0.0171875 0.0671875
0 0.39609375 0.3234375 0.0125 0.059375
0 0.40390625 0.328125 0.0125 0.059375