0 0.61015625 0.36640625 0.028125 0.13125
0 0.4390625 0.36796875 0.0296875 0.1453125
0 0.2375 0.44609375 0.115625 0.428125
0 0.49375 0.3703125 0.0265625 0.1375
0 0.57265625 0.340625 0.0171875 0.0703125
0 0.64375 0.38359375 0.046875 0.2296875
0 0.33046875 0.35625 0.021875 0.09375
0 0.0328125 0.38203125 0.0390625 0.14375
0 0.51328125 0.34296875 0.0125 0.0609375
0 0.53515625 0.3390625 0.0109375 0.0390625
0 0.52265625 0.334375 0.009375 0.0453125
0 0.4703125 0.36328125 0.0234375 0.0703125
0 0.34765625 0.34921875 0.015625 0.0671875
0 0.32265625 0.34921875 0.01875 0.0765625
0 0.3609375 0.346875 0.0125 0.059375
0 0.36953125 0.34921875 0.0125 0.059375