0 0.6171875 0.36640625 0.0328125 0.1421875
0 0.45234375 0.35390625 0.0296875 0.140625
0 0.35703125 0.39609375 0.0609375 0.2796875
0 0.9546875 0.60859375 0.090625 0.734375
0 0.20078125 0.38828125 0.0671875 0.265625
0 0.48828125 0.36171875 0.03125 0.1265625
0 0.525 0.32890625 0.0125 0.0546875
0 0.56796875 0.35390625 0.028125 0.1546875
0 0.653125 0.34765625 0.0203125 0.1109375
0 0.29140625 0.34609375 0.0234375 0.1140625
0 0.303125 0.35625 0.0234375 0.128125
0 0.01484375 0.36015625 0.028125 0.14375
0 0.46484375 0.3515625 0.01875 0.0578125