0 0.61640625 0.325 0.034375 0.1515625
0 0.4640625 0.31171875 0.0296875 0.140625
0 0.42265625 0.33359375 0.04375 0.2140625
0 0.90078125 0.56328125 0.1140625 0.7359375
0 0.225 0.3390625 0.0546875 0.2265625
0 0.49609375 0.31640625 0.028125 0.125
0 0.53203125 0.2859375 0.0125 0.053125
0 0.56953125 0.309375 0.028125 0.140625
0 0.29453125 0.3140625 0.025 0.10625
0 0.64453125 0.3015625 0.0203125 0.1109375
0 0.109375 0.3484375 0.0546875 0.23125
0 0.0875 0.36171875 0.04375 0.1984375
0 0.3578125 0.3125 0.0234375 0.1109375
0 0.31953125 0.32265625 0.0234375 0.121875
0 0.02734375 0.30625 0.01875 0.09375
0 0.06171875 0.33046875 0.028125 0.134375
0 0.40078125 0.29296875 0.0109375 0.059375
0 0.38515625 0.29140625 0.009375 0.0640625