0 0.60703125 0.34296875 0.03125 0.1359375
0 0.40234375 0.34609375 0.0328125 0.1609375
0 0.44765625 0.35078125 0.0296875 0.1484375
0 0.66171875 0.34140625 0.0296875 0.13125
0 0.8765625 0.453125 0.0828125 0.584375
0 0.825 0.43359375 0.0765625 0.4734375
0 0.54140625 0.3171875 0.0171875 0.0640625
0 0.01171875 0.32109375 0.0234375 0.1296875
0 0.0453125 0.325 0.0203125 0.0984375
0 0.06875 0.321875 0.021875 0.0984375
0 0.57265625 0.3171875 0.0125 0.053125
0 0.559375 0.31953125 0.0125 0.0578125
0 0.48828125 0.3546875 0.0296875 0.0953125
0 0.509375 0.3609375 0.0265625 0.090625
0 0.31875 0.31171875 0.0140625 0.05
0 0.33046875 0.31328125 0.0125 0.0453125
0 0.3453125 0.30703125 0.0125 0.0453125
0 0.37734375 0.31796875 0.015625 0.05625
0 0.35390625 0.30703125 0.009375 0.0390625
0 0.36640625 0.31015625 0.0125 0.0390625