0 0.5125 0.415625 0.0375 0.15625
0 0.46484375 0.39140625 0.028125 0.1296875
0 0.43515625 0.39375 0.028125 0.1390625
0 0.7859375 0.62578125 0.1171875 0.63125
0 0.92890625 0.603125 0.1078125 0.634375
0 0.325 0.403125 0.046875 0.1625
0 0.1984375 0.39296875 0.0265625 0.11875
0 0.6515625 0.43359375 0.046875 0.2484375
0 0.5484375 0.38828125 0.01875 0.10625
0 0.26171875 0.38671875 0.025 0.121875
0 0.24765625 0.39296875 0.015625 0.1015625
0 0.49296875 0.3890625 0.021875 0.096875
0 0.084375 0.3671875 0.0125 0.065625
0 0.103125 0.3890625 0.021875 0.10625
0 0.4109375 0.38203125 0.01875 0.05
0 0.42265625 0.3859375 0.015625 0.0453125
0 0.115625 0.36953125 0.015625 0.0640625
0 0.353125 0.36953125 0.0125 0.0546875