0 0.64375 0.35078125 0.03125 0.1453125
0 0.46171875 0.34375 0.03125 0.146875
0 0.19765625 0.3953125 0.090625 0.3515625
0 0.50859375 0.35078125 0.0296875 0.1375
0 0.571875 0.32578125 0.015625 0.0671875
0 0.63046875 0.36171875 0.028125 0.184375
0 0.33828125 0.3265625 0.021875 0.09375
0 0.525 0.321875 0.0140625 0.059375
0 0.30078125 0.34921875 0.025 0.1453125
0 0.540625 0.315625 0.009375 0.0390625
0 0.53046875 0.31484375 0.0078125 0.0453125
0 0.48046875 0.334375 0.025 0.0625
0 0.38984375 0.31640625 0.015625 0.0671875
0 0.3703125 0.3125 0.015625 0.075