0 0.48203125 0.39609375 0.0375 0.15625
0 0.42890625 0.378125 0.028125 0.125
0 0.384375 0.37890625 0.021875 0.121875
0 0.86875 0.56875 0.1046875 0.584375
0 0.95234375 0.55625 0.0953125 0.5953125
0 0.2953125 0.384375 0.0390625 0.1484375
0 0.44609375 0.36484375 0.01875 0.1
0 0.13046875 0.403125 0.025 0.121875
0 0.56484375 0.38125 0.034375 0.1828125
0 0.22890625 0.38671875 0.0203125 0.1109375
0 0.21640625 0.378125 0.015625 0.0890625
0 0.50703125 0.36796875 0.021875 0.0859375
0 0.259375 0.390625 0.0171875 0.1015625
0 0.2453125 0.36875 0.0140625 0.05625
0 0.3984375 0.36328125 0.0140625 0.0640625
0 0.03359375 0.37734375 0.0125 0.065625
0 0.06640625 0.39140625 0.021875 0.1
0 0.34921875 0.371875 0.01875 0.0484375
0 0.36484375 0.37109375 0.015625 0.0453125
0 0.790625 0.39140625 0.028125 0.1515625