0 0.6125 0.3765625 0.03125 0.1328125
0 0.40625 0.37421875 0.0328125 0.165625
0 0.44765625 0.38984375 0.0296875 0.1484375
0 0.69296875 0.38125 0.0375 0.15
0 0.93671875 0.50703125 0.115625 0.6171875
0 0.55390625 0.3578125 0.015625 0.0640625
0 0.01953125 0.37109375 0.021875 0.1015625
0 0.0484375 0.36640625 0.0296875 0.1046875
0 0.58984375 0.36015625 0.0140625 0.0546875
0 0.571875 0.35546875 0.0125 0.0578125
0 0.4953125 0.38984375 0.03125 0.1015625
0 0.51953125 0.39453125 0.03125 0.0953125
0 0.328125 0.35625 0.0140625 0.053125
0 0.3390625 0.35546875 0.0125 0.0453125
0 0.35390625 0.34921875 0.0125 0.046875
0 0.3875 0.3578125 0.015625 0.053125
0 0.36328125 0.34765625 0.0109375 0.0390625
0 0.371875 0.34921875 0.0125 0.0390625