0 0.465625 0.3859375 0.0375 0.15625
0 0.41328125 0.3703125 0.028125 0.128125
0 0.3796875 0.371875 0.0265625 0.13125
0 0.7921875 0.58515625 0.109375 0.60625
0 0.90390625 0.58046875 0.1265625 0.609375
0 0.2875 0.37578125 0.040625 0.1546875
0 0.42421875 0.3703125 0.021875 0.1140625
0 0.44140625 0.36015625 0.0171875 0.109375
0 0.12734375 0.36953125 0.028125 0.121875
0 0.571875 0.38671875 0.0390625 0.2078125
0 0.48828125 0.35859375 0.01875 0.10625
0 0.21328125 0.36328125 0.021875 0.1140625
0 0.2 0.36640625 0.0171875 0.0890625
0 0.24609375 0.3453125 0.015625 0.05625
0 0.39921875 0.34453125 0.0140625 0.0625
0 0.02109375 0.34375 0.0125 0.065625
0 0.04609375 0.3671875 0.0203125 0.1
0 0.34921875 0.35859375 0.01875 0.05
0 0.36171875 0.35546875 0.015625 0.0453125