0 0.45078125 0.36015625 0.03125 0.15
0 0.21875 0.43046875 0.1078125 0.396875
0 0.4984375 0.36171875 0.0265625 0.1359375
0 0.571875 0.33671875 0.015625 0.0625
0 0.64453125 0.37265625 0.0265625 0.215625
0 0.33203125 0.34921875 0.021875 0.09375
0 0.63203125 0.375 0.03125 0.19375
0 0.0984375 0.3703125 0.0375 0.1390625
0 0.03671875 0.37890625 0.0515625 0.159375
0 0.51875 0.3359375 0.0140625 0.059375
0 0.53671875 0.32890625 0.009375 0.0390625
0 0.52421875 0.328125 0.0078125 0.04375
0 0.47578125 0.35546875 0.025 0.065625
0 0.36484375 0.33671875 0.015625 0.0703125
0 0.34296875 0.3390625 0.01875 0.0765625
0 0.375 0.340625 0.0125 0.059375