0 0.62265625 0.33515625 0.034375 0.146875
0 0.4640625 0.32421875 0.0296875 0.140625
0 0.40625 0.34765625 0.05 0.2265625
0 0.940625 0.559375 0.11875 0.7171875
0 0.2125 0.35234375 0.059375 0.240625
0 0.49921875 0.32421875 0.028125 0.125
0 0.53125 0.29453125 0.0125 0.0546875
0 0.57265625 0.32578125 0.0328125 0.146875
0 0.2953125 0.31796875 0.0234375 0.103125
0 0.64765625 0.315625 0.01875 0.109375
0 0.07421875 0.35390625 0.0625 0.25
0 0.04453125 0.37109375 0.053125 0.2140625
0 0.35234375 0.31953125 0.0203125 0.1046875
0 0.3375 0.31953125 0.0234375 0.109375
0 0.31484375 0.3359375 0.0234375 0.121875
0 0.01015625 0.30390625 0.01875 0.09375
0 0.37890625 0.2984375 0.0125 0.065625