0 0.5921875 0.3453125 0.034375 0.1484375
0 0.49609375 0.33359375 0.0296875 0.1390625
0 0.47734375 0.34375 0.0359375 0.165625
0 0.8046875 0.56328125 0.125 0.6875
0 0.93515625 0.55859375 0.1296875 0.7296875
0 0.32890625 0.35 0.053125 0.2015625
0 0.50859375 0.3359375 0.0234375 0.121875
0 0.53046875 0.30703125 0.0125 0.0453125
0 0.28359375 0.328125 0.025 0.10625
0 0.565625 0.3296875 0.0203125 0.11875
0 0.621875 0.32734375 0.01875 0.10625
0 0.234375 0.33828125 0.03125 0.1625
0 0.21796875 0.34765625 0.0234375 0.1421875
0 0.44765625 0.328125 0.0234375 0.1046875
0 0.09609375 0.3109375 0.0171875 0.075
0 0.11953125 0.334375 0.0234375 0.115625
0 0.40859375 0.3109375 0.0125 0.05625
0 0.4015625 0.309375 0.009375 0.0609375
0 0.3625 0.31484375 0.0125 0.0546875
0 0.38984375 0.30546875 0.0125 0.05