0 0.5609375 0.39375 0.0359375 0.1453125
0 0.503125 0.38125 0.025 0.13125
0 0.48046875 0.3765625 0.0234375 0.1390625
0 0.77578125 0.60859375 0.1109375 0.640625
0 0.91796875 0.615625 0.1453125 0.684375
0 0.35546875 0.38046875 0.0359375 0.171875
0 0.5140625 0.37421875 0.021875 0.11875
0 0.0171875 0.39375 0.034375 0.1796875
0 0.546875 0.38046875 0.0265625 0.121875
0 0.2578125 0.36640625 0.0265625 0.1109375
0 0.60390625 0.3734375 0.01875 0.10625
0 0.2875 0.365625 0.0234375 0.121875
0 0.275 0.36953125 0.021875 0.1109375
0 0.5234375 0.3734375 0.0203125 0.09375
0 0.1296875 0.3359375 0.0140625 0.0703125
0 0.14609375 0.359375 0.021875 0.10625
0 0.4625 0.3609375 0.01875 0.05
0 0.15859375 0.34375 0.015625 0.0640625
0 0.4046875 0.35078125 0.0125 0.059375
0 0.39609375 0.346875 0.009375 0.059375
0 0.3734375 0.346875 0.0125 0.046875