0 0.63046875 0.3625 0.03125 0.1453125
0 0.45703125 0.3484375 0.0296875 0.14375
0 0.28203125 0.421875 0.084375 0.378125
0 0.9734375 0.64609375 0.053125 0.7046875
0 0.2234375 0.3859375 0.071875 0.296875
0 0.4984375 0.35 0.028125 0.1296875
0 0.54453125 0.32109375 0.0125 0.0546875
0 0.58984375 0.35546875 0.0328125 0.1625
0 0.6953125 0.3484375 0.021875 0.1140625
0 0.00625 0.35625 0.0125 0.159375
0 0.51484375 0.33046875 0.009375 0.0375
0 0.48046875 0.34296875 0.01875 0.0578125
0 0.39296875 0.321875 0.015625 0.0625
0 0.36796875 0.32265625 0.015625 0.0734375
0 0.35234375 0.32421875 0.0125 0.0609375