0 0.6390625 0.37421875 0.028125 0.13125
0 0.43828125 0.38046875 0.0328125 0.165625
0 0.478125 0.3859375 0.0296875 0.1515625
0 0.77890625 0.3828125 0.05 0.203125
0 0.58828125 0.35234375 0.015625 0.0640625
0 0.0125 0.37890625 0.025 0.1140625
0 0.6109375 0.35390625 0.015625 0.06875
0 0.53125 0.39453125 0.034375 0.109375
0 0.55859375 0.40078125 0.0328125 0.103125
0 0.35546875 0.3484375 0.0140625 0.053125
0 0.365625 0.35234375 0.0125 0.05
0 0.3796875 0.35 0.0125 0.0484375
0 0.415625 0.35390625 0.0171875 0.05625
0 0.39140625 0.34765625 0.0109375 0.0390625
0 0.3984375 0.34453125 0.0125 0.0390625