0 0.73125 0.50234375 0.0421875 0.246875
0 0.31171875 0.496875 0.05 0.2046875
0 0.60234375 0.4484375 0.025 0.10625
0 0.2015625 0.48828125 0.0390625 0.1671875
0 0.2421875 0.4921875 0.0328125 0.1625
0 0.45625 0.45234375 0.021875 0.10625
0 0.57578125 0.453125 0.0203125 0.1
0 0.271875 0.49140625 0.0296875 0.1609375
0 0.54609375 0.4421875 0.01875 0.0796875
0 0.146875 0.44296875 0.015625 0.0640625
0 0.39921875 0.4421875 0.0125 0.0609375
0 0.390625 0.44375 0.0109375 0.053125
0 0.40703125 0.4484375 0.0109375 0.065625
0 0.3796875 0.44140625 0.0109375 0.0546875
0 0.3640625 0.43984375 0.0125 0.0578125
0 0.35234375 0.44453125 0.0109375 0.0515625
0 0.8046875 0.46171875 0.021875 0.1