0 0.625 0.32578125 0.0328125 0.1421875
0 0.4671875 0.315625 0.0296875 0.140625
0 0.41875 0.34296875 0.046875 0.2171875
0 0.92265625 0.56953125 0.1375 0.7390625
0 0.22265625 0.3453125 0.0515625 0.2328125
0 0.5046875 0.31875 0.0265625 0.1234375
0 0.53515625 0.2890625 0.0125 0.0546875
0 0.57421875 0.3140625 0.0234375 0.1421875
0 0.2984375 0.31484375 0.0234375 0.10625
0 0.6484375 0.30625 0.0203125 0.1109375
0 0.1015625 0.353125 0.059375 0.2390625
0 0.0796875 0.365625 0.046875 0.2015625
0 0.353125 0.3140625 0.0234375 0.109375
0 0.31796875 0.32734375 0.0234375 0.121875
0 0.02421875 0.30390625 0.01875 0.09375
0 0.05625 0.32890625 0.028125 0.134375
0 0.384375 0.29296875 0.0109375 0.065625