0 0.73125 0.484375 0.04375 0.2328125
0 0.7546875 0.478125 0.0359375 0.1640625
0 0.34140625 0.4875 0.046875 0.19375
0 0.6234375 0.440625 0.025 0.109375
0 0.2328125 0.48203125 0.040625 0.16875
0 0.27265625 0.48671875 0.03125 0.1609375
0 0.4828125 0.44609375 0.021875 0.10625
0 0.59765625 0.44453125 0.0203125 0.0984375
0 0.296875 0.48203125 0.0296875 0.165625
0 0.56796875 0.43203125 0.0171875 0.0765625
0 0.1796875 0.4359375 0.015625 0.0640625
0 0.42109375 0.43125 0.0109375 0.0625
0 0.41328125 0.4328125 0.0109375 0.053125
0 0.428125 0.4421875 0.0109375 0.065625
0 0.4046875 0.43359375 0.0109375 0.0546875
0 0.38828125 0.43359375 0.0125 0.0578125
0 0.37109375 0.4375 0.0109375 0.0515625
0 0.82578125 0.45234375 0.021875 0.1