0 0.61328125 0.371875 0.03125 0.1359375
0 0.44140625 0.3734375 0.03125 0.1640625
0 0.14921875 0.4984375 0.15 0.521875
0 0.49296875 0.3765625 0.0296875 0.1421875
0 0.6890625 0.403125 0.04375 0.28125
0 0.35234375 0.36328125 0.0203125 0.1
0 0.675 0.39921875 0.0421875 0.246875
0 0.53046875 0.34921875 0.015625 0.0609375
0 0.5546875 0.34609375 0.0109375 0.040625
0 0.54140625 0.340625 0.0109375 0.046875
0 0.33359375 0.35703125 0.015625 0.0671875
0 0.3765625 0.3515625 0.0125 0.0609375
0 0.38671875 0.3484375 0.0125 0.059375