0 0.61328125 0.3765625 0.03125 0.1328125
0 0.40703125 0.37578125 0.03125 0.165625
0 0.44765625 0.390625 0.0296875 0.1484375
0 0.69609375 0.3828125 0.0359375 0.15
0 0.94296875 0.5078125 0.1140625 0.625
0 0.55390625 0.35859375 0.015625 0.0640625
0 0.01796875 0.371875 0.0234375 0.1015625
0 0.046875 0.3671875 0.0296875 0.1046875
0 0.590625 0.359375 0.0125 0.0546875
0 0.57265625 0.35546875 0.0125 0.0578125
0 0.49609375 0.39296875 0.03125 0.1015625
0 0.5203125 0.396875 0.03125 0.0953125
0 0.328125 0.359375 0.0140625 0.053125
0 0.33984375 0.35625 0.0125 0.0453125
0 0.3546875 0.3515625 0.0125 0.046875
0 0.3875 0.3578125 0.015625 0.053125
0 0.36484375 0.3515625 0.009375 0.0390625
0 0.3734375 0.353125 0.0125 0.0390625