0 0.53984375 0.41328125 0.0359375 0.1546875
0 0.48203125 0.3953125 0.028125 0.1296875
0 0.4546875 0.39375 0.028125 0.1375
0 0.78046875 0.6390625 0.11875 0.64375
0 0.9234375 0.625 0.1484375 0.6703125
0 0.334375 0.39921875 0.046875 0.16875
0 0.4921875 0.38828125 0.0234375 0.11875
0 0.5234375 0.390625 0.0234375 0.115625
0 0.22734375 0.38671875 0.0265625 0.1140625
0 0.69921875 0.4484375 0.05 0.2859375
0 0.5765625 0.39296875 0.01875 0.10625
0 0.2765625 0.384375 0.0234375 0.1203125
0 0.26171875 0.390625 0.0203125 0.1046875
0 0.5015625 0.38671875 0.021875 0.096875
0 0.10546875 0.35546875 0.0140625 0.065625
0 0.125 0.38125 0.021875 0.10625
0 0.43515625 0.38359375 0.01875 0.05
0 0.13828125 0.36171875 0.015625 0.0640625
0 0.3734375 0.36953125 0.0125 0.059375
0 0.3640625 0.365625 0.0109375 0.0546875