0 0.684375 0.5515625 0.065625 0.39375
0 0.51640625 0.4765625 0.0359375 0.15625
0 0.01484375 0.55234375 0.0296875 0.353125
0 0.42265625 0.4484375 0.021875 0.109375
0 0.0671875 0.50078125 0.0421875 0.1875
0 0.08828125 0.48359375 0.0375 0.175
0 0.39609375 0.453125 0.021875 0.1046875
0 0.03125 0.503125 0.034375 0.184375
0 0.3828125 0.44140625 0.0203125 0.0859375
0 0.446875 0.446875 0.021875 0.1015625
0 0.2046875 0.45078125 0.0109375 0.0546875
0 0.18984375 0.44453125 0.0109375 0.0609375
0 0.1703125 0.44921875 0.009375 0.0546875
0 0.18203125 0.44765625 0.0109375 0.0515625
0 0.33828125 0.43359375 0.0140625 0.0640625
0 0.65234375 0.45703125 0.021875 0.1046875