0 0.60078125 0.3796875 0.03125 0.1359375
0 0.43046875 0.38125 0.03125 0.153125
0 0.1828125 0.475 0.1296875 0.478125
0 0.48828125 0.3796875 0.0265625 0.140625
0 0.58125 0.35546875 0.015625 0.0765625
0 0.6640625 0.40078125 0.0390625 0.259375
0 0.3328125 0.37109375 0.0203125 0.096875
0 0.65078125 0.3984375 0.0375 0.2265625
0 0.51640625 0.34921875 0.015625 0.059375
0 0.54140625 0.3484375 0.0109375 0.0390625
0 0.525 0.34765625 0.0109375 0.04375
0 0.46953125 0.37578125 0.0234375 0.0703125
0 0.3609375 0.353125 0.0125 0.0609375
0 0.36953125 0.35546875 0.0125 0.059375