0 0.5984375 0.32890625 0.0296875 0.13125
0 0.41484375 0.3296875 0.03125 0.1609375
0 0.4546875 0.33671875 0.0296875 0.146875
0 0.6171875 0.309375 0.0234375 0.1046875
0 0.74609375 0.378125 0.059375 0.3859375
0 0.365625 0.31875 0.021875 0.103125
0 0.72109375 0.3734375 0.05 0.325
0 0.528125 0.303125 0.0140625 0.0640625
0 0.09921875 0.3953125 0.053125 0.2953125
0 0.12265625 0.30390625 0.015625 0.0796875
0 0.55546875 0.29609375 0.0125 0.053125
0 0.54296875 0.29453125 0.0109375 0.0515625
0 0.478125 0.3328125 0.025 0.0828125
0 0.49453125 0.334375 0.025 0.0796875
0 0.33671875 0.2890625 0.0109375 0.0390625
0 0.340625 0.290625 0.0109375 0.04375
0 0.38515625 0.31640625 0.0125 0.059375
0 0.35 0.28828125 0.009375 0.0359375