0 0.465625 0.43828125 0.034375 0.1546875
0 0.40859375 0.415625 0.0234375 0.115625
0 0.33828125 0.4203125 0.01875 0.0984375
0 0.9484375 0.60390625 0.103125 0.5234375
0 0.01640625 0.45703125 0.0328125 0.2171875
0 0.215625 0.42421875 0.0328125 0.13125
0 0.39140625 0.41640625 0.021875 0.1078125
0 0.0828125 0.4390625 0.0296875 0.134375
0 0.48828125 0.41328125 0.0265625 0.134375
0 0.4359375 0.4109375 0.0171875 0.103125
0 0.2 0.41484375 0.0171875 0.0890625
0 0.19296875 0.41953125 0.0140625 0.075
0 0.35078125 0.396875 0.0140625 0.065625
0 0.3 0.41015625 0.01875 0.0484375
0 0.3078125 0.40703125 0.015625 0.0453125
0 0.7015625 0.42265625 0.025 0.1234375