0 0.50234375 0.4140625 0.0359375 0.15625
0 0.44921875 0.38828125 0.028125 0.1296875
0 0.42421875 0.3953125 0.0265625 0.1296875
0 0.7828125 0.615625 0.1140625 0.6265625
0 0.9203125 0.61015625 0.14375 0.6453125
0 0.31484375 0.40546875 0.0328125 0.15625
0 0.48671875 0.3859375 0.021875 0.109375
0 0.1828125 0.39296875 0.025 0.11875
0 0.6328125 0.425 0.04375 0.2375
0 0.534375 0.384375 0.01875 0.10625
0 0.24609375 0.38359375 0.0234375 0.11875
0 0.23359375 0.38828125 0.015625 0.0953125
0 0.07109375 0.365625 0.0140625 0.065625
0 0.0921875 0.390625 0.0203125 0.10625
0 0.39921875 0.38203125 0.01875 0.05
0 0.4109375 0.3859375 0.015625 0.0453125
0 0.3390625 0.36875 0.0125 0.0546875