0 0.63828125 0.3734375 0.028125 0.13125
0 0.4375 0.378125 0.0328125 0.1640625
0 0.478125 0.384375 0.0296875 0.15
0 0.78125 0.38203125 0.05 0.2046875
0 0.5875 0.3515625 0.015625 0.0640625
0 0.0109375 0.37890625 0.021875 0.1140625
0 0.6109375 0.35234375 0.015625 0.06875
0 0.53125 0.39296875 0.034375 0.109375
0 0.55859375 0.4 0.0328125 0.103125
0 0.35390625 0.34609375 0.0140625 0.053125
0 0.365625 0.35078125 0.0125 0.05
0 0.3796875 0.34921875 0.0125 0.0484375
0 0.41484375 0.3515625 0.01875 0.05625
0 0.39140625 0.34453125 0.0109375 0.0390625
0 0.3984375 0.34375 0.0125 0.0390625