0 0.6265625 0.34375 0.03125 0.13125
0 0.4515625 0.35078125 0.03125 0.1640625
0 0.0828125 0.53046875 0.165625 0.659375
0 0.4921875 0.3515625 0.0265625 0.14375
0 0.74375 0.40078125 0.075 0.3375
0 0.37890625 0.3390625 0.0203125 0.1
0 0.7140625 0.38984375 0.046875 0.284375
0 0.54921875 0.32421875 0.015625 0.0609375
0 0.18828125 0.4046875 0.04375 0.259375
0 0.5734375 0.321875 0.0109375 0.046875
0 0.5625 0.315625 0.0109375 0.0515625
0 0.51953125 0.3515625 0.0234375 0.0734375
0 0.33515625 0.32578125 0.015625 0.0671875
0 0.39609375 0.321875 0.0125 0.059375
0 0.4046875 0.32734375 0.0125 0.059375