0 0.590625 0.33984375 0.0359375 0.1515625
0 0.48359375 0.33046875 0.03125 0.1390625
0 0.4671875 0.3390625 0.0359375 0.1640625
0 0.80546875 0.5609375 0.1234375 0.69375
0 0.93359375 0.5609375 0.1328125 0.74375
0 0.31328125 0.34453125 0.0546875 0.20625
0 0.50078125 0.32890625 0.0234375 0.121875
0 0.52265625 0.29921875 0.0125 0.0453125
0 0.55546875 0.31953125 0.0265625 0.1296875
0 0.27578125 0.325 0.025 0.10625
0 0.61484375 0.31875 0.01875 0.10625
0 0.22109375 0.3390625 0.0328125 0.165625
0 0.203125 0.34609375 0.0265625 0.1453125
0 0.434375 0.3234375 0.0265625 0.10625
0 0.0796875 0.3140625 0.0125 0.078125
0 0.1015625 0.334375 0.0234375 0.1171875
0 0.1125 0.30859375 0.0171875 0.071875
0 0.40078125 0.30703125 0.0125 0.05625
0 0.38984375 0.30703125 0.0078125 0.0609375
0 0.35625 0.30625 0.0125 0.0546875
0 0.38203125 0.2984375 0.0125 0.0484375