0 0.59609375 0.3265625 0.034375 0.1484375
0 0.45703125 0.321875 0.0296875 0.140625
0 0.425 0.3390625 0.0375 0.2
0 0.85703125 0.56171875 0.1171875 0.7109375
0 0.96796875 0.5546875 0.0640625 0.7515625
0 0.23203125 0.33359375 0.0390625 0.2203125
0 0.48671875 0.321875 0.025 0.125
0 0.515625 0.2890625 0.0125 0.05
0 0.54921875 0.309375 0.03125 0.134375
0 0.275 0.309375 0.025 0.10625
0 0.61875 0.30546875 0.0171875 0.109375
0 0.13125 0.34375 0.0421875 0.209375
0 0.11015625 0.3484375 0.034375 0.184375
0 0.3734375 0.31328125 0.025 0.10625
0 0.31015625 0.3234375 0.0234375 0.121875
0 0.02265625 0.3046875 0.01875 0.0875
0 0.05625 0.325 0.028125 0.134375
0 0.38671875 0.29453125 0.0109375 0.059375
0 0.33671875 0.2953125 0.0125 0.0546875
0 0.353125 0.28671875 0.0140625 0.0546875