0 0.609375 0.38046875 0.0328125 0.1484375
0 0.44765625 0.3640625 0.0296875 0.140625
0 0.3171875 0.4171875 0.06875 0.3234375
0 0.95625 0.6296875 0.0875 0.73125
0 0.2046875 0.3953125 0.0765625 0.2890625
0 0.48125 0.36640625 0.03125 0.128125
0 0.51875 0.34296875 0.0125 0.05625
0 0.5609375 0.37265625 0.0265625 0.15625
0 0.6546875 0.3640625 0.0234375 0.1171875
0 0.27578125 0.36484375 0.0203125 0.1203125
0 0.259375 0.36171875 0.0234375 0.1203125
0 0.50234375 0.33671875 0.0109375 0.0359375
0 0.375 0.34375 0.0109375 0.059375
0 0.35625 0.3390625 0.0125 0.0703125