0 0.49921875 0.42734375 0.03125 0.1484375
0 0.43515625 0.403125 0.0265625 0.1171875
0 0.37265625 0.40078125 0.0203125 0.1046875
0 0.96640625 0.57109375 0.0671875 0.5234375
0 0.03359375 0.44765625 0.0515625 0.2203125
0 0.2515625 0.4125 0.0328125 0.13125
0 0.1265625 0.42578125 0.0296875 0.134375
0 0.528125 0.4015625 0.0265625 0.1375
0 0.4734375 0.39375 0.0171875 0.103125
0 0.23671875 0.403125 0.0171875 0.09375
0 0.2265625 0.40390625 0.0140625 0.0765625
0 0.3875 0.3875 0.0140625 0.0640625
0 0.071875 0.41328125 0.0171875 0.0953125
0 0.3390625 0.3953125 0.01875 0.0484375
0 0.7421875 0.41328125 0.0265625 0.128125