0 0.60859375 0.3484375 0.0265625 0.1265625
0 0.41171875 0.34453125 0.03125 0.1609375
0 0.4546875 0.353125 0.025 0.146875
0 0.66015625 0.3359375 0.0328125 0.1296875
0 0.86640625 0.44453125 0.0796875 0.55625
0 0.39375 0.3359375 0.0234375 0.103125
0 0.815625 0.421875 0.0703125 0.4546875
0 0.54375 0.31875 0.015625 0.0625
0 0.03046875 0.32890625 0.0359375 0.1265625
0 0.0578125 0.32578125 0.0203125 0.0953125
0 0.08046875 0.32421875 0.021875 0.096875
0 0.57734375 0.31953125 0.0125 0.053125
0 0.56171875 0.31171875 0.0125 0.0578125
0 0.49140625 0.3546875 0.0296875 0.0953125
0 0.5140625 0.3578125 0.0265625 0.090625
0 0.3234375 0.3125 0.0140625 0.05
0 0.334375 0.315625 0.0125 0.046875
0 0.34609375 0.3109375 0.0125 0.04375
0 0.3515625 0.30625 0.0125 0.0453125
0 0.36015625 0.30859375 0.0109375 0.0390625
0 0.37265625 0.31171875 0.0125 0.0390625