0 0.64375 0.34453125 0.03125 0.146875
0 0.46015625 0.33515625 0.03125 0.146875
0 0.0703125 0.46640625 0.140625 0.5828125
0 0.20625 0.38046875 0.0828125 0.3375
0 0.50859375 0.346875 0.0296875 0.1375
0 0.5671875 0.3109375 0.0140625 0.0609375
0 0.61953125 0.34609375 0.0265625 0.1765625
0 0.3359375 0.3203125 0.021875 0.1
0 0.521875 0.309375 0.0140625 0.059375
0 0.3046875 0.3375 0.021875 0.1359375
0 0.53671875 0.30703125 0.009375 0.0390625
0 0.52734375 0.309375 0.009375 0.040625
0 0.478125 0.33046875 0.0234375 0.0609375
0 0.49375 0.33359375 0.0203125 0.05625
0 0.3921875 0.31015625 0.015625 0.0671875
0 0.371875 0.315625 0.015625 0.075
0 0.38203125 0.3109375 0.0125 0.059375