0 0.446875 0.44453125 0.0375 0.159375
0 0.38125 0.415625 0.025 0.11875
0 0.29296875 0.41171875 0.01875 0.09375
0 0.9390625 0.59765625 0.121875 0.4953125
0 0.20390625 0.4203125 0.025 0.128125
0 0.359375 0.42109375 0.021875 0.1078125
0 0.39609375 0.4125 0.015625 0.103125
0 0.17109375 0.409375 0.0171875 0.0859375
0 0.1609375 0.4171875 0.0140625 0.0703125
0 0.1484375 0.40859375 0.015625 0.05625
0 0.3171875 0.3984375 0.0140625 0.0640625
0 0.26015625 0.40625 0.0203125 0.0453125
0 0.27265625 0.409375 0.015625 0.0453125
0 0.65546875 0.4265625 0.0234375 0.115625