0 0.5015625 0.3984375 0.0359375 0.1515625
0 0.44453125 0.3765625 0.025 0.121875
0 0.403125 0.378125 0.0234375 0.121875
0 0.90078125 0.5609375 0.0984375 0.5671875
0 0.98046875 0.55546875 0.0390625 0.5890625
0 0.3125 0.3859375 0.03125 0.146875
0 0.15078125 0.3984375 0.025 0.121875
0 0.57265625 0.384375 0.034375 0.1734375
0 0.46796875 0.36796875 0.0171875 0.090625
0 0.24765625 0.3796875 0.0203125 0.1078125
0 0.23359375 0.38359375 0.0140625 0.0890625
0 0.284375 0.38671875 0.0171875 0.1015625
0 0.2625 0.3671875 0.015625 0.05625
0 0.4171875 0.359375 0.0140625 0.0640625
0 0.06484375 0.3734375 0.0125 0.0640625
0 0.0890625 0.38828125 0.021875 0.1
0 0.36328125 0.3671875 0.01875 0.046875
0 0.38203125 0.37109375 0.015625 0.0453125
0 0.809375 0.39140625 0.0296875 0.14375
0 0.27734375 0.36875 0.0125 0.0484375