0 0.5859375 0.3796875 0.0359375 0.1515625
0 0.52265625 0.3640625 0.028125 0.134375
0 0.50078125 0.3609375 0.03125 0.1515625
0 0.7796875 0.59453125 0.1265625 0.665625
0 0.9328125 0.60078125 0.134375 0.6890625
0 0.36953125 0.36640625 0.0515625 0.1859375
0 0.54375 0.3328125 0.0109375 0.0421875
0 0.02734375 0.37265625 0.04375 0.184375
0 0.56953125 0.35703125 0.0234375 0.121875
0 0.63046875 0.3578125 0.01875 0.10625
0 0.29296875 0.34921875 0.025 0.1296875
0 0.27890625 0.353125 0.021875 0.1140625
0 0.1453125 0.32109375 0.015625 0.0703125
0 0.159375 0.346875 0.0203125 0.1078125
0 0.48359375 0.34609375 0.01875 0.05
0 0.4265625 0.33359375 0.0125 0.05625
0 0.41640625 0.33515625 0.009375 0.059375