0 0.61328125 0.37421875 0.0328125 0.134375
0 0.43984375 0.37421875 0.03125 0.1609375
0 0.15625 0.4953125 0.1453125 0.5140625
0 0.49296875 0.37421875 0.0296875 0.14375
0 0.60078125 0.35390625 0.0234375 0.084375
0 0.6875 0.40234375 0.04375 0.2796875
0 0.35 0.36328125 0.0203125 0.1
0 0.671875 0.40078125 0.0421875 0.24375
0 0.53046875 0.3515625 0.015625 0.0609375
0 0.55390625 0.3484375 0.0109375 0.040625
0 0.53984375 0.34140625 0.0109375 0.0453125
0 0.3328125 0.3546875 0.015625 0.0671875
0 0.37578125 0.35390625 0.0125 0.0609375
0 0.3859375 0.35078125 0.0125 0.059375