0 0.6328125 0.37890625 0.0296875 0.125
0 0.4296875 0.38828125 0.0328125 0.165625
0 0.46953125 0.39140625 0.034375 0.15
0 0.7375 0.38203125 0.04375 0.175
0 0.57578125 0.3515625 0.0171875 0.0640625
0 0.01171875 0.38359375 0.0234375 0.109375
0 0.03828125 0.3765625 0.021875 0.1109375
0 0.615625 0.35546875 0.015625 0.059375
0 0.59453125 0.353125 0.0125 0.065625
0 0.51953125 0.39453125 0.03125 0.103125
0 0.54453125 0.40234375 0.0328125 0.1
0 0.34765625 0.35546875 0.0140625 0.0515625
0 0.35859375 0.35625 0.0125 0.046875
0 0.37109375 0.34921875 0.0125 0.046875
0 0.40625 0.35703125 0.015625 0.0546875
0 0.38515625 0.3484375 0.009375 0.0390625
0 0.3921875 0.35 0.0125 0.0390625