0 0.59140625 0.321875 0.03125 0.1328125
0 0.40390625 0.325 0.03125 0.1609375
0 0.4453125 0.3296875 0.028125 0.146875
0 0.62265625 0.30859375 0.028125 0.1109375
0 0.7859375 0.39140625 0.08125 0.4359375
0 0.36796875 0.32109375 0.021875 0.1046875
0 0.74765625 0.38359375 0.0578125 0.36875
0 0.5234375 0.296875 0.015625 0.0640625
0 0.04765625 0.41875 0.0546875 0.340625
0 0.09921875 0.31640625 0.0203125 0.084375
0 0.553125 0.296875 0.0125 0.053125
0 0.54140625 0.29140625 0.0109375 0.0515625
0 0.4734375 0.32109375 0.025 0.0859375
0 0.4953125 0.33046875 0.025 0.0828125
0 0.309375 0.29296875 0.0140625 0.0453125
0 0.31875 0.2984375 0.009375 0.046875
0 0.33125 0.290625 0.0109375 0.0390625
0 0.3359375 0.28828125 0.0109375 0.0421875
0 0.38359375 0.3046875 0.0125 0.0578125
0 0.34609375 0.29296875 0.009375 0.0359375
0 0.35234375 0.28984375 0.0109375 0.0375