0 0.51484375 0.415625 0.0375 0.15625
0 0.46640625 0.39140625 0.028125 0.1296875
0 0.43828125 0.39375 0.028125 0.1390625
0 0.78515625 0.628125 0.1171875 0.6328125
0 0.928125 0.60859375 0.1171875 0.6390625
0 0.3265625 0.403125 0.046875 0.1640625
0 0.2015625 0.39296875 0.0265625 0.11875
0 0.65546875 0.434375 0.046875 0.2515625
0 0.55078125 0.3890625 0.01875 0.10625
0 0.26328125 0.38671875 0.0234375 0.121875
0 0.2484375 0.39296875 0.0171875 0.1015625
0 0.49296875 0.38984375 0.021875 0.096875
0 0.0875 0.3671875 0.0125 0.065625
0 0.10546875 0.38828125 0.021875 0.10625
0 0.4140625 0.3828125 0.0171875 0.05
0 0.42578125 0.3859375 0.015625 0.0453125
0 0.11953125 0.37109375 0.015625 0.0640625
0 0.35546875 0.36953125 0.0125 0.0546875