0 0.475 0.39296875 0.103125 0.4296875
0 0.5515625 0.39453125 0.0890625 0.484375
0 0.0953125 0.5 0.190625 1
0 0.234375 0.50703125 0.1546875 0.8046875
0 0.36875 0.51875 0.140625 0.7359375
0 0.6359375 0.39453125 0.0546875 0.284375
0 0.821875 0.53828125 0.15625 0.728125
0 0.74609375 0.3609375 0.01875 0.1046875
0 0.72265625 0.365625 0.0140625 0.084375
0 0.7109375 0.36171875 0.0109375 0.0734375
0 0.909375 0.36171875 0.0234375 0.1046875
0 0.96015625 0.365625 0.01875 0.075
0 0.94765625 0.3703125 0.01875 0.075