0 0.45234375 0.365625 0.090625 0.4390625
0 0.53984375 0.36015625 0.0828125 0.4859375
0 0.1359375 0.5 0.271875 1
0 0.32421875 0.38046875 0.1109375 0.5
0 0.37734375 0.365625 0.06875 0.3640625
0 0.6453125 0.3546875 0.0578125 0.340625
0 0.7390625 0.31328125 0.01875 0.109375
0 0.60390625 0.31953125 0.021875 0.1171875
0 0.71328125 0.31171875 0.0125 0.084375
0 0.696875 0.309375 0.0171875 0.078125
0 0.85390625 0.3015625 0.0171875 0.0953125
0 0.9609375 0.3015625 0.0203125 0.115625
0 0.94609375 0.3078125 0.01875 0.0859375
0 0.96953125 0.303125 0.0203125 0.09375
0 0.7640625 0.30390625 0.0125 0.059375