0 0.45859375 0.36171875 0.090625 0.4375
0 0.54921875 0.3609375 0.08125 0.484375
0 0.171875 0.5 0.34375 1
0 0.34375 0.36796875 0.0890625 0.4640625
0 0.39375 0.36640625 0.0640625 0.34375
0 0.64140625 0.35546875 0.053125 0.334375
0 0.74140625 0.309375 0.01875 0.109375
0 0.603125 0.31953125 0.0234375 0.115625
0 0.71640625 0.30859375 0.0125 0.084375
0 0.6984375 0.30703125 0.0171875 0.0796875
0 0.85703125 0.303125 0.0171875 0.0953125
0 0.95703125 0.303125 0.0203125 0.115625
0 0.97890625 0.29921875 0.0203125 0.09375
0 0.76640625 0.30234375 0.0125 0.059375