0 0.41875 0.3703125 0.0921875 0.44375
0 0.4921875 0.36015625 0.096875 0.484375
0 0.23984375 0.378125 0.1546875 0.6046875
0 0.31015625 0.37890625 0.0765625 0.4203125
0 0.6125 0.37421875 0.0640625 0.3640625
0 0.7015625 0.32734375 0.01875 0.109375
0 0.34921875 0.3234375 0.034375 0.1796875
0 0.5671875 0.328125 0.0234375 0.115625
0 0.6765625 0.328125 0.015625 0.096875
0 0.6609375 0.31875 0.0125 0.0796875
0 0.8125 0.328125 0.0171875 0.0953125
0 0.93515625 0.3296875 0.021875 0.115625
0 0.90234375 0.33125 0.01875 0.0859375
0 0.91640625 0.3234375 0.0203125 0.09375
0 0.72578125 0.32109375 0.0125 0.059375
0 0.97265625 0.33359375 0.01875 0.10625