0 0.44453125 0.36640625 0.090625 0.440625
0 0.53203125 0.35625 0.0859375 0.484375
0 0.10625 0.5 0.2125 1
0 0.309375 0.3828125 0.125 0.5234375
0 0.36484375 0.3640625 0.0703125 0.36875
0 0.64140625 0.35703125 0.059375 0.3453125
0 0.73515625 0.315625 0.01875 0.109375
0 0.59921875 0.31953125 0.021875 0.1171875
0 0.7046875 0.31484375 0.0140625 0.0859375
0 0.69296875 0.31015625 0.0171875 0.0796875
0 0.85 0.3046875 0.0171875 0.0953125
0 0.96171875 0.30546875 0.0234375 0.1140625
0 0.94296875 0.30859375 0.01875 0.0859375
0 0.76015625 0.30703125 0.0125 0.059375