0 0.38828125 0.3765625 0.0921875 0.44375
0 0.4765625 0.37421875 0.0890625 0.484375
0 0.18984375 0.4046875 0.16875 0.7078125
0 0.2703125 0.3953125 0.08125 0.475
0 0.6 0.38671875 0.0671875 0.371875
0 0.6890625 0.34140625 0.01875 0.109375
0 0.32890625 0.33359375 0.034375 0.1859375
0 0.3046875 0.37578125 0.0421875 0.29375
0 0.5515625 0.33984375 0.0265625 0.115625
0 0.6625 0.340625 0.015625 0.096875
0 0.6421875 0.340625 0.015625 0.0859375
0 0.796875 0.34296875 0.0171875 0.0984375
0 0.92421875 0.346875 0.0265625 0.1140625
0 0.88515625 0.34765625 0.01875 0.0859375
0 0.89609375 0.34609375 0.015625 0.0828125
0 0.709375 0.334375 0.0125 0.0546875
0 0.9578125 0.34296875 0.01875 0.10625
0 0.709375 0.734375 0.0125 0.046875