0 0.4140625 0.37109375 0.0921875 0.44375
0 0.48984375 0.36171875 0.0953125 0.484375
0 0.2296875 0.378125 0.159375 0.6140625
0 0.3015625 0.38046875 0.078125 0.4296875
0 0.609375 0.3765625 0.065625 0.365625
0 0.69765625 0.33046875 0.01875 0.109375
0 0.3421875 0.328125 0.034375 0.1796875
0 0.5625 0.33125 0.0234375 0.115625
0 0.675 0.3296875 0.015625 0.0953125
0 0.65859375 0.321875 0.0125 0.08125
0 0.80859375 0.33046875 0.0171875 0.0953125
0 0.93046875 0.33203125 0.0234375 0.1140625
0 0.89765625 0.33359375 0.01875 0.0859375
0 0.9109375 0.328125 0.0203125 0.09375
0 0.721875 0.3234375 0.0125 0.059375
0 0.9671875 0.3375 0.01875 0.10625