0 0.5078125 0.42578125 0.0953125 0.5859375
0 0.0578125 0.5 0.115625 1
0 0.21015625 0.403125 0.065625 0.3234375
0 0.290625 0.4015625 0.0546875 0.3203125
0 0.36328125 0.36796875 0.021875 0.1171875
0 0.38671875 0.35703125 0.0265625 0.121875
0 0.72265625 0.3609375 0.025 0.125
0 0.553125 0.41328125 0.059375 0.390625
0 0.96953125 0.36796875 0.021875 0.1046875
0 0.93828125 0.365625 0.0203125 0.0984375
0 0.86328125 0.3546875 0.0140625 0.0765625
0 0.8515625 0.3625 0.0171875 0.0828125
0 0.41640625 0.3609375 0.0234375 0.109375
0 0.68671875 0.365625 0.0203125 0.1015625
0 0.44609375 0.36484375 0.0265625 0.1109375