0 0.50078125 0.465625 0.1140625 0.6171875
0 0.2109375 0.4515625 0.075 0.365625
0 0.29765625 0.44609375 0.0703125 0.365625
0 0.37734375 0.39296875 0.0234375 0.1234375
0 0.40390625 0.3859375 0.025 0.1265625
0 0.74609375 0.3765625 0.025 0.125
0 0.56875 0.43203125 0.059375 0.390625
0 0.971875 0.37578125 0.0203125 0.096875
0 0.8875 0.37265625 0.0171875 0.0859375
0 0.87421875 0.37109375 0.0171875 0.0765625
0 0.434375 0.3859375 0.025 0.1109375
0 0.69609375 0.38359375 0.0203125 0.1046875
0 0.703125 0.68125 0.0140625 0.0484375