0 0.4390625 0.36640625 0.090625 0.440625
0 0.525 0.35390625 0.0875 0.484375
0 0.2984375 0.38359375 0.134375 0.540625
0 0.35703125 0.3625 0.071875 0.3734375
0 0.6375 0.36171875 0.059375 0.3515625
0 0.7328125 0.3171875 0.01875 0.109375
0 0.59609375 0.31953125 0.021875 0.1171875
0 0.69765625 0.31796875 0.015625 0.090625
0 0.684375 0.31171875 0.015625 0.0796875
0 0.8453125 0.30859375 0.0171875 0.0953125
0 0.96171875 0.3078125 0.025 0.1140625
0 0.93828125 0.3125 0.01875 0.0859375
0 0.7578125 0.309375 0.0140625 0.059375