0 0.45 0.365625 0.090625 0.4390625
0 0.5375 0.35859375 0.0828125 0.4859375
0 0.12890625 0.5 0.2578125 1
0 0.3203125 0.38203125 0.115625 0.5078125
0 0.3734375 0.36484375 0.06875 0.365625
0 0.64609375 0.35546875 0.0578125 0.3421875
0 0.7375 0.31328125 0.01875 0.109375
0 0.60234375 0.31953125 0.021875 0.1171875
0 0.7125 0.3125 0.0125 0.084375
0 0.6953125 0.309375 0.0171875 0.078125
0 0.853125 0.3015625 0.0171875 0.09375
0 0.9609375 0.303125 0.021875 0.115625
0 0.9453125 0.3078125 0.01875 0.0859375
0 0.7625 0.30546875 0.0125 0.059375