0 0.4578125 0.36484375 0.090625 0.4390625
0 0.54453125 0.3640625 0.08125 0.4859375
0 0.14921875 0.5 0.2984375 1
0 0.33203125 0.37578125 0.103125 0.4828125
0 0.38515625 0.36796875 0.0671875 0.35625
0 0.64375 0.35546875 0.0546875 0.3390625
0 0.73984375 0.31171875 0.01875 0.109375
0 0.603125 0.31953125 0.0234375 0.1171875
0 0.7140625 0.3109375 0.0125 0.084375
0 0.69921875 0.309375 0.015625 0.078125
0 0.8546875 0.30078125 0.0171875 0.0953125
0 0.96015625 0.30078125 0.0203125 0.115625
0 0.94765625 0.30859375 0.01875 0.0859375
0 0.9734375 0.30078125 0.0203125 0.09375
0 0.76640625 0.30234375 0.0125 0.059375