0 0.44140625 0.36640625 0.090625 0.440625
0 0.52890625 0.35546875 0.0875 0.484375
0 0.090625 0.5 0.18125 1
0 0.30390625 0.38359375 0.1296875 0.53125
0 0.3609375 0.36328125 0.071875 0.371875
0 0.63984375 0.35859375 0.059375 0.3484375
0 0.73359375 0.31640625 0.01875 0.1109375
0 0.59765625 0.31953125 0.021875 0.1171875
0 0.7015625 0.31640625 0.0140625 0.0890625
0 0.68828125 0.3109375 0.015625 0.0796875
0 0.84765625 0.30625 0.0171875 0.09375
0 0.96171875 0.30625 0.025 0.1140625
0 0.940625 0.3109375 0.01875 0.0859375
0 0.759375 0.3078125 0.0125 0.059375