0 0.496875 0.434375 0.1046875 0.5953125
0 0.2015625 0.41875 0.071875 0.334375
0 0.28203125 0.4078125 0.059375 0.3328125
0 0.359375 0.3734375 0.021875 0.11875
0 0.38125 0.36015625 0.0265625 0.121875
0 0.72265625 0.365625 0.025 0.1265625
0 0.55 0.41484375 0.059375 0.390625
0 0.96953125 0.3734375 0.021875 0.1046875
0 0.94140625 0.3703125 0.0203125 0.0984375
0 0.86171875 0.3546875 0.0140625 0.0765625
0 0.84765625 0.36875 0.01875 0.0859375
0 0.41484375 0.3625 0.0234375 0.1109375
0 0.678125 0.36953125 0.0203125 0.1015625
0 0.44296875 0.365625 0.0265625 0.1109375