0 0.50390625 0.4296875 0.1 0.5890625
0 0.046875 0.5 0.09375 1
0 0.20546875 0.409375 0.0703125 0.328125
0 0.28671875 0.40390625 0.05625 0.325
0 0.36171875 0.36953125 0.021875 0.11875
0 0.384375 0.35703125 0.0265625 0.121875
0 0.72265625 0.36328125 0.025 0.1265625
0 0.5515625 0.4140625 0.059375 0.390625
0 0.96796875 0.371875 0.021875 0.1046875
0 0.86328125 0.3546875 0.0140625 0.0765625
0 0.85 0.36640625 0.01875 0.0859375
0 0.41484375 0.36171875 0.0234375 0.1109375
0 0.6828125 0.36875 0.0203125 0.1015625
0 0.44453125 0.36640625 0.0265625 0.1109375