0 0.51171875 0.428125 0.115625 0.584375
0 0.0875 0.5 0.175 1
0 0.23203125 0.39921875 0.0609375 0.30625
0 0.3046875 0.39765625 0.0546875 0.3015625
0 0.37109375 0.36875 0.021875 0.1171875
0 0.39453125 0.3578125 0.0265625 0.121875
0 0.72578125 0.35625 0.0234375 0.1265625
0 0.56171875 0.4109375 0.059375 0.375
0 0.97421875 0.35703125 0.021875 0.1046875
0 0.9421875 0.359375 0.0203125 0.0984375
0 0.8671875 0.34921875 0.015625 0.0734375
0 0.85625 0.353125 0.0140625 0.075
0 0.421875 0.359375 0.021875 0.1109375
0 0.69453125 0.35625 0.0203125 0.1015625
0 0.4515625 0.359375 0.0265625 0.1109375