0 0.4265625 0.36875 0.0921875 0.44375
0 0.50390625 0.35703125 0.09375 0.484375
0 0.26015625 0.3796875 0.146875 0.5875
0 0.32734375 0.3765625 0.0734375 0.4
0 0.621875 0.3703125 0.0625 0.359375
0 0.7109375 0.32265625 0.01875 0.109375
0 0.36171875 0.31484375 0.034375 0.1796875
0 0.575 0.321875 0.0234375 0.115625
0 0.6828125 0.32421875 0.015625 0.0953125
0 0.66796875 0.315625 0.0140625 0.0796875
0 0.825 0.321875 0.0171875 0.0953125
0 0.94375 0.3234375 0.0203125 0.115625
0 0.91484375 0.31953125 0.01875 0.0859375
0 0.9328125 0.31953125 0.0203125 0.09375
0 0.73515625 0.31328125 0.0125 0.059375
0 0.984375 0.3265625 0.01875 0.10625