0 0.45859375 0.3609375 0.090625 0.4359375
0 0.54921875 0.35546875 0.08125 0.4828125
0 0.20234375 0.5 0.31875 1
0 0.34921875 0.3640625 0.084375 0.459375
0 0.39609375 0.36171875 0.0625 0.3375
0 0.63984375 0.35625 0.0515625 0.33125
0 0.73984375 0.30859375 0.01875 0.1109375
0 0.7171875 0.30859375 0.0125 0.084375
0 0.6984375 0.30625 0.01875 0.0796875
0 0.85625 0.30234375 0.0171875 0.0953125
0 0.9515625 0.3015625 0.0203125 0.115625
0 0.97890625 0.2953125 0.0203125 0.0859375
0 0.765625 0.30234375 0.0140625 0.059375