0 0.51171875 0.428125 0.1109375 0.5796875
0 0.08515625 0.5 0.1703125 1
0 0.228125 0.39921875 0.0609375 0.309375
0 0.30234375 0.3984375 0.053125 0.3046875
0 0.36953125 0.36875 0.021875 0.1171875
0 0.39375 0.3578125 0.0265625 0.121875
0 0.72421875 0.35703125 0.025 0.125
0 0.56015625 0.4109375 0.059375 0.378125
0 0.9734375 0.35859375 0.021875 0.1046875
0 0.94140625 0.359375 0.0203125 0.0984375
0 0.86640625 0.35078125 0.0140625 0.075
0 0.85625 0.35390625 0.015625 0.075
0 0.42109375 0.359375 0.021875 0.1109375
0 0.69375 0.3578125 0.0203125 0.1015625
0 0.45 0.3609375 0.0265625 0.109375