0 0.51171875 0.42734375 0.11875 0.5859375
0 0.0890625 0.5 0.178125 1
0 0.23671875 0.40078125 0.0609375 0.303125
0 0.3078125 0.39765625 0.0546875 0.296875
0 0.37265625 0.36953125 0.021875 0.11875
0 0.39609375 0.3578125 0.0265625 0.121875
0 0.72578125 0.35546875 0.0234375 0.1265625
0 0.5625 0.4109375 0.0609375 0.371875
0 0.975 0.35546875 0.021875 0.1046875
0 0.94296875 0.359375 0.0203125 0.0984375
0 0.86796875 0.3484375 0.015625 0.071875
0 0.85703125 0.3515625 0.0140625 0.0734375
0 0.42265625 0.359375 0.021875 0.1109375
0 0.6953125 0.35390625 0.0203125 0.1015625
0 0.45234375 0.35859375 0.0265625 0.1109375