0 0.5109375 0.42578125 0.1015625 0.58125
0 0.07421875 0.5 0.1484375 1
0 0.21953125 0.39765625 0.0609375 0.315625
0 0.29609375 0.3984375 0.053125 0.3125
0 0.36640625 0.3671875 0.021875 0.11875
0 0.390625 0.35703125 0.0265625 0.121875
0 0.72265625 0.35859375 0.025 0.1265625
0 0.55703125 0.41171875 0.059375 0.384375
0 0.971875 0.3625 0.021875 0.1046875
0 0.940625 0.359375 0.0203125 0.0984375
0 0.85546875 0.35703125 0.0171875 0.0765625
0 0.41953125 0.3609375 0.021875 0.109375
0 0.6921875 0.36171875 0.0203125 0.1015625
0 0.4484375 0.3625 0.0265625 0.1109375