0 0.4578125 0.3625 0.090625 0.4390625
0 0.5484375 0.3640625 0.0796875 0.484375
0 0.16640625 0.5 0.3328125 1
0 0.34140625 0.36953125 0.0921875 0.46875
0 0.39296875 0.36953125 0.065625 0.3453125
0 0.64140625 0.35546875 0.0546875 0.3359375
0 0.740625 0.309375 0.01875 0.109375
0 0.603125 0.31953125 0.0234375 0.1171875
0 0.71640625 0.309375 0.0125 0.084375
0 0.69921875 0.3078125 0.0171875 0.078125
0 0.85625 0.30234375 0.0171875 0.0953125
0 0.9578125 0.3015625 0.0203125 0.115625
0 0.95 0.309375 0.01875 0.0859375
0 0.97734375 0.29921875 0.0203125 0.09375
0 0.76640625 0.30234375 0.0125 0.059375