0 0.43359375 0.3671875 0.090625 0.4421875
0 0.515625 0.35390625 0.090625 0.484375
0 0.27890625 0.38125 0.140625 0.5640625
0 0.34453125 0.36640625 0.0734375 0.384375
0 0.63359375 0.36875 0.0625 0.3546875
0 0.721875 0.31953125 0.01875 0.109375
0 0.5875 0.31953125 0.0234375 0.115625
0 0.68984375 0.32109375 0.015625 0.09375
0 0.67578125 0.3140625 0.015625 0.0796875
0 0.840625 0.31328125 0.0171875 0.0953125
0 0.95234375 0.315625 0.0234375 0.1140625
0 0.92734375 0.31328125 0.01875 0.0859375
0 0.74609375 0.309375 0.0140625 0.059375