0 0.4546875 0.36484375 0.090625 0.4390625
0 0.5421875 0.36171875 0.0828125 0.4859375
0 0.1421875 0.5 0.284375 1
0 0.328125 0.378125 0.10625 0.490625
0 0.38203125 0.36640625 0.0671875 0.3609375
0 0.64453125 0.35546875 0.05625 0.340625
0 0.7390625 0.3125 0.01875 0.1109375
0 0.603125 0.31953125 0.0234375 0.1171875
0 0.71328125 0.31171875 0.0125 0.084375
0 0.69765625 0.309375 0.015625 0.078125
0 0.8546875 0.30078125 0.0171875 0.0953125
0 0.9609375 0.30078125 0.0203125 0.115625
0 0.946875 0.30859375 0.01875 0.0859375
0 0.97265625 0.3015625 0.0203125 0.09375
0 0.765625 0.303125 0.0140625 0.059375