0 0.88046875 0.578125 0.0390625 0.128125
0 0.70703125 0.57109375 0.0265625 0.121875
0 0.090625 0.56796875 0.0140625 0.071875
0 0.62265625 0.56171875 0.025 0.10625
0 0.0125 0.571875 0.0109375 0.071875
0 0.4328125 0.50390625 0.0078125 0.0421875
0 0.0828125 0.58203125 0.0140625 0.071875
0 0.021875 0.57578125 0.015625 0.08125
0 0.0328125 0.56796875 0.015625 0.08125
0 0.5171875 0.52109375 0.0125 0.059375
0 0.50703125 0.5234375 0.0125 0.0609375
0 0.56953125 0.53828125 0.015625 0.0671875
0 0.5828125 0.5375 0.0140625 0.0765625
0 0.53671875 0.51953125 0.0125 0.065625
0 0.55390625 0.51875 0.0125 0.0640625
0 0.46328125 0.5203125 0.0125 0.0546875