0 0.8046875 0.5734375 0.0265625 0.1203125
0 0.878125 0.546875 0.021875 0.0859375
0 0.85078125 0.53125 0.01875 0.084375
0 0.2234375 0.56640625 0.0203125 0.1046875
0 0.2484375 0.56953125 0.021875 0.1046875
0 0.32109375 0.540625 0.015625 0.078125
0 0.30546875 0.54140625 0.0140625 0.08125
0 0.34375 0.53046875 0.015625 0.078125
0 0.32578125 0.534375 0.0140625 0.078125
0 0.83125 0.5 0.0109375 0.04375
0 0.71640625 0.50078125 0.0109375 0.053125
0 0.8234375 0.5015625 0.009375 0.05
0 0.553125 0.4734375 0.0078125 0.025
0 0.29921875 0.52890625 0.009375 0.0734375
0 0.64140625 0.478125 0.0078125 0.0375
0 0.875 0.49609375 0.0125 0.0515625
0 0.415625 0.49609375 0.009375 0.046875
0 0.434375 0.50078125 0.0109375 0.05
0 0.4 0.49375 0.0109375 0.0453125
0 0.840625 0.49921875 0.0125 0.0453125
0 0.7265625 0.49296875 0.009375 0.0421875
0 0.7796875 0.49296875 0.0109375 0.0484375