0 0.50546875 0.50390625 0.0125 0.0578125
0 0.6453125 0.56171875 0.0234375 0.1203125
0 0.6234375 0.5640625 0.0234375 0.1171875
0 0.596875 0.56796875 0.0125 0.1140625
0 0.61015625 0.56640625 0.021875 0.1140625
0 0.5046875 0.8921875 0.0671875 0.215625
0 0.465625 0.8671875 0.065625 0.265625
0 0.48203125 0.4984375 0.0140625 0.0640625
0 0.921875 0.63046875 0.0328125 0.1796875
0 0.3609375 0.784375 0.071875 0.2953125
0 0.5296875 0.56796875 0.0234375 0.1140625
0 0.5625 0.5671875 0.028125 0.121875
0 0.80546875 0.66640625 0.040625 0.18125
0 0.83671875 0.64375 0.040625 0.1609375