0 0.95078125 0.59296875 0.0390625 0.184375
0 0.12421875 0.6078125 0.0203125 0.103125
0 0.98671875 0.68671875 0.0265625 0.23125
0 0.55703125 0.49609375 0.0125 0.040625
0 0.1109375 0.625 0.0171875 0.0984375
0 0.03828125 0.62109375 0.021875 0.103125
0 0.66953125 0.565625 0.025 0.1046875
0 0.69375 0.5546875 0.028125 0.1171875
0 0.03125 0.61953125 0.0265625 0.1046875
0 0.60625 0.521875 0.0203125 0.0703125
0 0.59140625 0.515625 0.0125 0.053125
0 0.63125 0.52109375 0.015625 0.0703125
0 0.61953125 0.52421875 0.0125 0.071875