0 0.71875 0.5265625 0.0109375 0.05625
0 0.83125 0.56875 0.021875 0.1
0 0.784375 0.5734375 0.0125 0.0859375
0 0.796875 0.57421875 0.021875 0.0953125
0 0.71015625 0.52421875 0.0109375 0.0546875
0 0.778125 0.79609375 0.0453125 0.24375
0 0.825 0.75078125 0.0359375 0.221875
0 0.68828125 0.69375 0.0296875 0.196875
0 0.8203125 0.57265625 0.0171875 0.09375
0 0.7171875 0.709375 0.040625 0.2140625
0 0.74140625 0.58203125 0.01875 0.0890625
0 0.7671875 0.5734375 0.0203125 0.0859375
0 0.909375 0.628125 0.0328125 0.140625
0 0.93359375 0.6203125 0.0265625 0.128125
0 0.72421875 0.57578125 0.0265625 0.0984375