0 0.71328125 0.51875 0.009375 0.05625
0 0.82578125 0.5640625 0.021875 0.1046875
0 0.7796875 0.56953125 0.0125 0.09375
0 0.7921875 0.56953125 0.021875 0.096875
0 0.70234375 0.5234375 0.0109375 0.0578125
0 0.771875 0.81171875 0.046875 0.2578125
0 0.80546875 0.7609375 0.05625 0.234375
0 0.66953125 0.69921875 0.0375 0.2
0 0.8171875 0.57265625 0.0171875 0.09375
0 0.696875 0.70546875 0.0265625 0.209375
0 0.73359375 0.5765625 0.0203125 0.09375
0 0.759375 0.56875 0.0234375 0.0890625
0 0.91953125 0.63125 0.0359375 0.14375
0 0.71875 0.57109375 0.0265625 0.0984375