0 0.76328125 0.56171875 0.0234375 0.109375
0 0.19765625 0.53828125 0.0140625 0.0671875
0 0.628125 0.5328125 0.0203125 0.084375
0 0.153125 0.534375 0.009375 0.0578125
0 0.48125 0.48828125 0.0109375 0.04375
0 0.66484375 0.5109375 0.0125 0.065625
0 0.1953125 0.54296875 0.0125 0.059375
0 0.14453125 0.5359375 0.0125 0.0671875
0 0.16640625 0.53046875 0.0125 0.0625
0 0.51328125 0.50703125 0.0109375 0.0546875
0 0.521875 0.50859375 0.0109375 0.0546875
0 0.58125 0.50546875 0.0125 0.05625
0 0.56640625 0.50859375 0.0125 0.0578125
0 0.67109375 0.5140625 0.015625 0.065625
0 0.61640625 0.5046875 0.009375 0.0609375
0 0.53125 0.50625 0.0125 0.046875