0 0.12578125 0.640625 0.0203125 0.134375
0 0.65078125 0.496875 0.0125 0.053125
0 0.11328125 0.659375 0.0171875 0.1265625
0 0.103125 0.665625 0.01875 0.121875
0 0.01171875 0.65703125 0.0234375 0.1234375
0 0.70625 0.48359375 0.0125 0.053125
0 0.76328125 0.515625 0.01875 0.0734375
0 0.69296875 0.49375 0.0125 0.0515625
0 0.68203125 0.4875 0.015625 0.053125
0 0.7578125 0.6265625 0.0375 0.1515625
0 0.83515625 0.61015625 0.0234375 0.15
0 0.72578125 0.5984375 0.046875 0.1453125
0 0.7765625 0.521875 0.0125 0.0796875
0 0.95703125 0.54609375 0.021875 0.1203125
0 0.7515625 0.5984375 0.0359375 0.15625
0 0.0078125 0.6625 0.015625 0.1328125
0 0.73984375 0.525 0.015625 0.0671875
0 0.70703125 0.521875 0.0234375 0.0703125
0 0.7234375 0.52421875 0.0125 0.059375