0 0.7734375 0.56328125 0.0234375 0.109375
0 0.85 0.54453125 0.0171875 0.0796875
0 0.9359375 0.64453125 0.0359375 0.15625
0 0.98671875 0.65390625 0.0265625 0.1640625
0 0.81640625 0.52890625 0.015625 0.0765625
0 0.23828125 0.57109375 0.01875 0.0984375
0 0.26328125 0.575 0.01875 0.1
0 0.32890625 0.54296875 0.0140625 0.071875
0 0.31484375 0.54375 0.0125 0.0703125
0 0.34921875 0.53125 0.015625 0.065625
0 0.31015625 0.54609375 0.0140625 0.059375
0 0.8234375 0.5 0.0109375 0.04375
0 0.70625 0.49921875 0.0125 0.0453125
0 0.8140625 0.49296875 0.009375 0.0390625
0 0.55859375 0.48203125 0.0078125 0.0265625
0 0.634375 0.4828125 0.0078125 0.034375
0 0.415625 0.5015625 0.009375 0.04375
0 0.43515625 0.509375 0.009375 0.0453125
0 0.40234375 0.50390625 0.0109375 0.046875
0 0.83359375 0.49609375 0.0109375 0.0453125