0 0.8515625 0.5671875 0.0265625 0.115625
0 0.740625 0.55703125 0.025 0.1125
0 0.1734375 0.53671875 0.015625 0.065625
0 0.62265625 0.53828125 0.0171875 0.0859375
0 0.12421875 0.534375 0.009375 0.0609375
0 0.4671875 0.4875 0.0109375 0.04375
0 0.1703125 0.54609375 0.0125 0.0609375
0 0.1171875 0.5390625 0.0125 0.06875
0 0.13828125 0.5328125 0.0140625 0.0640625
0 0.49921875 0.50703125 0.0109375 0.0546875
0 0.5609375 0.50703125 0.0125 0.05625
0 0.55078125 0.509375 0.0125 0.0578125
0 0.64921875 0.51328125 0.0125 0.0703125
0 0.596875 0.50390625 0.0109375 0.0578125
0 0.609375 0.503125 0.015625 0.059375
0 0.509375 0.503125 0.0125 0.05625