0 0.97734375 0.59453125 0.0359375 0.1859375
0 0.128125 0.6109375 0.0203125 0.10625
0 0.56484375 0.49375 0.0125 0.04375
0 0.11796875 0.6140625 0.01875 0.1015625
0 0.1140625 0.6296875 0.0171875 0.1
0 0.67578125 0.5671875 0.01875 0.10625
0 0.69765625 0.55234375 0.01875 0.1203125
0 0.03359375 0.6234375 0.025 0.10625
0 0.64921875 0.53203125 0.015625 0.08125
0 0.7109375 0.553125 0.01875 0.10625
0 0.6140625 0.51953125 0.01875 0.06875
0 0.6 0.51328125 0.0125 0.0515625
0 0.63984375 0.52109375 0.015625 0.071875
0 0.62734375 0.521875 0.0109375 0.071875