0 0.88046875 0.575 0.025 0.1140625
0 0.79375 0.56328125 0.0265625 0.109375
0 0.01171875 0.61015625 0.0234375 0.1296875
0 0.6421875 0.53359375 0.0171875 0.075
0 0.67734375 0.5171875 0.0109375 0.053125
0 0.190625 0.52265625 0.009375 0.0546875
0 0.503125 0.4875 0.0109375 0.04375
0 0.69296875 0.51484375 0.0125 0.0625
0 0.22890625 0.53359375 0.0125 0.0640625
0 0.1796875 0.5265625 0.0140625 0.0640625
0 0.20234375 0.51875 0.0125 0.0640625
0 0.5328125 0.50546875 0.009375 0.0546875
0 0.54296875 0.5078125 0.0125 0.0515625
0 0.60390625 0.503125 0.0125 0.0546875
0 0.59375 0.5078125 0.0125 0.05625
0 0.703125 0.515625 0.0171875 0.065625
0 0.6578125 0.50546875 0.0140625 0.059375
0 0.55546875 0.5046875 0.0109375 0.046875
0 0.61015625 0.50703125 0.0109375 0.05