0 0.86875 0.56640625 0.025 0.1140625
0 0.778125 0.56171875 0.0234375 0.1125
0 0.2125 0.53203125 0.0125 0.065625
0 0.6328125 0.53203125 0.0171875 0.0765625
0 0.16796875 0.5296875 0.009375 0.05625
0 0.48984375 0.4875 0.0109375 0.04375
0 0.67734375 0.5140625 0.0125 0.0609375
0 0.20546875 0.53203125 0.0109375 0.0625
0 0.209375 0.5390625 0.0125 0.0609375
0 0.159375 0.53359375 0.0125 0.0671875
0 0.18203125 0.52578125 0.0125 0.0640625
0 0.52109375 0.50625 0.009375 0.05625
0 0.5296875 0.50703125 0.0109375 0.0546875
0 0.59140625 0.50234375 0.0125 0.05625
0 0.57890625 0.5078125 0.0125 0.05625
0 0.68515625 0.515625 0.015625 0.065625
0 0.62734375 0.50625 0.009375 0.05625
0 0.64375 0.5046875 0.015625 0.059375
0 0.540625 0.50625 0.0125 0.0453125