0 0.9328125 0.571875 0.0359375 0.1359375
0 0.721875 0.5765625 0.028125 0.1296875
0 0.0734375 0.58359375 0.0171875 0.08125
0 0.64375 0.57421875 0.028125 0.11875
0 0.43515625 0.50390625 0.009375 0.046875
0 0.06640625 0.59453125 0.0140625 0.078125
0 0.00703125 0.59296875 0.0125 0.0796875
0 0.51796875 0.51953125 0.0125 0.059375
0 0.50859375 0.52421875 0.0125 0.0625
0 0.5625 0.5421875 0.0171875 0.0734375
0 0.20234375 0.5140625 0.0078125 0.0359375
0 0.575 0.53828125 0.0171875 0.0796875
0 0.59296875 0.534375 0.0203125 0.084375
0 0.5328125 0.5234375 0.0171875 0.0640625
0 0.5515625 0.51953125 0.0125 0.065625
0 0.46328125 0.521875 0.0109375 0.059375