0 0.85234375 0.57109375 0.0265625 0.11875
0 0.721875 0.56171875 0.0265625 0.1140625
0 0.61796875 0.54609375 0.0203125 0.09375
0 0.25625 0.4984375 0.0078125 0.0359375
0 0.08984375 0.54609375 0.0109375 0.0609375
0 0.4515625 0.49296875 0.009375 0.04375
0 0.1375 0.546875 0.009375 0.0703125
0 0.14140625 0.55390625 0.0125 0.065625
0 0.084375 0.55078125 0.0125 0.06875
0 0.10390625 0.53984375 0.0140625 0.0703125
0 0.48671875 0.5109375 0.0125 0.0546875
0 0.5421875 0.509375 0.0125 0.05625
0 0.5328125 0.51171875 0.0109375 0.059375
0 0.5734375 0.50859375 0.015625 0.0625
0 0.5859375 0.50546875 0.015625 0.059375
0 0.49609375 0.5078125 0.0140625 0.0609375