0 0.14296875 0.64375 0.0203125 0.1234375
0 0.62734375 0.515625 0.0125 0.053125
0 0.1328125 0.65703125 0.0171875 0.1140625
0 0.1234375 0.66328125 0.0171875 0.109375
0 0.0375 0.659375 0.0265625 0.1140625
0 0.6796875 0.50625 0.009375 0.0484375
0 0.66640625 0.50859375 0.0125 0.0546875
0 0.65234375 0.503125 0.0140625 0.05
0 0.7375 0.61875 0.028125 0.125
0 0.7953125 0.60078125 0.0296875 0.125
0 0.71640625 0.6015625 0.0359375 0.134375
0 0.89765625 0.5515625 0.0171875 0.096875
0 0.02890625 0.6578125 0.0265625 0.121875
0 0.71640625 0.54375 0.0171875 0.0828125
0 0.734375 0.5359375 0.015625 0.0671875
0 0.7765625 0.56171875 0.015625 0.09375
0 0.678125 0.53359375 0.01875 0.059375
0 0.7046875 0.5390625 0.0140625 0.059375
0 0.6953125 0.53671875 0.0125 0.059375