0 0.87890625 0.5734375 0.025 0.1125
0 0.79140625 0.56171875 0.025 0.109375
0 0.009375 0.6109375 0.0171875 0.1296875
0 0.640625 0.5328125 0.0171875 0.075
0 0.18671875 0.52109375 0.009375 0.053125
0 0.50078125 0.48671875 0.0109375 0.04375
0 0.68984375 0.51484375 0.0125 0.0625
0 0.221875 0.52734375 0.0109375 0.0609375
0 0.22578125 0.534375 0.0125 0.0625
0 0.17578125 0.52734375 0.0125 0.0640625
0 0.19921875 0.51953125 0.0125 0.0640625
0 0.53125 0.50546875 0.009375 0.0546875
0 0.53984375 0.5078125 0.0125 0.053125
0 0.60234375 0.503125 0.0125 0.0546875
0 0.59140625 0.5078125 0.0125 0.05625
0 0.69921875 0.51640625 0.015625 0.065625
0 0.65546875 0.50546875 0.0125 0.059375
0 0.553125 0.50546875 0.0109375 0.046875
0 0.60703125 0.50703125 0.0125 0.05