0 0.85234375 0.57109375 0.0328125 0.1203125
0 0.71171875 0.56171875 0.025 0.1171875
0 0.121875 0.55546875 0.015625 0.0671875
0 0.61484375 0.55 0.0203125 0.0984375
0 0.590625 0.52734375 0.0125 0.0640625
0 0.2359375 0.50234375 0.0078125 0.034375
0 0.4421875 0.49609375 0.009375 0.04375
0 0.11875 0.56328125 0.0125 0.0671875
0 0.0609375 0.5609375 0.0125 0.071875
0 0.078125 0.55234375 0.0140625 0.075
0 0.478125 0.51640625 0.0171875 0.0609375
0 0.5296875 0.51171875 0.0125 0.05625
0 0.51875 0.51328125 0.0125 0.0609375
0 0.50703125 0.51171875 0.0078125 0.053125
0 0.55859375 0.5109375 0.015625 0.0625
0 0.5703125 0.50859375 0.015625 0.059375