0 0.1015625 0.6734375 0.021875 0.14375
0 0.08671875 0.69140625 0.0171875 0.13125
0 0.075 0.7 0.01875 0.13125
0 0.715625 0.49375 0.0125 0.0515625
0 0.8 0.534375 0.0171875 0.0921875
0 0.77734375 0.5265625 0.01875 0.0765625
0 0.703125 0.4953125 0.0140625 0.0515625
0 0.6921875 0.49609375 0.015625 0.05625
0 0.76875 0.66171875 0.034375 0.165625
0 0.84296875 0.64296875 0.0484375 0.15625
0 0.72421875 0.62421875 0.021875 0.1671875
0 0.98828125 0.56328125 0.0234375 0.1265625
0 0.75 0.62578125 0.0453125 0.171875
0 0.74453125 0.53515625 0.0171875 0.06875
0 0.765625 0.5359375 0.0234375 0.071875
0 0.82578125 0.55859375 0.0203125 0.0875
0 0.715625 0.53046875 0.0234375 0.078125
0 0.7328125 0.534375 0.0125 0.0671875