0 0.778125 0.559375 0.0234375 0.1109375
0 0.8546875 0.5421875 0.0171875 0.08125
0 0.946875 0.64921875 0.0375 0.15625
0 0.9921875 0.65390625 0.015625 0.1515625
0 0.82109375 0.5234375 0.015625 0.0765625
0 0.23671875 0.5671875 0.01875 0.1015625
0 0.2609375 0.56953125 0.01875 0.10625
0 0.32734375 0.54609375 0.0140625 0.071875
0 0.31328125 0.54609375 0.0125 0.0703125
0 0.35 0.53046875 0.0140625 0.065625
0 0.70703125 0.49375 0.0125 0.04375
0 0.5578125 0.48046875 0.0078125 0.0265625
0 0.30859375 0.528125 0.0109375 0.0703125
0 0.32109375 0.52421875 0.009375 0.0609375
0 0.6359375 0.47890625 0.0078125 0.034375
0 0.415625 0.5 0.009375 0.0453125
0 0.434375 0.5046875 0.009375 0.046875
0 0.40234375 0.503125 0.0109375 0.046875
0 0.834375 0.49765625 0.0109375 0.0453125
0 0.775 0.4890625 0.0125 0.046875