0 0.98203125 0.77890625 0.0359375 0.29375
0 0.89609375 0.5703125 0.03125 0.1109375
0 0.82109375 0.5609375 0.021875 0.109375
0 0.065625 0.59921875 0.0234375 0.125
0 0.00703125 0.64609375 0.0140625 0.1578125
0 0.69765625 0.5171875 0.0125 0.0515625
0 0.65625 0.528125 0.0171875 0.075
0 0.3671875 0.4859375 0.00625 0.0296875
0 0.00859375 0.58046875 0.0171875 0.0984375
0 0.22421875 0.515625 0.009375 0.0546875
0 0.5234375 0.48515625 0.009375 0.04375
0 0.7203125 0.5125 0.0171875 0.065625
0 0.2546875 0.5203125 0.0109375 0.059375
0 0.259375 0.528125 0.0109375 0.0625
0 0.2125 0.5203125 0.0125 0.0625
0 0.234375 0.51328125 0.0125 0.05625
0 0.55390625 0.50390625 0.0109375 0.05
0 0.56328125 0.50546875 0.0125 0.046875
0 0.62734375 0.50546875 0.0125 0.053125
0 0.61796875 0.50859375 0.0125 0.0546875
0 0.72890625 0.515625 0.0109375 0.0640625
0 0.6734375 0.50703125 0.0109375 0.059375
0 0.71328125 0.5125 0.0109375 0.059375
0 0.58046875 0.50546875 0.0109375 0.0453125
0 0.6359375 0.50703125 0.0125 0.05