0 0.14296875 0.63828125 0.01875 0.11875
0 0.6140625 0.51328125 0.0125 0.053125
0 0.13359375 0.6515625 0.0171875 0.109375
0 0.12421875 0.6578125 0.0171875 0.10625
0 0.04296875 0.65234375 0.025 0.1125
0 0.77421875 0.59296875 0.0265625 0.1203125
0 0.8734375 0.55390625 0.01875 0.1015625
0 0.73671875 0.58203125 0.0234375 0.1140625
0 0.0328125 0.653125 0.025 0.1203125
0 0.7046875 0.540625 0.015625 0.0796875
0 0.75859375 0.55859375 0.015625 0.0953125
0 0.66484375 0.534375 0.01875 0.0578125
0 0.68984375 0.53828125 0.0125 0.06875
0 0.68203125 0.53359375 0.0125 0.059375