0 0.9828125 0.56484375 0.034375 0.1453125
0 0.7375 0.571875 0.0265625 0.1296875
0 0.06953125 0.58203125 0.0171875 0.084375
0 0.66875 0.5828125 0.03125 0.1296875
0 0.4421875 0.50078125 0.0109375 0.0453125
0 0.6109375 0.52109375 0.0125 0.0765625
0 0.06171875 0.59375 0.015625 0.08125
0 0.00234375 0.58984375 0.0046875 0.0828125
0 0.5234375 0.51640625 0.0125 0.0625
0 0.5640625 0.54296875 0.0171875 0.078125
0 0.2015625 0.51015625 0.009375 0.034375
0 0.578125 0.5359375 0.0203125 0.0859375
0 0.59296875 0.53359375 0.01875 0.0890625
0 0.53671875 0.51875 0.0125 0.065625
0 0.55546875 0.51640625 0.0125 0.065625
0 0.4703125 0.51796875 0.0140625 0.05625