0 0.709375 0.51953125 0.0109375 0.0578125
0 0.82421875 0.56328125 0.021875 0.109375
0 0.77734375 0.5703125 0.0140625 0.0953125
0 0.78984375 0.5671875 0.021875 0.096875
0 0.6984375 0.5234375 0.0109375 0.059375
0 0.76796875 0.81953125 0.0484375 0.2625
0 0.8015625 0.76640625 0.053125 0.234375
0 0.66484375 0.69609375 0.0390625 0.2015625
0 0.81484375 0.5734375 0.0171875 0.09375
0 0.6921875 0.70546875 0.0234375 0.2125
0 0.7296875 0.5765625 0.0203125 0.0953125
0 0.75703125 0.56875 0.0234375 0.0953125
0 0.91953125 0.63125 0.034375 0.1453125
0 0.71484375 0.5703125 0.0265625 0.0984375