0 0.14140625 0.63046875 0.01875 0.1109375
0 0.6015625 0.5078125 0.0140625 0.0515625
0 0.13125 0.6390625 0.0171875 0.1046875
0 0.12421875 0.64921875 0.0171875 0.1046875
0 0.04453125 0.64453125 0.025 0.109375
0 0.7109375 0.596875 0.0265625 0.1171875
0 0.7546875 0.57890625 0.0234375 0.1140625
0 0.85 0.5453125 0.01875 0.1015625
0 0.728125 0.56171875 0.0234375 0.096875
0 0.0359375 0.646875 0.0265625 0.1125
0 0.690625 0.5359375 0.015625 0.08125
0 0.65234375 0.528125 0.01875 0.0609375
0 0.64375 0.5203125 0.0125 0.046875
0 0.67578125 0.53359375 0.0125 0.0671875
0 0.6671875 0.528125 0.0125 0.0625