0 0.95625 0.5703125 0.0390625 0.1390625
0 0.728125 0.57421875 0.028125 0.13125
0 0.07109375 0.58359375 0.0171875 0.0828125
0 0.65234375 0.575 0.0296875 0.121875
0 0.4375 0.503125 0.009375 0.046875
0 0.6015625 0.521875 0.0140625 0.075
0 0.0625 0.5953125 0.0140625 0.0796875
0 0.0046875 0.59140625 0.009375 0.08125
0 0.51953125 0.51640625 0.0125 0.059375
0 0.5625 0.54140625 0.01875 0.075
0 0.2015625 0.51171875 0.0078125 0.034375
0 0.5765625 0.53828125 0.01875 0.0828125
0 0.59296875 0.5359375 0.01875 0.0890625
0 0.5328125 0.5203125 0.015625 0.065625
0 0.553125 0.51796875 0.0125 0.065625
0 0.46640625 0.51953125 0.0125 0.059375