0 0.75 0.578125 0.0234375 0.1390625
0 0.06875 0.584375 0.01875 0.0890625
0 0.68671875 0.59375 0.03125 0.134375
0 0.45 0.50078125 0.0109375 0.0453125
0 0.62109375 0.521875 0.0125 0.0796875
0 0.0625 0.596875 0.015625 0.0828125
0 0.00234375 0.59296875 0.0046875 0.0828125
0 0.52890625 0.51328125 0.0125 0.065625
0 0.56875 0.54140625 0.0171875 0.0796875
0 0.20390625 0.51015625 0.009375 0.034375
0 0.58359375 0.53671875 0.01875 0.0859375
0 0.5984375 0.53359375 0.021875 0.0859375
0 0.54296875 0.51875 0.015625 0.065625
0 0.56171875 0.51484375 0.0125 0.0671875
0 0.47734375 0.51953125 0.0140625 0.0625