0 0.1203125 0.64609375 0.0203125 0.134375
0 0.10625 0.66328125 0.0171875 0.1265625
0 0.09609375 0.66875 0.01875 0.125
0 0.0078125 0.6640625 0.015625 0.13125
0 0.709375 0.48359375 0.0125 0.053125
0 0.78828125 0.51640625 0.015625 0.0859375
0 0.7671875 0.5140625 0.01875 0.075
0 0.69609375 0.49296875 0.0125 0.0515625
0 0.684375 0.4828125 0.015625 0.053125
0 0.76328125 0.6296875 0.0359375 0.15625
0 0.83671875 0.61015625 0.0234375 0.153125
0 0.728125 0.60078125 0.0484375 0.1484375
0 0.78125 0.521875 0.0140625 0.0859375
0 0.965625 0.546875 0.021875 0.1203125
0 0.7546875 0.596875 0.0390625 0.15625
0 0.74140625 0.51875 0.015625 0.0640625
0 0.8046875 0.54375 0.0203125 0.0859375
0 0.71015625 0.51875 0.0234375 0.0703125
0 0.72578125 0.52578125 0.0125 0.0609375