0 0.7484375 0.5421875 0.0203125 0.09375
0 0.81328125 0.534375 0.021875 0.075
0 0.86953125 0.609375 0.0296875 0.1328125
0 0.91953125 0.61171875 0.03125 0.1328125
0 0.7890625 0.51796875 0.0171875 0.075
0 0.01640625 0.63203125 0.0328125 0.1640625
0 0.07109375 0.63828125 0.03125 0.1578125
0 0.25625 0.55078125 0.0171875 0.0875
0 0.27890625 0.55546875 0.0203125 0.0859375
0 0.3390625 0.52421875 0.0140625 0.06875
0 0.32734375 0.5234375 0.0125 0.0640625
0 0.35703125 0.51328125 0.0140625 0.0640625
0 0.696875 0.490625 0.009375 0.0453125
0 0.8109375 0.4859375 0.0078125 0.0375
0 0.5625 0.46953125 0.0078125 0.028125
0 0.32109375 0.5171875 0.0078125 0.06875
0 0.6296875 0.4734375 0.0078125 0.034375
0 0.678125 0.47890625 0.0078125 0.0421875
0 0.4171875 0.4875 0.009375 0.0421875
0 0.4359375 0.49609375 0.009375 0.0421875
0 0.40625 0.4921875 0.009375 0.04375
0 0.77109375 0.48515625 0.0109375 0.040625