0 0.85234375 0.57109375 0.0265625 0.1171875
0 0.72421875 0.56328125 0.025 0.1140625
0 0.61796875 0.546875 0.0203125 0.090625
0 0.26015625 0.49609375 0.0078125 0.034375
0 0.0953125 0.54375 0.0109375 0.0609375
0 0.45390625 0.49140625 0.009375 0.0453125
0 0.1421875 0.54453125 0.009375 0.0703125
0 0.14609375 0.5515625 0.0125 0.0640625
0 0.0890625 0.5484375 0.0125 0.0671875
0 0.10859375 0.53671875 0.015625 0.0703125
0 0.48828125 0.509375 0.0125 0.0546875
0 0.54453125 0.509375 0.0125 0.0578125
0 0.5359375 0.51171875 0.0109375 0.059375
0 0.57734375 0.5078125 0.015625 0.0625
0 0.5890625 0.50390625 0.015625 0.059375
0 0.49765625 0.50625 0.0140625 0.059375