0 0.87734375 0.5765625 0.034375 0.1265625
0 0.70625 0.57109375 0.0265625 0.121875
0 0.0921875 0.5734375 0.0140625 0.071875
0 0.62109375 0.5609375 0.0234375 0.1046875
0 0.0140625 0.57421875 0.0109375 0.071875
0 0.4328125 0.50546875 0.0078125 0.0421875
0 0.084375 0.58125 0.0125 0.0703125
0 0.0234375 0.575 0.0140625 0.0796875
0 0.034375 0.56796875 0.015625 0.08125
0 0.5171875 0.521875 0.0125 0.059375
0 0.50703125 0.521875 0.0125 0.0609375
0 0.5703125 0.5375 0.015625 0.065625
0 0.5828125 0.53828125 0.0125 0.075
0 0.5375 0.51875 0.0140625 0.065625
0 0.55390625 0.51953125 0.0125 0.065625
0 0.46328125 0.5203125 0.0125 0.0546875