0 0.890625 0.63046875 0.0390625 0.171875
0 0.8984375 0.53984375 0.0203125 0.09375
0 0.12734375 0.58515625 0.025 0.121875
0 0.15625 0.5859375 0.025 0.121875
0 0.2375 0.56640625 0.0203125 0.1015625
0 0.2203125 0.56796875 0.01875 0.096875
0 0.27734375 0.546875 0.0203125 0.09375
0 0.26484375 0.56015625 0.0203125 0.10625
0 0.81484375 0.50390625 0.0140625 0.046875
0 0.72109375 0.5109375 0.0125 0.0609375
0 0.8 0.50390625 0.0125 0.05
0 0.5046875 0.4734375 0.0046875 0.0296875
0 0.3671875 0.4921875 0.009375 0.0390625
0 0.621875 0.478125 0.009375 0.040625
0 0.38046875 0.49921875 0.009375 0.0515625
0 0.39453125 0.50390625 0.0109375 0.053125
0 0.35625 0.4984375 0.0109375 0.0578125
0 0.64765625 0.4890625 0.0125 0.04375
0 0.65546875 0.48984375 0.0109375 0.0453125
0 0.69765625 0.496875 0.0125 0.046875
0 0.73671875 0.49765625 0.0109375 0.05
0 0.7265625 0.4984375 0.0125 0.0515625
0 0.203125 0.565625 0.015625 0.08125
0 0.84296875 0.49921875 0.0125 0.0546875