0 0.73671875 0.5484375 0.0171875 0.0890625
0 0.796875 0.54296875 0.0203125 0.0734375
0 0.83671875 0.615625 0.028125 0.11875
0 0.88671875 0.615625 0.0359375 0.121875
0 0.7765625 0.53046875 0.015625 0.078125
0 0.01171875 0.72578125 0.0234375 0.0984375
0 0.06796875 0.60859375 0.025 0.1453125
0 0.1171875 0.6203125 0.0265625 0.1453125
0 0.26328125 0.54765625 0.0171875 0.0859375
0 0.28515625 0.55234375 0.0171875 0.0890625
0 0.3421875 0.5234375 0.0140625 0.06875
0 0.33359375 0.528125 0.0125 0.0609375
0 0.359375 0.51484375 0.0125 0.059375
0 0.56484375 0.48125 0.0078125 0.025
0 0.32578125 0.51640625 0.0078125 0.06875
0 0.6265625 0.48359375 0.0078125 0.0328125
0 0.6734375 0.49296875 0.0109375 0.0421875
0 0.41796875 0.49296875 0.009375 0.0421875
0 0.4359375 0.49921875 0.009375 0.040625
0 0.4078125 0.4953125 0.009375 0.0453125
0 0.7671875 0.49921875 0.0125 0.0390625