0 0.9484375 0.71875 0.05625 0.24375
0 0.915625 0.57265625 0.028125 0.103125
0 0.85546875 0.55859375 0.025 0.1046875
0 0.0078125 0.62734375 0.015625 0.146875
0 0.075 0.61953125 0.0265625 0.125
0 0.0453125 0.62109375 0.0265625 0.11875
0 0.1453125 0.58046875 0.021875 0.1109375
0 0.10859375 0.61640625 0.0265625 0.14375
0 0.74140625 0.5171875 0.015625 0.0515625
0 0.67890625 0.5265625 0.015625 0.06875
0 0.7328125 0.51484375 0.0109375 0.0546875
0 0.415625 0.48515625 0.0078125 0.0296875
0 0.08671875 0.56640625 0.025 0.096875
0 0.275 0.5109375 0.0078125 0.04375
0 0.559375 0.4875 0.0078125 0.040625
0 0.765625 0.5109375 0.0109375 0.0625
0 0.29921875 0.51484375 0.009375 0.059375
0 0.30703125 0.52109375 0.0109375 0.059375
0 0.2625 0.5140625 0.0109375 0.059375
0 0.2859375 0.50859375 0.0109375 0.0546875
0 0.71875 0.50546875 0.0125 0.059375
0 0.5859375 0.5015625 0.0109375 0.0453125
0 0.59453125 0.503125 0.0125 0.0484375
0 0.66640625 0.50625 0.0125 0.0484375
0 0.65625 0.50859375 0.0109375 0.0515625
0 0.03046875 0.61640625 0.0171875 0.1046875
0 0.75 0.5140625 0.009375 0.0546875