0 0.35 0.5109375 0.0140625 0.0609375
0 0.48125 0.58046875 0.0265625 0.1234375
0 0.42578125 0.58359375 0.0203125 0.1140625
0 0.43984375 0.5953125 0.021875 0.14375
0 0.0953125 0.92265625 0.0875 0.1546875
0 0.32578125 0.50390625 0.0125 0.0609375
0 0.46015625 0.58671875 0.0203125 0.125
0 0.7390625 0.65546875 0.0421875 0.1921875
0 0.0234375 0.84765625 0.046875 0.3046875
0 0.35 0.58046875 0.0234375 0.1109375
0 0.384375 0.57578125 0.0234375 0.1203125
0 0.6484375 0.71328125 0.05 0.203125
0 0.1515625 0.890625 0.0484375 0.21875
0 0.68984375 0.675 0.0515625 0.1796875
0 0.36484375 0.5640625 0.025 0.109375