0 0.93515625 0.7015625 0.0515625 0.225
0 0.92265625 0.56953125 0.028125 0.09375
0 0.86484375 0.559375 0.01875 0.1046875
0 0.009375 0.61328125 0.01875 0.1390625
0 0.03515625 0.61796875 0.0328125 0.140625
0 0.1125 0.60625 0.025 0.121875
0 0.0859375 0.60859375 0.025 0.1140625
0 0.17421875 0.57265625 0.021875 0.103125
0 0.14609375 0.60078125 0.025 0.13125
0 0.7578125 0.51953125 0.0125 0.0515625
0 0.6859375 0.528125 0.0125 0.06875
0 0.74609375 0.51640625 0.0109375 0.0546875
0 0.434375 0.48359375 0.0078125 0.0296875
0 0.1171875 0.5515625 0.01875 0.0828125
0 0.2953125 0.50625 0.0078125 0.04375
0 0.571875 0.4890625 0.0109375 0.040625
0 0.78203125 0.51484375 0.015625 0.0625
0 0.31640625 0.51171875 0.0109375 0.059375
0 0.32578125 0.51796875 0.0109375 0.059375
0 0.2828125 0.5109375 0.009375 0.0578125
0 0.30546875 0.5046875 0.0109375 0.0546875
0 0.60078125 0.503125 0.0109375 0.0453125
0 0.60703125 0.50625 0.009375 0.0453125
0 0.6734375 0.51015625 0.0109375 0.05
0 0.0703125 0.603125 0.0171875 0.0984375
0 0.76484375 0.5140625 0.0109375 0.0546875