0 0.496875 0.5015625 0.0125 0.059375
0 0.63515625 0.56171875 0.025 0.1203125
0 0.615625 0.5640625 0.0234375 0.11875
0 0.58671875 0.56875 0.0125 0.1140625
0 0.6 0.5671875 0.0203125 0.115625
0 0.48828125 0.89375 0.0671875 0.2109375
0 0.4453125 0.86796875 0.065625 0.2640625
0 0.47265625 0.4984375 0.0140625 0.0640625
0 0.91015625 0.63125 0.0328125 0.1828125
0 0.34609375 0.7890625 0.071875 0.2984375
0 0.51875 0.56640625 0.0234375 0.1140625
0 0.55234375 0.56640625 0.028125 0.1234375
0 0.7984375 0.66875 0.040625 0.184375
0 0.82734375 0.64453125 0.0390625 0.1640625
0 0.5265625 0.55234375 0.025 0.109375