0 0.68515625 0.51953125 0.0109375 0.059375
0 0.80078125 0.56953125 0.0234375 0.1109375
0 0.7546875 0.571875 0.0140625 0.1
0 0.76796875 0.57109375 0.0234375 0.0984375
0 0.67265625 0.52109375 0.0125 0.0609375
0 0.73828125 0.853125 0.053125 0.290625
0 0.6234375 0.71171875 0.0296875 0.2265625
0 0.790625 0.57265625 0.0171875 0.09375
0 0.65078125 0.72890625 0.040625 0.2375
0 0.70234375 0.58125 0.021875 0.10625
0 0.73203125 0.57421875 0.0265625 0.103125
0 0.921875 0.64375 0.0484375 0.15625
0 0.76875 0.76796875 0.046875 0.240625
0 0.6921875 0.56796875 0.0265625 0.0984375