0 0.76171875 0.56171875 0.0234375 0.109375
0 0.19453125 0.53828125 0.0140625 0.0671875
0 0.6265625 0.53515625 0.01875 0.0875
0 0.15 0.53671875 0.009375 0.0578125
0 0.4796875 0.48828125 0.0109375 0.04375
0 0.1921875 0.54296875 0.0125 0.0609375
0 0.14140625 0.53671875 0.0125 0.0671875
0 0.16328125 0.53125 0.0125 0.0625
0 0.5109375 0.50703125 0.0109375 0.0546875
0 0.51953125 0.50703125 0.009375 0.0515625
0 0.5765625 0.50703125 0.015625 0.0578125
0 0.56484375 0.509375 0.0125 0.0578125
0 0.66875 0.5140625 0.015625 0.065625
0 0.61328125 0.50390625 0.009375 0.0609375
0 0.52890625 0.50625 0.0125 0.046875