0 0.90703125 0.65703125 0.0421875 0.1875
0 0.8890625 0.55625 0.021875 0.0953125
0 0.0875 0.60078125 0.0296875 0.1296875
0 0.115625 0.60703125 0.0296875 0.1296875
0 0.19765625 0.58828125 0.021875 0.10625
0 0.17734375 0.59375 0.0203125 0.1015625
0 0.2421875 0.56640625 0.0171875 0.1
0 0.228125 0.58359375 0.021875 0.115625
0 0.7953125 0.51484375 0.0125 0.05
0 0.709375 0.521875 0.0140625 0.0640625
0 0.78125 0.51328125 0.0109375 0.0515625
0 0.48046875 0.48671875 0.00625 0.028125
0 0.3421875 0.503125 0.0078125 0.04375
0 0.60546875 0.48828125 0.0078125 0.040625
0 0.3578125 0.509375 0.009375 0.0546875
0 0.3703125 0.51640625 0.0109375 0.0546875
0 0.3296875 0.5109375 0.009375 0.0546875
0 0.63046875 0.5 0.0109375 0.0453125
0 0.63828125 0.50078125 0.0109375 0.0453125
0 0.6765625 0.50703125 0.0125 0.046875
0 0.15703125 0.58203125 0.015625 0.0890625
0 0.82109375 0.509375 0.0125 0.05625
0 0.80078125 0.51171875 0.0109375 0.05
0 0.72578125 0.50703125 0.009375 0.0515625