0 0.91171875 0.6640625 0.0421875 0.19375
0 0.8859375 0.55859375 0.0203125 0.096875
0 0.0734375 0.6015625 0.0296875 0.134375
0 0.10390625 0.609375 0.03125 0.13125
0 0.1859375 0.58984375 0.0234375 0.109375
0 0.1640625 0.59453125 0.0203125 0.103125
0 0.23125 0.56640625 0.0171875 0.1
0 0.21640625 0.58828125 0.021875 0.11875
0 0.790625 0.5171875 0.0125 0.05
0 0.70546875 0.52578125 0.0125 0.0640625
0 0.77578125 0.5140625 0.0109375 0.053125
0 0.47265625 0.4859375 0.00625 0.0296875
0 0.33515625 0.50546875 0.0078125 0.04375
0 0.59921875 0.4875 0.0078125 0.0421875
0 0.3515625 0.51171875 0.0109375 0.05625
0 0.36328125 0.51640625 0.0109375 0.05625
0 0.3234375 0.5109375 0.0109375 0.0578125
0 0.3453125 0.50390625 0.009375 0.0546875
0 0.78125 0.50703125 0.0109375 0.0546875
0 0.62578125 0.5 0.0109375 0.0453125
0 0.63359375 0.50078125 0.0109375 0.0453125
0 0.6703125 0.50625 0.0125 0.046875
0 0.7109375 0.50703125 0.0125 0.05
0 0.70234375 0.51328125 0.0125 0.0515625
0 0.14375 0.58515625 0.0171875 0.090625
0 0.815625 0.509375 0.0109375 0.05625
0 0.7953125 0.5140625 0.0125 0.0515625
0 0.71953125 0.5046875 0.0109375 0.0484375