0 0.9296875 0.59140625 0.0390625 0.1734375
0 0.12109375 0.60546875 0.0203125 0.1015625
0 0.96328125 0.68046875 0.053125 0.2234375
0 0.5484375 0.49609375 0.0125 0.0390625
0 0.10703125 0.61953125 0.015625 0.0984375
0 0.03203125 0.6140625 0.0203125 0.096875
0 0.66328125 0.565625 0.0234375 0.1015625
0 0.68984375 0.55703125 0.028125 0.121875
0 0.02578125 0.61796875 0.0203125 0.1046875
0 0.59921875 0.52421875 0.0203125 0.0703125
0 0.58203125 0.515625 0.0125 0.05625
0 0.621875 0.52421875 0.015625 0.06875
0 0.6125 0.5265625 0.0125 0.0734375