0 0.97578125 0.76875 0.0484375 0.284375
0 0.9 0.57109375 0.0328125 0.10625
0 0.82890625 0.5609375 0.0234375 0.109375
0 0.0828125 0.596875 0.021875 0.121875
0 0.0234375 0.64140625 0.0328125 0.15625
0 0.70625 0.51875 0.0125 0.05
0 0.659375 0.53046875 0.015625 0.075
0 0.37734375 0.48671875 0.00625 0.0296875
0 0.02265625 0.57890625 0.025 0.1046875
0 0.23359375 0.51640625 0.009375 0.0546875
0 0.53046875 0.48671875 0.0078125 0.0390625
0 0.7296875 0.51328125 0.015625 0.065625
0 0.26484375 0.51953125 0.0109375 0.059375
0 0.26953125 0.5265625 0.0125 0.0625
0 0.221875 0.52109375 0.0125 0.0640625
0 0.24609375 0.51328125 0.0125 0.05625
0 0.56015625 0.50390625 0.0109375 0.046875
0 0.56875 0.50390625 0.0109375 0.046875
0 0.6359375 0.50625 0.0109375 0.053125
0 0.62578125 0.50859375 0.0125 0.0546875
0 0.7359375 0.515625 0.0109375 0.0640625
0 0.6828125 0.509375 0.0109375 0.0578125
0 0.72109375 0.5125 0.0109375 0.059375
0 0.58828125 0.50546875 0.0109375 0.0453125
0 0.6453125 0.50625 0.0125 0.0484375