0 0.72109375 0.5296875 0.0109375 0.0578125
0 0.83046875 0.57265625 0.01875 0.096875
0 0.78671875 0.575 0.0125 0.0859375
0 0.7984375 0.578125 0.0203125 0.0953125
0 0.71171875 0.528125 0.0109375 0.0546875
0 0.77890625 0.78984375 0.0453125 0.2375
0 0.83125 0.74765625 0.046875 0.215625
0 0.6921875 0.69140625 0.028125 0.184375
0 0.8203125 0.5765625 0.0171875 0.09375
0 0.721875 0.7109375 0.0390625 0.2109375
0 0.74453125 0.584375 0.01875 0.0890625
0 0.76875 0.57890625 0.021875 0.0859375
0 0.9046875 0.628125 0.028125 0.140625
0 0.9296875 0.621875 0.0265625 0.128125
0 0.72578125 0.5796875 0.0265625 0.0984375