0 0.92578125 0.68984375 0.0484375 0.2109375
0 0.87265625 0.55859375 0.01875 0.103125
0 0.02890625 0.60625 0.028125 0.1375
0 0.06015625 0.61171875 0.034375 0.1359375
0 0.1390625 0.6 0.025 0.1171875
0 0.11484375 0.603125 0.021875 0.109375
0 0.19453125 0.56796875 0.0203125 0.1
0 0.17109375 0.59375 0.0234375 0.1265625
0 0.77109375 0.51953125 0.0125 0.05
0 0.69453125 0.5265625 0.0125 0.065625
0 0.75625 0.51640625 0.0109375 0.053125
0 0.4484375 0.4828125 0.0078125 0.03125
0 0.1390625 0.5484375 0.0140625 0.0859375
0 0.3109375 0.503125 0.0078125 0.04375
0 0.58203125 0.48671875 0.009375 0.040625
0 0.79296875 0.51328125 0.0171875 0.0625
0 0.32890625 0.5109375 0.0109375 0.059375
0 0.3390625 0.515625 0.0109375 0.0578125
0 0.2984375 0.50859375 0.009375 0.0578125
0 0.31953125 0.503125 0.0109375 0.0546875
0 0.75078125 0.5109375 0.0125 0.0578125
0 0.609375 0.5015625 0.0109375 0.04375
0 0.61640625 0.50546875 0.0109375 0.04375
0 0.684375 0.51171875 0.0125 0.05
0 0.096875 0.59609375 0.0171875 0.096875
0 0.77421875 0.5140625 0.0125 0.0546875
0 0.69921875 0.5015625 0.0125 0.0484375