0 0.08125 0.69453125 0.021875 0.1484375
0 0.0640625 0.71171875 0.0171875 0.140625
0 0.05 0.7203125 0.0203125 0.140625
0 0.7203125 0.50859375 0.0125 0.0515625
0 0.78828125 0.54453125 0.0203125 0.0828125
0 0.70859375 0.50859375 0.015625 0.053125
0 0.69921875 0.5078125 0.015625 0.05625
0 0.771875 0.69375 0.0390625 0.1796875
0 0.84453125 0.66796875 0.046875 0.171875
0 0.71953125 0.64609375 0.0359375 0.1703125
0 0.75 0.6484375 0.0421875 0.184375
0 0.746875 0.55 0.01875 0.075
0 0.76875 0.54765625 0.0203125 0.0734375
0 0.84375 0.575 0.0265625 0.0859375
0 0.7203125 0.55390625 0.0234375 0.0859375