0 0.76953125 0.56796875 0.0234375 0.109375
0 0.840625 0.54921875 0.01875 0.0796875
0 0.92421875 0.65234375 0.034375 0.153125
0 0.98125 0.65625 0.0375 0.1578125
0 0.81171875 0.5375 0.0171875 0.075
0 0.240625 0.5859375 0.01875 0.096875
0 0.265625 0.58984375 0.0203125 0.090625
0 0.3296875 0.55546875 0.0140625 0.0703125
0 0.3171875 0.55703125 0.0125 0.06875
0 0.35078125 0.54609375 0.0125 0.0609375
0 0.8234375 0.50859375 0.009375 0.0453125
0 0.70390625 0.50703125 0.0125 0.0453125
0 0.81484375 0.50390625 0.0078125 0.040625
0 0.559375 0.49140625 0.0078125 0.0265625
0 0.31171875 0.54765625 0.0078125 0.0734375
0 0.634375 0.49296875 0.0078125 0.034375
0 0.41640625 0.5140625 0.009375 0.0421875
0 0.43515625 0.51953125 0.009375 0.0453125
0 0.40234375 0.51328125 0.009375 0.0390625
0 0.83359375 0.50390625 0.0125 0.0453125