0 0.5296875 0.50703125 0.0125 0.059375
0 0.66953125 0.5625 0.025 0.1203125
0 0.646875 0.565625 0.0234375 0.1140625
0 0.6234375 0.56796875 0.0125 0.1125
0 0.63359375 0.56875 0.0203125 0.1140625
0 0.54609375 0.5125 0.015625 0.06875
0 0.54921875 0.88515625 0.0671875 0.2296875
0 0.51171875 0.8625 0.0609375 0.275
0 0.50703125 0.49921875 0.0125 0.0640625
0 0.94609375 0.62890625 0.034375 0.1765625
0 0.40546875 0.778125 0.065625 0.29375
0 0.55390625 0.56953125 0.0234375 0.1125
0 0.58984375 0.56640625 0.021875 0.1109375
0 0.828125 0.6625 0.04375 0.175
0 0.85859375 0.64375 0.0390625 0.159375