0 0.715625 0.51953125 0.009375 0.05625
0 0.82734375 0.565625 0.0203125 0.103125
0 0.78046875 0.56953125 0.0125 0.090625
0 0.79296875 0.56953125 0.021875 0.096875
0 0.70390625 0.52265625 0.0109375 0.05625
0 0.7734375 0.8078125 0.046875 0.2546875
0 0.8078125 0.75859375 0.05 0.23125
0 0.671875 0.69453125 0.0359375 0.1984375
0 0.8171875 0.57265625 0.0171875 0.09375
0 0.7015625 0.70625 0.0265625 0.2109375
0 0.73515625 0.578125 0.0203125 0.0921875
0 0.7609375 0.56953125 0.0234375 0.0859375
0 0.91953125 0.63125 0.0375 0.14375
0 0.7203125 0.57109375 0.0265625 0.0984375