0 0.5796875 0.51328125 0.0125 0.0578125
0 0.60546875 0.509375 0.0109375 0.0546875
0 0.72109375 0.56875 0.0234375 0.11875
0 0.696875 0.56875 0.0234375 0.10625
0 0.675 0.571875 0.015625 0.109375
0 0.6859375 0.57265625 0.0234375 0.1109375
0 0.5953125 0.51640625 0.015625 0.06875
0 0.634375 0.87578125 0.0671875 0.2484375
0 0.61015625 0.85234375 0.0640625 0.2953125
0 0.990625 0.6328125 0.01875 0.171875
0 0.5125 0.76328125 0.0609375 0.2703125
0 0.61171875 0.5765625 0.025 0.109375
0 0.6453125 0.57578125 0.0265625 0.1109375
0 0.8703125 0.659375 0.0359375 0.16875
0 0.8984375 0.64140625 0.0328125 0.1515625