0 0.91484375 0.66953125 0.04375 0.196875
0 0.88359375 0.55703125 0.01875 0.1015625
0 0.06328125 0.603125 0.028125 0.1359375
0 0.096875 0.6109375 0.0328125 0.13125
0 0.178125 0.59140625 0.0234375 0.1125
0 0.15546875 0.59609375 0.021875 0.1046875
0 0.22421875 0.565625 0.01875 0.0984375
0 0.2078125 0.590625 0.021875 0.1203125
0 0.7875 0.51796875 0.0125 0.05
0 0.70390625 0.52578125 0.0125 0.0640625
0 0.77265625 0.515625 0.0109375 0.0546875
0 0.46796875 0.484375 0.00625 0.0296875
0 0.33046875 0.50390625 0.0078125 0.04375
0 0.59609375 0.4890625 0.009375 0.040625
0 0.346875 0.51171875 0.0109375 0.05625
0 0.35859375 0.51640625 0.0109375 0.05625
0 0.31796875 0.51015625 0.009375 0.0578125
0 0.33984375 0.503125 0.0109375 0.0546875
0 0.77734375 0.5078125 0.0109375 0.0546875
0 0.62265625 0.5 0.0109375 0.0453125
0 0.63046875 0.50078125 0.0109375 0.0453125
0 0.66640625 0.50546875 0.0125 0.046875
0 0.69921875 0.5140625 0.0140625 0.0515625
0 0.13515625 0.58671875 0.0171875 0.090625
0 0.8125 0.51171875 0.0109375 0.05625
0 0.79140625 0.5140625 0.0125 0.0515625
0 0.715625 0.50390625 0.0109375 0.0484375