0 0.853125 0.5875 0.028125 0.140625
0 0.92421875 0.55 0.0203125 0.090625
0 0.8921875 0.53515625 0.0203125 0.090625
0 0.1953125 0.58125 0.0234375 0.1125
0 0.22265625 0.58359375 0.025 0.109375
0 0.2984375 0.55546875 0.015625 0.0890625
0 0.2828125 0.559375 0.015625 0.0828125
0 0.32890625 0.540625 0.015625 0.084375
0 0.315625 0.55 0.0203125 0.090625
0 0.83359375 0.496875 0.0125 0.046875
0 0.73125 0.49375 0.0109375 0.0546875
0 0.82578125 0.49375 0.0125 0.05
0 0.5421875 0.471875 0.0078125 0.0265625
0 0.40078125 0.49296875 0.009375 0.0421875
0 0.64453125 0.471875 0.009375 0.0390625
0 0.8734375 0.48671875 0.015625 0.0546875
0 0.41015625 0.4984375 0.009375 0.046875
0 0.428125 0.503125 0.009375 0.05
0 0.3921875 0.4984375 0.0109375 0.0515625
0 0.6671875 0.484375 0.0125 0.04375
0 0.67734375 0.48359375 0.0109375 0.0453125
0 0.725 0.4875 0.0125 0.046875
0 0.2703125 0.5515625 0.015625 0.0703125
0 0.778125 0.48359375 0.0109375 0.0484375