0 0.70546875 0.51953125 0.0109375 0.0578125
0 0.82109375 0.5671875 0.021875 0.109375
0 0.77421875 0.56953125 0.0125 0.09375
0 0.78671875 0.56953125 0.021875 0.096875
0 0.69453125 0.5234375 0.0109375 0.0609375
0 0.76171875 0.825 0.05 0.26875
0 0.7921875 0.7734375 0.0578125 0.2375
0 0.659375 0.70078125 0.0390625 0.2078125
0 0.6765625 0.71484375 0.0390625 0.225
0 0.7234375 0.57734375 0.0203125 0.096875
0 0.7515625 0.57109375 0.0265625 0.0953125
0 0.91953125 0.63125 0.0328125 0.1484375
0 0.8109375 0.746875 0.046875 0.225
0 0.94296875 0.6265625 0.03125 0.14375
0 0.7109375 0.56953125 0.0265625 0.0984375