0 0.08984375 0.690625 0.021875 0.1453125
0 0.07265625 0.70625 0.01875 0.1375
0 0.059375 0.7140625 0.0203125 0.1359375
0 0.71796875 0.503125 0.0125 0.0515625
0 0.80546875 0.5421875 0.0171875 0.09375
0 0.7828125 0.53828125 0.01875 0.078125
0 0.69765625 0.50546875 0.015625 0.05625
0 0.76953125 0.68203125 0.0359375 0.175
0 0.8453125 0.65859375 0.046875 0.16875
0 0.71796875 0.64140625 0.0359375 0.1640625
0 0.99453125 0.57265625 0.0109375 0.1265625
0 0.7515625 0.64375 0.05625 0.178125
0 0.74609375 0.54453125 0.01875 0.071875
0 0.7671875 0.5453125 0.01875 0.075
0 0.8375 0.5703125 0.0234375 0.0859375
0 0.71875 0.54453125 0.0234375 0.0828125