0 0.75625 0.578125 0.025 0.1390625
0 0.06953125 0.584375 0.01875 0.090625
0 0.69609375 0.59375 0.03125 0.1375
0 0.453125 0.50078125 0.0109375 0.0453125
0 0.62578125 0.52265625 0.0125 0.08125
0 0.0625 0.5984375 0.015625 0.084375
0 0.003125 0.596875 0.00625 0.0765625
0 0.571875 0.5421875 0.0171875 0.08125
0 0.20546875 0.51015625 0.009375 0.034375
0 0.58671875 0.53671875 0.015625 0.0875
0 0.60078125 0.5328125 0.0203125 0.0859375
0 0.54609375 0.51875 0.015625 0.065625
0 0.56484375 0.5140625 0.0125 0.0671875
0 0.4796875 0.51953125 0.0140625 0.0625