0 0.9609375 0.734375 0.0609375 0.2578125
0 0.91015625 0.56953125 0.03125 0.103125
0 0.84453125 0.559375 0.025 0.10625
0 0.040625 0.63203125 0.028125 0.1328125
0 0.0125 0.63359375 0.025 0.121875
0 0.11953125 0.58828125 0.0234375 0.1171875
0 0.07421875 0.6265625 0.028125 0.1484375
0 0.72421875 0.51953125 0.0125 0.05
0 0.66875 0.528125 0.015625 0.0734375
0 0.3984375 0.48828125 0.0078125 0.0296875
0 0.06015625 0.58046875 0.021875 0.115625
0 0.25625 0.515625 0.0078125 0.053125
0 0.546875 0.48828125 0.009375 0.040625
0 0.284375 0.51875 0.0109375 0.059375
0 0.29140625 0.5234375 0.0125 0.0609375
0 0.2453125 0.51640625 0.0109375 0.059375
0 0.26953125 0.51328125 0.0109375 0.05625
0 0.575 0.5015625 0.0109375 0.046875
0 0.58359375 0.5046875 0.0125 0.05
0 0.653125 0.50703125 0.0109375 0.05
0 0.64375 0.50859375 0.0109375 0.053125
0 0.75234375 0.51328125 0.0125 0.0609375
0 0.73671875 0.51328125 0.0109375 0.0546875
0 0.60625 0.50546875 0.0109375 0.04375
0 0.6609375 0.50546875 0.0125 0.046875