0 0.875 0.6109375 0.03125 0.1578125
0 0.9375 0.55859375 0.021875 0.09375
0 0.9 0.5359375 0.0203125 0.09375
0 0.165625 0.571875 0.025 0.121875
0 0.19140625 0.5765625 0.0265625 0.1203125
0 0.2734375 0.553125 0.021875 0.09375
0 0.2578125 0.55625 0.0171875 0.090625
0 0.30625 0.5375 0.0171875 0.0890625
0 0.29609375 0.5484375 0.01875 0.1
0 0.72890625 0.50546875 0.0125 0.05625
0 0.81640625 0.50390625 0.0109375 0.05
0 0.52734375 0.46953125 0.0078125 0.0296875
0 0.3875 0.48671875 0.0078125 0.0390625
0 0.6375 0.4765625 0.0078125 0.0375
0 0.39921875 0.49296875 0.0109375 0.05
0 0.4140625 0.49921875 0.0109375 0.0515625
0 0.3765625 0.4921875 0.009375 0.053125
0 0.66015625 0.48828125 0.0125 0.04375
0 0.671875 0.49140625 0.009375 0.0453125
0 0.71484375 0.49296875 0.0125 0.0453125
0 0.7453125 0.4984375 0.0125 0.04375
0 0.2421875 0.55234375 0.015625 0.071875
0 0.83671875 0.5015625 0.0140625 0.046875