0 0.8328125 0.57890625 0.028125 0.1328125
0 0.90390625 0.54921875 0.0234375 0.0890625
0 0.8765625 0.5328125 0.0203125 0.084375
0 0.20625 0.56875 0.021875 0.10625
0 0.2328125 0.571875 0.025 0.1140625
0 0.3078125 0.54609375 0.0171875 0.0828125
0 0.29453125 0.55078125 0.015625 0.0796875
0 0.33671875 0.5328125 0.015625 0.08125
0 0.32109375 0.540625 0.0140625 0.0828125
0 0.725 0.50078125 0.0109375 0.05625
0 0.54921875 0.4734375 0.0078125 0.0296875
0 0.64453125 0.478125 0.009375 0.0375
0 0.87421875 0.4984375 0.0171875 0.0515625
0 0.41328125 0.496875 0.009375 0.046875
0 0.43125 0.5 0.009375 0.05
0 0.396875 0.49296875 0.0109375 0.0453125
0 0.665625 0.48359375 0.0109375 0.05
0 0.6765625 0.48984375 0.0109375 0.046875
0 0.2828125 0.54296875 0.015625 0.06875
0 0.7796875 0.49375 0.0109375 0.0484375