0 0.13984375 0.646875 0.0203125 0.1265625
0 0.64140625 0.5125 0.0125 0.053125
0 0.12734375 0.6609375 0.0171875 0.1203125
0 0.11953125 0.66953125 0.015625 0.1171875
0 0.69609375 0.503125 0.0109375 0.0546875
0 0.68125 0.50390625 0.0125 0.0546875
0 0.66875 0.50078125 0.0140625 0.053125
0 0.7515625 0.628125 0.0328125 0.1359375
0 0.81796875 0.609375 0.028125 0.1390625
0 0.73125 0.60703125 0.0328125 0.1390625
0 0.7609375 0.5359375 0.015625 0.0765625
0 0.92890625 0.553125 0.0203125 0.0953125
0 0.76015625 0.60703125 0.0328125 0.1515625
0 0.02109375 0.6640625 0.028125 0.1296875
0 0.73046875 0.53828125 0.01875 0.075
0 0.75078125 0.53515625 0.015625 0.0640625
0 0.80625 0.6015625 0.01875 0.1375
0 0.79765625 0.55234375 0.015625 0.071875
0 0.69453125 0.534375 0.021875 0.0703125
0 0.7109375 0.53671875 0.0125 0.059375