0 0.7390625 0.54375 0.01875 0.090625
0 0.8 0.534375 0.01875 0.071875
0 0.84375 0.60625 0.0296875 0.1234375
0 0.89453125 0.60625 0.034375 0.125
0 0.77734375 0.52109375 0.015625 0.078125
0 0.059375 0.62578125 0.0265625 0.153125
0 0.10546875 0.63203125 0.0328125 0.14375
0 0.2625 0.55703125 0.01875 0.0859375
0 0.284375 0.55859375 0.015625 0.0890625
0 0.34140625 0.5265625 0.0140625 0.0625
0 0.33203125 0.528125 0.0125 0.0625
0 0.3578125 0.521875 0.015625 0.065625
0 0.5640625 0.478125 0.0109375 0.025
0 0.3234375 0.521875 0.0078125 0.0671875
0 0.6265625 0.48046875 0.0078125 0.034375
0 0.675 0.48671875 0.0109375 0.0390625
0 0.41796875 0.496875 0.009375 0.0421875
0 0.43671875 0.503125 0.009375 0.040625
0 0.40703125 0.4984375 0.009375 0.0453125
0 0.7671875 0.49296875 0.0125 0.040625