0 0.75078125 0.5578125 0.0203125 0.1125
0 0.18203125 0.5375 0.015625 0.065625
0 0.625 0.53515625 0.01875 0.084375
0 0.290625 0.49296875 0.00625 0.0328125
0 0.134375 0.53671875 0.009375 0.0578125
0 0.471875 0.48828125 0.0109375 0.04375
0 0.1796875 0.5453125 0.0125 0.0609375
0 0.12734375 0.5375 0.0125 0.0671875
0 0.14921875 0.5328125 0.0125 0.0625
0 0.5046875 0.50703125 0.0109375 0.0546875
0 0.5671875 0.50625 0.0125 0.05625
0 0.55703125 0.509375 0.0125 0.0578125
0 0.6546875 0.5140625 0.0125 0.0671875
0 0.6015625 0.503125 0.009375 0.0625
0 0.5125 0.5078125 0.0078125 0.05625
0 0.5171875 0.50625 0.0125 0.046875