0 0.5859375 0.5109375 0.0109375 0.059375
0 0.6125 0.51015625 0.0109375 0.0546875
0 0.728125 0.56953125 0.0234375 0.1203125
0 0.703125 0.56796875 0.025 0.1046875
0 0.68203125 0.5734375 0.0140625 0.109375
0 0.69296875 0.5734375 0.0234375 0.109375
0 0.60234375 0.5171875 0.015625 0.06875
0 0.64609375 0.87421875 0.065625 0.25
0 0.62265625 0.8515625 0.059375 0.296875
0 0.50234375 0.74609375 0.0421875 0.2515625
0 0.99453125 0.634375 0.0109375 0.171875
0 0.52265625 0.76171875 0.059375 0.26875
0 0.61796875 0.5765625 0.0234375 0.109375
0 0.653125 0.5765625 0.0265625 0.1125
0 0.8765625 0.659375 0.0375 0.16875
0 0.90390625 0.64140625 0.03125 0.15
0 0.8671875 0.62421875 0.0328125 0.1546875