0 0.82734375 0.5796875 0.028125 0.13125
0 0.89921875 0.54921875 0.0234375 0.0890625
0 0.871875 0.53359375 0.0203125 0.084375
0 0.2109375 0.56953125 0.021875 0.10625
0 0.23515625 0.5734375 0.025 0.1109375
0 0.3109375 0.54609375 0.0171875 0.0828125
0 0.29765625 0.5515625 0.015625 0.0796875
0 0.3375 0.5359375 0.015625 0.0796875
0 0.321875 0.5421875 0.0140625 0.078125
0 0.72421875 0.5015625 0.0109375 0.05625
0 0.55 0.47578125 0.0078125 0.028125
0 0.64453125 0.4796875 0.009375 0.0375
0 0.875 0.49921875 0.0171875 0.0515625
0 0.4140625 0.4984375 0.009375 0.046875
0 0.43203125 0.5015625 0.009375 0.05
0 0.396875 0.49375 0.0109375 0.0453125
0 0.72734375 0.49296875 0.0109375 0.04375
0 0.28671875 0.54375 0.015625 0.0671875
0 0.7796875 0.496875 0.0109375 0.0484375