0 0.98671875 0.56640625 0.0265625 0.146875
0 0.73984375 0.571875 0.0265625 0.13125
0 0.06953125 0.5828125 0.0171875 0.084375
0 0.67265625 0.584375 0.03125 0.1296875
0 0.44375 0.5015625 0.0109375 0.0453125
0 0.6125 0.52109375 0.0125 0.0765625
0 0.06171875 0.59375 0.015625 0.08125
0 0.00234375 0.59296875 0.0046875 0.084375
0 0.52421875 0.51640625 0.0125 0.0625
0 0.56484375 0.5421875 0.0171875 0.078125
0 0.20234375 0.51015625 0.009375 0.034375
0 0.57890625 0.5359375 0.0203125 0.0859375
0 0.59375 0.534375 0.0203125 0.0859375
0 0.5375 0.51875 0.0140625 0.065625
0 0.55625 0.515625 0.0125 0.065625
0 0.47109375 0.51640625 0.0140625 0.0546875