0 0.98125 0.59375 0.0375 0.1859375
0 0.1296875 0.61171875 0.0203125 0.10625
0 0.56796875 0.4953125 0.0125 0.04375
0 0.11953125 0.615625 0.01875 0.103125
0 0.11484375 0.63046875 0.0171875 0.1
0 0.68046875 0.56875 0.0234375 0.109375
0 0.70234375 0.553125 0.01875 0.1203125
0 0.034375 0.6265625 0.0265625 0.1109375
0 0.7125 0.55234375 0.0171875 0.10625
0 0.61640625 0.51875 0.01875 0.0671875
0 0.603125 0.5125 0.0125 0.0515625
0 0.6421875 0.521875 0.015625 0.0734375
0 0.6296875 0.52109375 0.0109375 0.0703125