0 0.95234375 0.72421875 0.0578125 0.2484375
0 0.91328125 0.57109375 0.028125 0.1046875
0 0.853125 0.55859375 0.0265625 0.1046875
0 0.06328125 0.6234375 0.0265625 0.125
0 0.034375 0.62578125 0.0265625 0.1203125
0 0.13671875 0.5828125 0.021875 0.1125
0 0.09765625 0.61796875 0.0265625 0.14375
0 0.7359375 0.51796875 0.0171875 0.053125
0 0.675 0.528125 0.0171875 0.06875
0 0.7296875 0.51484375 0.0109375 0.0546875
0 0.409375 0.4859375 0.0078125 0.0296875
0 0.07890625 0.5765625 0.021875 0.1125
0 0.26875 0.5125 0.0078125 0.04375
0 0.55546875 0.48671875 0.0078125 0.040625
0 0.29453125 0.515625 0.009375 0.059375
0 0.3015625 0.521875 0.0109375 0.059375
0 0.25703125 0.515625 0.0109375 0.059375
0 0.28046875 0.509375 0.0109375 0.05625
0 0.58203125 0.5015625 0.0109375 0.0453125
0 0.590625 0.503125 0.0109375 0.0484375
0 0.66171875 0.50859375 0.0125 0.0484375
0 0.6515625 0.50859375 0.0109375 0.0515625
0 0.01875 0.62109375 0.0171875 0.10625
0 0.7453125 0.5140625 0.0109375 0.0546875