0 0.52265625 0.50625 0.0109375 0.059375
0 0.66171875 0.56171875 0.025 0.1203125
0 0.6390625 0.56484375 0.0234375 0.1140625
0 0.615625 0.56875 0.0125 0.1140625
0 0.62734375 0.56796875 0.0234375 0.1140625
0 0.5390625 0.51171875 0.015625 0.06875
0 0.53203125 0.8890625 0.0625 0.221875
0 0.496875 0.8640625 0.0625 0.271875
0 0.5 0.4984375 0.0140625 0.0640625
0 0.9390625 0.63203125 0.034375 0.1765625
0 0.39140625 0.78046875 0.0671875 0.2921875
0 0.54609375 0.56875 0.0234375 0.1125
0 0.58125 0.56796875 0.028125 0.1140625
0 0.8203125 0.6640625 0.0421875 0.1765625
0 0.853125 0.64296875 0.0390625 0.1609375