0 0.98671875 0.59140625 0.0265625 0.1859375
0 0.13125 0.6140625 0.0203125 0.10625
0 0.57265625 0.49453125 0.0125 0.0453125
0 0.11640625 0.6328125 0.0171875 0.1015625
0 0.684375 0.571875 0.0234375 0.109375
0 0.79765625 0.5265625 0.015625 0.09375
0 0.70625 0.55625 0.028125 0.121875
0 0.034375 0.62890625 0.0265625 0.109375
0 0.71796875 0.553125 0.0171875 0.1046875
0 0.621875 0.51875 0.01875 0.0625
0 0.609375 0.51171875 0.0125 0.05
0 0.64765625 0.521875 0.015625 0.075
0 0.63515625 0.51953125 0.0109375 0.0703125