0 0.85234375 0.5703125 0.0265625 0.1171875
0 0.73203125 0.559375 0.0265625 0.109375
0 0.62109375 0.5375 0.0203125 0.090625
0 0.11171875 0.534375 0.009375 0.0625
0 0.4609375 0.4890625 0.0109375 0.04375
0 0.159375 0.546875 0.0125 0.0640625
0 0.10390625 0.5421875 0.0125 0.0671875
0 0.12421875 0.53203125 0.015625 0.0671875
0 0.49375 0.50703125 0.0109375 0.0546875
0 0.55234375 0.50859375 0.0125 0.0578125
0 0.54375 0.509375 0.0109375 0.059375
0 0.640625 0.515625 0.015625 0.06875
0 0.5875 0.50546875 0.0140625 0.059375
0 0.5984375 0.50234375 0.015625 0.059375
0 0.50390625 0.50390625 0.0125 0.0609375