0 0.9328125 0.69921875 0.0515625 0.221875
0 0.925 0.56953125 0.028125 0.09375
0 0.86640625 0.559375 0.01875 0.1046875
0 0.01171875 0.61171875 0.0234375 0.1390625
0 0.03984375 0.61640625 0.0328125 0.1390625
0 0.11796875 0.60546875 0.025 0.121875
0 0.09140625 0.60703125 0.025 0.1140625
0 0.178125 0.57109375 0.021875 0.1015625
0 0.15078125 0.59921875 0.025 0.1296875
0 0.7609375 0.52109375 0.0125 0.0515625
0 0.68828125 0.5265625 0.0140625 0.065625
0 0.7484375 0.51640625 0.0109375 0.0546875
0 0.4375 0.484375 0.0078125 0.0296875
0 0.121875 0.5515625 0.0171875 0.0828125
0 0.29765625 0.5078125 0.0078125 0.04375
0 0.5734375 0.4890625 0.0109375 0.040625
0 0.784375 0.5140625 0.015625 0.0640625
0 0.31875 0.51171875 0.009375 0.059375
0 0.32890625 0.51796875 0.0109375 0.059375
0 0.2859375 0.5109375 0.0109375 0.0578125
0 0.30859375 0.5046875 0.0109375 0.0546875
0 0.740625 0.5109375 0.0125 0.0578125
0 0.60234375 0.5015625 0.0109375 0.0453125
0 0.609375 0.50625 0.009375 0.0453125
0 0.67578125 0.51015625 0.0109375 0.05
0 0.07578125 0.6015625 0.0171875 0.0984375
0 0.76640625 0.5140625 0.0109375 0.0546875