0 0.90546875 0.6546875 0.0421875 0.184375
0 0.88984375 0.5546875 0.0203125 0.0953125
0 0.0921875 0.6 0.028125 0.1296875
0 0.11953125 0.60625 0.0296875 0.128125
0 0.20234375 0.5875 0.021875 0.1046875
0 0.18203125 0.59296875 0.0203125 0.1015625
0 0.2453125 0.56640625 0.015625 0.096875
0 0.23203125 0.5828125 0.021875 0.115625
0 0.796875 0.5140625 0.0109375 0.0515625
0 0.71015625 0.52109375 0.0140625 0.0640625
0 0.7828125 0.5125 0.0125 0.0515625
0 0.48203125 0.48828125 0.00625 0.028125
0 0.3453125 0.50546875 0.0078125 0.04375
0 0.60625 0.48671875 0.0078125 0.040625
0 0.36015625 0.50859375 0.0109375 0.0546875
0 0.37265625 0.51796875 0.009375 0.05625
0 0.33203125 0.51171875 0.0109375 0.0515625
0 0.63203125 0.5 0.0125 0.0453125
0 0.640625 0.5015625 0.0109375 0.0453125
0 0.678125 0.50546875 0.0125 0.046875
0 0.71953125 0.50703125 0.0125 0.05
0 0.16171875 0.58125 0.0171875 0.0890625
0 0.82265625 0.509375 0.0140625 0.0578125
0 0.80234375 0.5109375 0.0109375 0.05