0 0.93671875 0.57421875 0.034375 0.1390625
0 0.72265625 0.57734375 0.028125 0.1296875
0 0.07265625 0.584375 0.0171875 0.0828125
0 0.64453125 0.57421875 0.0296875 0.1203125
0 0.4359375 0.50625 0.009375 0.046875
0 0.065625 0.59453125 0.0140625 0.078125
0 0.00546875 0.59296875 0.0109375 0.0796875
0 0.51796875 0.51953125 0.0125 0.059375
0 0.50703125 0.52421875 0.0125 0.0640625
0 0.56171875 0.5421875 0.01875 0.0734375
0 0.20234375 0.51328125 0.0078125 0.034375
0 0.57578125 0.540625 0.01875 0.0796875
0 0.59375 0.53515625 0.0203125 0.0859375
0 0.53203125 0.52265625 0.015625 0.0640625
0 0.5515625 0.51875 0.0125 0.065625
0 0.4640625 0.52109375 0.0109375 0.059375