0 0.8765625 0.6125 0.03125 0.159375
0 0.93671875 0.55859375 0.0234375 0.09375
0 0.90078125 0.53671875 0.0203125 0.09375
0 0.1625 0.571875 0.025 0.121875
0 0.1875 0.578125 0.0265625 0.1203125
0 0.27109375 0.55390625 0.021875 0.09375
0 0.2546875 0.55625 0.0171875 0.09375
0 0.30390625 0.53671875 0.01875 0.0890625
0 0.29296875 0.5484375 0.01875 0.1015625
0 0.82734375 0.503125 0.0125 0.046875
0 0.728125 0.50546875 0.0125 0.0578125
0 0.81484375 0.503125 0.0109375 0.05
0 0.52578125 0.46953125 0.00625 0.0296875
0 0.3859375 0.4859375 0.0078125 0.0390625
0 0.6359375 0.47578125 0.0078125 0.0375
0 0.39765625 0.49296875 0.0109375 0.05
0 0.4125 0.49921875 0.0109375 0.0515625
0 0.37421875 0.49140625 0.0109375 0.0546875
0 0.65859375 0.48828125 0.0125 0.04375
0 0.671875 0.4921875 0.0109375 0.0453125
0 0.71328125 0.49375 0.0125 0.0453125
0 0.74375 0.4984375 0.0125 0.0453125
0 0.23828125 0.5515625 0.015625 0.0734375
0 0.83515625 0.5015625 0.0140625 0.046875