0 0.85234375 0.57109375 0.0265625 0.1171875
0 0.72578125 0.56171875 0.025 0.1140625
0 0.61875 0.5453125 0.0203125 0.090625
0 0.2625 0.49453125 0.0078125 0.034375
0 0.09921875 0.540625 0.0109375 0.0609375
0 0.4546875 0.48984375 0.0109375 0.046875
0 0.14375 0.54375 0.009375 0.0703125
0 0.14765625 0.55078125 0.0125 0.0640625
0 0.09140625 0.546875 0.0125 0.06875
0 0.11171875 0.5359375 0.015625 0.0703125
0 0.4890625 0.509375 0.0125 0.0546875
0 0.54609375 0.509375 0.0125 0.0578125
0 0.53671875 0.5109375 0.0109375 0.059375
0 0.57890625 0.50703125 0.015625 0.0609375
0 0.58984375 0.50390625 0.015625 0.059375
0 0.49921875 0.50625 0.0140625 0.059375