0 0.72421875 0.5203125 0.0171875 0.0859375
0 0.78046875 0.5109375 0.0203125 0.0671875
0 0.809375 0.5734375 0.0296875 0.109375
0 0.85546875 0.5703125 0.0296875 0.10625
0 0.7625 0.50234375 0.0171875 0.0734375
0 0.0109375 0.70625 0.021875 0.2078125
0 0.0703125 0.690625 0.0265625 0.090625
0 0.109375 0.59140625 0.025 0.14375
0 0.15 0.59921875 0.025 0.1375
0 0.26953125 0.5390625 0.01875 0.0859375
0 0.290625 0.5390625 0.015625 0.0890625
0 0.34609375 0.5109375 0.0140625 0.065625
0 0.3375 0.509375 0.0125 0.0546875
0 0.35859375 0.49921875 0.0109375 0.053125
0 0.56171875 0.4640625 0.0078125 0.025
0 0.3296875 0.50390625 0.009375 0.065625
0 0.6203125 0.46171875 0.0078125 0.0328125
0 0.665625 0.46640625 0.009375 0.034375
0 0.41640625 0.48046875 0.009375 0.04375
0 0.43515625 0.48671875 0.009375 0.0390625
0 0.40703125 0.48125 0.0078125 0.0421875
0 0.76171875 0.47265625 0.009375 0.0390625