0 0.8859375 0.57890625 0.0234375 0.1125
0 0.8015625 0.56640625 0.028125 0.1046875
0 0.028125 0.60625 0.025 0.1296875
0 0.646875 0.53359375 0.0171875 0.0734375
0 0.68515625 0.51796875 0.0109375 0.053125
0 0.2 0.51875 0.009375 0.0546875
0 0.509375 0.48671875 0.0109375 0.04375
0 0.234375 0.5234375 0.0109375 0.059375
0 0.23828125 0.53125 0.0125 0.0640625
0 0.1890625 0.5234375 0.0140625 0.0625
0 0.2125 0.51640625 0.0125 0.0625
0 0.5390625 0.50390625 0.009375 0.053125
0 0.54921875 0.50703125 0.0125 0.0515625
0 0.61015625 0.503125 0.0125 0.0546875
0 0.60078125 0.50859375 0.0125 0.0546875
0 0.71015625 0.515625 0.015625 0.065625
0 0.6640625 0.50625 0.0140625 0.059375
0 0.56328125 0.50390625 0.009375 0.0453125
0 0.6171875 0.50703125 0.0125 0.05