0 0.0671875 0.70234375 0.025 0.1546875
0 0.046875 0.72109375 0.01875 0.1453125
0 0.03515625 0.73046875 0.021875 0.15
0 0.72109375 0.515625 0.0109375 0.0515625
0 0.81640625 0.553125 0.01875 0.09375
0 0.71171875 0.51328125 0.0109375 0.0515625
0 0.7015625 0.5125 0.0171875 0.05625
0 0.7734375 0.71328125 0.0359375 0.1859375
0 0.84453125 0.68671875 0.046875 0.1765625
0 0.71796875 0.653125 0.028125 0.175
0 0.80703125 0.55859375 0.01875 0.090625
0 0.73515625 0.66171875 0.04375 0.1875
0 0.74765625 0.56015625 0.01875 0.078125
0 0.76875 0.5578125 0.01875 0.0734375
0 0.72265625 0.56328125 0.025 0.090625