0 0.9875 0.78828125 0.025 0.2953125
0 0.8921875 0.57421875 0.028125 0.1125
0 0.815625 0.56171875 0.0234375 0.109375
0 0.05234375 0.60078125 0.025 0.1265625
0 0.68984375 0.51796875 0.0125 0.0515625
0 0.653125 0.53359375 0.015625 0.075
0 0.69609375 0.515625 0.0109375 0.053125
0 0.21640625 0.51484375 0.009375 0.0546875
0 0.51875 0.48671875 0.009375 0.04375
0 0.71328125 0.51328125 0.015625 0.065625
0 0.25078125 0.5296875 0.0125 0.0640625
0 0.2046875 0.5203125 0.0125 0.0625
0 0.2265625 0.51484375 0.0125 0.059375
0 0.54921875 0.503125 0.009375 0.0515625
0 0.55859375 0.50625 0.0125 0.0484375
0 0.62109375 0.5046875 0.0109375 0.0546875
0 0.61171875 0.509375 0.0125 0.05625
0 0.72265625 0.515625 0.0125 0.065625
0 0.6671875 0.50625 0.0109375 0.0578125
0 0.67578125 0.50703125 0.0140625 0.059375
0 0.57421875 0.50390625 0.009375 0.0453125
0 0.6296875 0.50703125 0.0125 0.05