0 0.96015625 0.85859375 0.0796875 0.2796875
0 0.31796875 0.58515625 0.03125 0.1390625
0 0.26328125 0.6 0.0375 0.153125
0 0.2046875 0.57109375 0.025 0.10625
0 0.15546875 0.503125 0.0171875 0.06875
0 0.28359375 0.59296875 0.0234375 0.140625
0 0.53984375 0.6671875 0.040625 0.203125
0 0.1609375 0.58359375 0.0296875 0.1171875
0 0.1921875 0.58125 0.021875 0.121875
0 0.45390625 0.7609375 0.05625 0.2546875
0 0.5234375 0.6984375 0.0453125 0.1953125
0 0.48984375 0.6765625 0.0515625 0.20625
0 0.1796875 0.565625 0.025 0.1140625