0 0.90234375 0.57421875 0.0375 0.13125
0 0.7125 0.571875 0.0265625 0.1265625
0 0.08203125 0.57265625 0.015625 0.075
0 0.6328125 0.56875 0.0265625 0.109375
0 0.4328125 0.50234375 0.009375 0.046875
0 0.075 0.58671875 0.0140625 0.075
0 0.009375 0.57890625 0.015625 0.0859375
0 0.01875 0.57265625 0.0140625 0.0828125
0 0.5171875 0.51953125 0.0125 0.059375
0 0.50703125 0.5234375 0.0125 0.0609375
0 0.56328125 0.540625 0.015625 0.0671875
0 0.578125 0.53359375 0.015625 0.0796875
0 0.5921875 0.53203125 0.015625 0.0796875
0 0.534375 0.52109375 0.015625 0.0640625
0 0.5515625 0.51796875 0.0125 0.0609375
0 0.46171875 0.52109375 0.0125 0.05625