0 0.825 0.58046875 0.028125 0.1296875
0 0.89765625 0.54921875 0.0234375 0.0890625
0 0.86953125 0.53359375 0.0203125 0.084375
0 0.2125 0.5703125 0.021875 0.10625
0 0.23671875 0.5734375 0.025 0.109375
0 0.3125 0.54609375 0.0171875 0.08125
0 0.29765625 0.5515625 0.015625 0.0796875
0 0.33828125 0.5359375 0.015625 0.078125
0 0.32265625 0.54140625 0.0140625 0.0796875
0 0.7234375 0.5015625 0.0109375 0.05625
0 0.55078125 0.478125 0.0078125 0.028125
0 0.64453125 0.48046875 0.009375 0.0375
0 0.87578125 0.50078125 0.0171875 0.0515625
0 0.4140625 0.49921875 0.009375 0.046875
0 0.4328125 0.5015625 0.0109375 0.05
0 0.39765625 0.49453125 0.0109375 0.0453125
0 0.728125 0.49296875 0.0109375 0.0421875
0 0.2890625 0.54375 0.015625 0.0671875
0 0.77890625 0.49609375 0.0109375 0.0484375