0 0.8578125 0.5671875 0.0328125 0.1234375
0 0.709375 0.5640625 0.025 0.1171875
0 0.1125 0.56015625 0.015625 0.0671875
0 0.6171875 0.55078125 0.021875 0.096875
0 0.58359375 0.53046875 0.0125 0.065625
0 0.228125 0.503125 0.0078125 0.0359375
0 0.4390625 0.4984375 0.009375 0.0453125
0 0.1078125 0.56875 0.0140625 0.06875
0 0.05 0.565625 0.0125 0.0734375
0 0.06484375 0.55703125 0.0140625 0.078125
0 0.525 0.51328125 0.015625 0.05625
0 0.51484375 0.515625 0.0125 0.0609375
0 0.503125 0.51328125 0.0109375 0.05
0 0.55234375 0.51171875 0.015625 0.0609375
0 0.5640625 0.5109375 0.015625 0.059375
0 0.47265625 0.515625 0.0125 0.0515625