0 0.7546875 0.5453125 0.0203125 0.0984375
0 0.82109375 0.5359375 0.0203125 0.0765625
0 0.88671875 0.61875 0.03125 0.1390625
0 0.9375 0.61953125 0.034375 0.1359375
0 0.796875 0.51796875 0.0171875 0.075
0 0.04609375 0.6453125 0.03125 0.15625
0 0.2515625 0.55390625 0.0171875 0.090625
0 0.27421875 0.559375 0.0203125 0.090625
0 0.3359375 0.52890625 0.0140625 0.0703125
0 0.325 0.53203125 0.0125 0.0671875
0 0.35546875 0.51875 0.015625 0.0609375
0 0.81953125 0.4875 0.0109375 0.0359375
0 0.6984375 0.49140625 0.0109375 0.0453125
0 0.81171875 0.48359375 0.0078125 0.03125
0 0.56015625 0.4734375 0.009375 0.0296875
0 0.31796875 0.52109375 0.0078125 0.0703125
0 0.63125 0.47421875 0.0078125 0.034375
0 0.68046875 0.4828125 0.0078125 0.0421875
0 0.415625 0.49140625 0.009375 0.0421875
0 0.4046875 0.49375 0.009375 0.04375