0 0.78203125 0.55546875 0.0234375 0.1125
0 0.85859375 0.53984375 0.0171875 0.08125
0 0.9578125 0.653125 0.040625 0.159375
0 0.825 0.51875 0.0171875 0.078125
0 0.234375 0.5640625 0.01875 0.103125
0 0.25859375 0.56328125 0.0203125 0.1046875
0 0.3265625 0.54140625 0.0140625 0.075
0 0.31171875 0.54140625 0.0125 0.0703125
0 0.34921875 0.5234375 0.015625 0.0703125
0 0.70859375 0.49296875 0.0109375 0.046875
0 0.8171875 0.4953125 0.0109375 0.0484375
0 0.55625 0.47734375 0.0078125 0.025
0 0.30625 0.521875 0.0109375 0.0703125
0 0.63671875 0.47578125 0.0078125 0.034375
0 0.415625 0.49453125 0.009375 0.0453125
0 0.434375 0.49921875 0.009375 0.046875
0 0.4015625 0.49375 0.0125 0.0453125
0 0.83515625 0.49140625 0.0125 0.0453125
0 0.77578125 0.4859375 0.0125 0.046875