0 0.90234375 0.65 0.0421875 0.18125
0 0.89140625 0.5515625 0.0203125 0.09375
0 0.10078125 0.596875 0.028125 0.128125
0 0.1265625 0.60546875 0.028125 0.1265625
0 0.209375 0.58671875 0.021875 0.103125
0 0.18984375 0.5875 0.0171875 0.1015625
0 0.2515625 0.56328125 0.0171875 0.096875
0 0.240625 0.58046875 0.021875 0.1140625
0 0.80078125 0.51328125 0.0109375 0.0515625
0 0.7125 0.51953125 0.015625 0.0625
0 0.4875 0.484375 0.0078125 0.0265625
0 0.3484375 0.50390625 0.0078125 0.04375
0 0.61015625 0.4859375 0.0078125 0.040625
0 0.3640625 0.50703125 0.0109375 0.0546875
0 0.37734375 0.5140625 0.009375 0.0546875
0 0.33671875 0.509375 0.0109375 0.0546875
0 0.63515625 0.496875 0.0125 0.04375
0 0.6421875 0.4984375 0.0109375 0.04375
0 0.6828125 0.50390625 0.0125 0.046875
0 0.7234375 0.50546875 0.0109375 0.05
0 0.1703125 0.57890625 0.0171875 0.0859375
0 0.8265625 0.50703125 0.015625 0.0578125
0 0.80546875 0.509375 0.0109375 0.05