0 0.9296875 0.69453125 0.05 0.215625
0 0.9265625 0.57109375 0.0265625 0.0953125
0 0.86953125 0.55859375 0.01875 0.103125
0 0.01953125 0.60859375 0.028125 0.1375
0 0.04921875 0.6140625 0.0328125 0.1375
0 0.128125 0.60234375 0.025 0.1203125
0 0.103125 0.6046875 0.0234375 0.1109375
0 0.18671875 0.56953125 0.0203125 0.1
0 0.1609375 0.596875 0.0234375 0.1296875
0 0.765625 0.51953125 0.0125 0.0515625
0 0.690625 0.528125 0.0140625 0.065625
0 0.75234375 0.51796875 0.0109375 0.053125
0 0.44296875 0.4859375 0.00625 0.028125
0 0.13046875 0.5515625 0.015625 0.084375
0 0.30390625 0.50546875 0.0078125 0.04375
0 0.578125 0.4875 0.0109375 0.040625
0 0.78828125 0.51328125 0.015625 0.0625
0 0.3234375 0.5109375 0.0109375 0.059375
0 0.33359375 0.51640625 0.009375 0.0578125
0 0.2921875 0.509375 0.0109375 0.0578125
0 0.3140625 0.50390625 0.009375 0.05625
0 0.7453125 0.5109375 0.0125 0.0578125
0 0.60546875 0.5015625 0.0109375 0.0453125
0 0.61328125 0.50546875 0.0109375 0.0453125
0 0.68046875 0.5109375 0.0125 0.05
0 0.0859375 0.59921875 0.0171875 0.0984375
0 0.7703125 0.5140625 0.0109375 0.0546875
0 0.69375 0.5015625 0.0125 0.0484375