0 0.1390625 0.62109375 0.0203125 0.1109375
0 0.58984375 0.5015625 0.0125 0.05
0 0.12890625 0.63046875 0.0171875 0.1
0 0.12265625 0.63984375 0.0171875 0.1015625
0 0.7 0.58671875 0.0265625 0.1140625
0 0.7359375 0.56875 0.0234375 0.10625
0 0.828125 0.5328125 0.0171875 0.09375
0 0.721875 0.5609375 0.03125 0.11875
0 0.03671875 0.6359375 0.0265625 0.1125
0 0.67734375 0.528125 0.015625 0.078125
0 0.6875 0.53671875 0.0171875 0.0796875
0 0.640625 0.52109375 0.021875 0.065625
0 0.6296875 0.5140625 0.0125 0.046875
0 0.66484375 0.5265625 0.0140625 0.0703125
0 0.6546875 0.5234375 0.0125 0.065625