0 0.9546875 0.7265625 0.059375 0.25
0 0.9125 0.57109375 0.028125 0.1046875
0 0.85078125 0.55859375 0.0265625 0.1046875
0 0.05859375 0.62578125 0.0265625 0.125
0 0.028125 0.6265625 0.028125 0.1203125
0 0.1328125 0.58359375 0.021875 0.1140625
0 0.0921875 0.61953125 0.0265625 0.14375
0 0.7328125 0.51875 0.0171875 0.0515625
0 0.67265625 0.528125 0.015625 0.0703125
0 0.40703125 0.48671875 0.0078125 0.0296875
0 0.07421875 0.57890625 0.0234375 0.1140625
0 0.26484375 0.5140625 0.0109375 0.05
0 0.55234375 0.4875 0.009375 0.040625
0 0.2921875 0.51640625 0.0109375 0.059375
0 0.29921875 0.52265625 0.0109375 0.0609375
0 0.2546875 0.515625 0.0109375 0.059375
0 0.27734375 0.51015625 0.0109375 0.05625
0 0.58046875 0.5015625 0.0109375 0.0453125
0 0.58828125 0.503125 0.0109375 0.05
0 0.659375 0.5078125 0.0109375 0.05
0 0.65 0.50859375 0.0109375 0.0515625
0 0.01328125 0.6234375 0.0171875 0.10625
0 0.74296875 0.51328125 0.009375 0.0546875
0 0.61328125 0.50546875 0.009375 0.04375