0 0.99375 0.56171875 0.0125 0.146875
0 0.7453125 0.5734375 0.0265625 0.134375
0 0.06875 0.58359375 0.01875 0.0859375
0 0.6796875 0.5890625 0.0328125 0.13125
0 0.446875 0.49921875 0.0109375 0.0453125
0 0.61640625 0.52109375 0.0125 0.0765625
0 0.06171875 0.59453125 0.015625 0.0828125
0 0.00234375 0.58984375 0.0046875 0.084375
0 0.52578125 0.515625 0.0125 0.0640625
0 0.56640625 0.54140625 0.0171875 0.0796875
0 0.203125 0.51015625 0.009375 0.034375
0 0.59609375 0.53515625 0.0234375 0.0875
0 0.540625 0.51875 0.015625 0.065625
0 0.559375 0.515625 0.0125 0.065625
0 0.4734375 0.5203125 0.0140625 0.0625