0 0.8703125 0.56796875 0.025 0.1140625
0 0.78125 0.5609375 0.0234375 0.1140625
0 0.215625 0.53125 0.0125 0.0640625
0 0.634375 0.53203125 0.0171875 0.0765625
0 0.17265625 0.52890625 0.009375 0.05625
0 0.4921875 0.48828125 0.0109375 0.04375
0 0.6796875 0.5140625 0.0125 0.0609375
0 0.20859375 0.53125 0.0109375 0.0625
0 0.2125 0.53828125 0.0125 0.059375
0 0.1625 0.53203125 0.0140625 0.065625
0 0.18515625 0.52421875 0.0125 0.0640625
0 0.52265625 0.50625 0.009375 0.05625
0 0.53203125 0.5078125 0.0109375 0.05625
0 0.59375 0.50234375 0.0125 0.05625
0 0.58203125 0.5078125 0.0125 0.05625
0 0.6875 0.515625 0.015625 0.065625
0 0.64609375 0.5046875 0.0140625 0.059375
0 0.54296875 0.50625 0.0125 0.0453125