0 0.94140625 0.57421875 0.0359375 0.1390625
0 0.72421875 0.578125 0.028125 0.1296875
0 0.071875 0.5859375 0.0171875 0.084375
0 0.64609375 0.575 0.028125 0.1203125
0 0.4359375 0.50390625 0.009375 0.046875
0 0.06484375 0.59453125 0.0140625 0.078125
0 0.00546875 0.59609375 0.0109375 0.08125
0 0.51875 0.51953125 0.0125 0.059375
0 0.509375 0.52265625 0.0109375 0.0640625
0 0.5625 0.5421875 0.01875 0.0734375
0 0.20234375 0.51328125 0.0078125 0.0359375
0 0.57578125 0.53984375 0.01875 0.0796875
0 0.59375 0.53515625 0.021875 0.0859375
0 0.53203125 0.521875 0.015625 0.0640625
0 0.55234375 0.51875 0.0125 0.065625
0 0.46484375 0.52109375 0.0125 0.059375