0 0.8578125 0.56796875 0.0328125 0.125
0 0.70859375 0.565625 0.025 0.121875
0 0.1109375 0.56171875 0.015625 0.0671875
0 0.6171875 0.55 0.021875 0.09375
0 0.58203125 0.53125 0.0125 0.065625
0 0.22734375 0.503125 0.0078125 0.034375
0 0.04296875 0.5625 0.0125 0.0703125
0 0.43828125 0.49765625 0.009375 0.0453125
0 0.10625 0.56953125 0.0140625 0.06875
0 0.046875 0.56640625 0.0140625 0.075
0 0.0625 0.55859375 0.0140625 0.078125
0 0.52421875 0.51328125 0.015625 0.05625
0 0.5140625 0.51640625 0.0125 0.0609375
0 0.503125 0.51328125 0.0109375 0.05
0 0.55078125 0.51328125 0.015625 0.0609375
0 0.56328125 0.5109375 0.015625 0.059375
0 0.47109375 0.515625 0.0125 0.0515625