0 0.6390625 0.515625 0.0125 0.0625
0 0.6921875 0.52109375 0.0109375 0.0609375
0 0.80703125 0.5703125 0.021875 0.1109375
0 0.76171875 0.571875 0.015625 0.0984375
0 0.7734375 0.56953125 0.0234375 0.096875
0 0.68046875 0.521875 0.0125 0.0609375
0 0.746875 0.84453125 0.0515625 0.284375
0 0.63671875 0.709375 0.0328125 0.215625
0 0.6578125 0.7265625 0.0390625 0.234375
0 0.7078125 0.5796875 0.0203125 0.1046875
0 0.73828125 0.57421875 0.0265625 0.103125
0 0.921875 0.64375 0.040625 0.15625
0 0.78359375 0.76328125 0.053125 0.2359375
0 0.7 0.56796875 0.0265625 0.0984375