0 0.77109375 0.565625 0.0234375 0.109375
0 0.8453125 0.546875 0.01875 0.0796875
0 0.93046875 0.65625 0.034375 0.1546875
0 0.984375 0.65390625 0.03125 0.16875
0 0.8140625 0.53984375 0.0171875 0.075
0 0.2390625 0.57890625 0.01875 0.0984375
0 0.265625 0.58671875 0.0203125 0.096875
0 0.32890625 0.5484375 0.0140625 0.071875
0 0.315625 0.5515625 0.0125 0.06875
0 0.35078125 0.54140625 0.015625 0.065625
0 0.8234375 0.51015625 0.0109375 0.04375
0 0.70546875 0.5109375 0.0125 0.046875
0 0.55859375 0.48671875 0.0078125 0.0265625
0 0.31015625 0.54375 0.009375 0.071875
0 0.63515625 0.49375 0.0078125 0.034375
0 0.415625 0.50703125 0.009375 0.04375
0 0.43515625 0.5140625 0.009375 0.0453125
0 0.40234375 0.50859375 0.0109375 0.04375
0 0.83359375 0.50703125 0.0109375 0.0453125