0 0.14296875 0.63984375 0.0203125 0.11875
0 0.61640625 0.51328125 0.0125 0.053125
0 0.1328125 0.65234375 0.0171875 0.1109375
0 0.12421875 0.65859375 0.0171875 0.109375
0 0.0421875 0.65234375 0.0234375 0.1125
0 0.65546875 0.50859375 0.0125 0.0546875
0 0.640625 0.50234375 0.0140625 0.0453125
0 0.778125 0.59375 0.0265625 0.121875
0 0.8765625 0.55390625 0.01875 0.1015625
0 0.0328125 0.653125 0.0265625 0.1203125
0 0.70703125 0.540625 0.015625 0.078125
0 0.7234375 0.534375 0.0140625 0.0703125
0 0.76015625 0.5578125 0.0125 0.09375
0 0.66796875 0.53359375 0.0171875 0.05625
0 0.6921875 0.5390625 0.0125 0.06875
0 0.68359375 0.534375 0.0125 0.059375