0 0.14140625 0.62421875 0.01875 0.109375
0 0.5984375 0.50703125 0.0125 0.0515625
0 0.13125 0.6375 0.0171875 0.103125
0 0.12421875 0.646875 0.0171875 0.1046875
0 0.0453125 0.6375 0.0234375 0.10625
0 0.709375 0.59453125 0.0265625 0.1171875
0 0.75078125 0.57578125 0.0234375 0.1140625
0 0.84609375 0.54375 0.01875 0.0953125
0 0.7265625 0.56171875 0.025 0.1015625
0 0.03671875 0.64375 0.0265625 0.1125
0 0.68828125 0.5359375 0.015625 0.0796875
0 0.65 0.52578125 0.0203125 0.0640625
0 0.675 0.53046875 0.0125 0.06875
0 0.66484375 0.528125 0.0125 0.0625