0 0.678125 0.51875 0.0109375 0.0578125
0 0.79453125 0.56953125 0.021875 0.1125
0 0.7484375 0.57265625 0.0125 0.1015625
0 0.76171875 0.57265625 0.0234375 0.1015625
0 0.665625 0.52109375 0.0125 0.0625
0 0.72734375 0.85546875 0.0546875 0.2890625
0 0.61015625 0.71640625 0.028125 0.2296875
0 0.7828125 0.571875 0.0171875 0.09375
0 0.6359375 0.73046875 0.03125 0.2453125
0 0.69296875 0.5796875 0.0234375 0.10625
0 0.7234375 0.575 0.028125 0.1046875
0 0.91875 0.64921875 0.046875 0.15625
0 0.7515625 0.77109375 0.040625 0.24375
0 0.6859375 0.56640625 0.0265625 0.0984375