0 0.70390625 0.51953125 0.0109375 0.059375
0 0.81875 0.56640625 0.021875 0.1078125
0 0.7734375 0.56953125 0.0140625 0.09375
0 0.78515625 0.56953125 0.021875 0.096875
0 0.69296875 0.52421875 0.0109375 0.0609375
0 0.759375 0.828125 0.05 0.271875
0 0.78515625 0.77578125 0.0515625 0.240625
0 0.65625 0.7015625 0.0375 0.2125
0 0.81015625 0.57421875 0.0171875 0.09375
0 0.671875 0.7171875 0.0421875 0.2234375
0 0.7203125 0.578125 0.0203125 0.0984375
0 0.74921875 0.57109375 0.0265625 0.096875
0 0.91953125 0.634375 0.034375 0.1484375
0 0.80625 0.7515625 0.0515625 0.2265625
0 0.94375 0.628125 0.0328125 0.1453125
0 0.709375 0.56953125 0.0265625 0.0984375