0 0.86953125 0.60625 0.0296875 0.153125
0 0.8984375 0.53515625 0.0203125 0.09375
0 0.175 0.57109375 0.025 0.1203125
0 0.20078125 0.57421875 0.025 0.1171875
0 0.28125 0.55390625 0.021875 0.090625
0 0.2671875 0.5546875 0.015625 0.0890625
0 0.3140625 0.5359375 0.0171875 0.0890625
0 0.30234375 0.54765625 0.0171875 0.1
0 0.83125 0.503125 0.0125 0.0484375
0 0.73046875 0.5046875 0.0125 0.0546875
0 0.8203125 0.50390625 0.0109375 0.05
0 0.5328125 0.46953125 0.0078125 0.03125
0 0.3921875 0.48984375 0.0078125 0.0390625
0 0.63984375 0.47578125 0.0078125 0.0390625
0 0.40234375 0.49375 0.0109375 0.05
0 0.41875 0.49921875 0.009375 0.0515625
0 0.38125 0.49296875 0.009375 0.053125
0 0.66171875 0.48671875 0.0125 0.04375
0 0.67421875 0.4890625 0.009375 0.0453125
0 0.71875 0.4921875 0.0125 0.0453125
0 0.25 0.5515625 0.015625 0.0703125