0 0.859375 0.59453125 0.0296875 0.14375
0 0.928125 0.553125 0.0234375 0.090625
0 0.89609375 0.5359375 0.0203125 0.0921875
0 0.18828125 0.5734375 0.0234375 0.1171875
0 0.21328125 0.57734375 0.025 0.115625
0 0.29296875 0.55234375 0.0203125 0.090625
0 0.27734375 0.55546875 0.0171875 0.0828125
0 0.32265625 0.5375 0.015625 0.084375
0 0.31171875 0.5484375 0.01875 0.0953125
0 0.73125 0.50546875 0.0125 0.0546875
0 0.82421875 0.503125 0.0125 0.05
0 0.53984375 0.4734375 0.0078125 0.0296875
0 0.4 0.490625 0.0078125 0.04375
0 0.64453125 0.47734375 0.009375 0.0390625
0 0.871875 0.50078125 0.0140625 0.053125
0 0.4078125 0.49453125 0.0109375 0.05
0 0.42578125 0.49921875 0.009375 0.05
0 0.3890625 0.49609375 0.009375 0.0515625
0 0.83671875 0.5015625 0.0109375 0.0546875
0 0.66484375 0.48515625 0.0125 0.04375
0 0.6765625 0.4875 0.009375 0.046875
0 0.72578125 0.49453125 0.0125 0.05
0 0.2625 0.546875 0.015625 0.0703125
0 0.77734375 0.4953125 0.0109375 0.0484375