0 0.93984375 0.70859375 0.053125 0.234375
0 0.92109375 0.5734375 0.0296875 0.1015625
0 0.8609375 0.5609375 0.0203125 0.1046875
0 0.01953125 0.621875 0.03125 0.14375
0 0.096875 0.61171875 0.0265625 0.125
0 0.06875 0.61328125 0.0265625 0.115625
0 0.16171875 0.57578125 0.021875 0.10625
0 0.13125 0.60546875 0.025 0.1359375
0 0.75 0.51875 0.0140625 0.05
0 0.6828125 0.515625 0.015625 0.0734375
0 0.740625 0.51640625 0.0109375 0.0546875
0 0.4265625 0.4828125 0.0078125 0.0296875
0 0.10546875 0.55703125 0.021875 0.0875
0 0.28671875 0.509375 0.0078125 0.04375
0 0.565625 0.48828125 0.0109375 0.040625
0 0.77578125 0.51171875 0.0125 0.059375
0 0.309375 0.51171875 0.0109375 0.059375
0 0.31796875 0.51953125 0.0109375 0.059375
0 0.2734375 0.51328125 0.0109375 0.0578125
0 0.29765625 0.50546875 0.0109375 0.05625
0 0.59453125 0.5015625 0.0109375 0.0453125
0 0.6015625 0.5046875 0.0109375 0.0484375
0 0.66640625 0.509375 0.0109375 0.0515625
0 0.0546875 0.60703125 0.0171875 0.1015625
0 0.75859375 0.5140625 0.0109375 0.0546875