0 0.68125 0.51875 0.0109375 0.059375
0 0.7984375 0.5703125 0.0203125 0.1109375
0 0.7515625 0.571875 0.0140625 0.1
0 0.76484375 0.57109375 0.0234375 0.1
0 0.66875 0.52109375 0.0125 0.0625
0 0.73125 0.8546875 0.053125 0.290625
0 0.61875 0.71640625 0.0265625 0.2265625
0 0.78671875 0.57265625 0.0171875 0.09375
0 0.64296875 0.73046875 0.034375 0.2421875
0 0.696875 0.58046875 0.0234375 0.10625
0 0.72734375 0.575 0.0265625 0.1046875
0 0.92109375 0.64609375 0.046875 0.1546875
0 0.76015625 0.76875 0.04375 0.24375
0 0.6890625 0.56640625 0.0265625 0.0984375