0 0.9828125 0.59296875 0.034375 0.1859375
0 0.13046875 0.61328125 0.0203125 0.10625
0 0.56953125 0.49375 0.0125 0.0453125
0 0.1203125 0.615625 0.01875 0.1046875
0 0.115625 0.63125 0.0171875 0.1
0 0.6828125 0.57109375 0.0234375 0.109375
0 0.79375 0.52578125 0.015625 0.09375
0 0.70390625 0.5546875 0.0234375 0.1203125
0 0.03359375 0.62890625 0.025 0.109375
0 0.71484375 0.553125 0.0171875 0.10625
0 0.61875 0.51875 0.01875 0.065625
0 0.60625 0.51171875 0.0125 0.05
0 0.64453125 0.521875 0.015625 0.0734375
0 0.6328125 0.5203125 0.0109375 0.0703125