0 0.1140625 0.65390625 0.021875 0.1375
0 0.1 0.6703125 0.0171875 0.128125
0 0.0890625 0.678125 0.01875 0.1265625
0 0.7125 0.48125 0.0125 0.053125
0 0.79296875 0.51640625 0.0171875 0.0859375
0 0.69921875 0.490625 0.0125 0.0515625
0 0.68828125 0.4859375 0.015625 0.0546875
0 0.76875 0.63671875 0.0359375 0.1609375
0 0.84140625 0.615625 0.0296875 0.1578125
0 0.72890625 0.60390625 0.040625 0.1515625
0 0.78515625 0.52109375 0.015625 0.0828125
0 0.97421875 0.54296875 0.021875 0.1203125
0 0.75859375 0.6015625 0.0359375 0.1640625
0 0.7421875 0.52109375 0.0140625 0.071875
0 0.76171875 0.51875 0.0203125 0.0671875
0 0.83046875 0.5984375 0.028125 0.146875
0 0.71171875 0.51875 0.0234375 0.075
0 0.728125 0.52890625 0.0125 0.0640625