0 0.07890625 0.696875 0.021875 0.1515625
0 0.06015625 0.71328125 0.0171875 0.1421875
0 0.046875 0.721875 0.0203125 0.14375
0 0.72109375 0.5109375 0.0125 0.0515625
0 0.8109375 0.5453125 0.0171875 0.09375
0 0.78984375 0.546875 0.021875 0.0828125
0 0.7 0.50859375 0.015625 0.05625
0 0.7734375 0.6984375 0.0390625 0.1796875
0 0.84453125 0.67109375 0.046875 0.171875
0 0.721875 0.6484375 0.0359375 0.1734375
0 0.803125 0.55078125 0.01875 0.084375
0 0.74375 0.653125 0.0359375 0.18125
0 0.746875 0.5515625 0.01875 0.075
0 0.76953125 0.55078125 0.021875 0.075
0 0.8484375 0.57734375 0.021875 0.0859375
0 0.7203125 0.55546875 0.0234375 0.0859375