0 0.759375 0.57890625 0.0234375 0.140625
0 0.07109375 0.58515625 0.01875 0.090625
0 0.70078125 0.59453125 0.0328125 0.1359375
0 0.4546875 0.50078125 0.0109375 0.0453125
0 0.628125 0.5234375 0.0140625 0.08125
0 0.0625 0.59921875 0.015625 0.084375
0 0.003125 0.5953125 0.00625 0.078125
0 0.5734375 0.54296875 0.0171875 0.08125
0 0.20546875 0.51015625 0.009375 0.034375
0 0.58828125 0.53671875 0.0171875 0.0890625
0 0.6015625 0.53203125 0.0203125 0.0859375
0 0.54765625 0.51875 0.015625 0.065625
0 0.565625 0.5140625 0.0125 0.0671875
0 0.48125 0.51953125 0.0140625 0.0625