0 0.92421875 0.5703125 0.034375 0.1359375
0 0.71953125 0.57578125 0.0265625 0.1296875
0 0.07578125 0.58125 0.0171875 0.0796875
0 0.640625 0.57265625 0.028125 0.115625
0 0.434375 0.50390625 0.009375 0.046875
0 0.06875 0.59296875 0.0140625 0.0765625
0 0.00625 0.5875 0.0125 0.084375
0 0.51796875 0.51953125 0.0125 0.059375
0 0.5078125 0.52421875 0.0125 0.0625
0 0.56171875 0.54296875 0.01875 0.075
0 0.57578125 0.5359375 0.0171875 0.08125
0 0.5921875 0.534375 0.01875 0.084375
0 0.5328125 0.52265625 0.0140625 0.065625
0 0.5515625 0.51875 0.0125 0.0640625
0 0.4625 0.521875 0.0109375 0.059375