0 0.95703125 0.72890625 0.059375 0.253125
0 0.9109375 0.57109375 0.028125 0.1046875
0 0.8484375 0.55859375 0.0265625 0.1046875
0 0.05234375 0.628125 0.0265625 0.128125
0 0.02265625 0.62890625 0.028125 0.121875
0 0.128125 0.58515625 0.021875 0.1140625
0 0.08671875 0.621875 0.0265625 0.14375
0 0.73046875 0.51875 0.015625 0.0515625
0 0.67109375 0.528125 0.015625 0.0734375
0 0.40390625 0.4875 0.0078125 0.0296875
0 0.06953125 0.57890625 0.021875 0.115625
0 0.2625 0.5140625 0.009375 0.0515625
0 0.55078125 0.4875 0.009375 0.040625
0 0.2890625 0.51640625 0.0109375 0.059375
0 0.296875 0.52265625 0.0109375 0.0609375
0 0.25234375 0.51640625 0.009375 0.059375
0 0.27421875 0.5109375 0.0109375 0.0546875
0 0.7078125 0.509375 0.0125 0.0578125
0 0.578125 0.5015625 0.0109375 0.0453125
0 0.5859375 0.503125 0.0109375 0.05
0 0.6578125 0.50859375 0.0109375 0.05
0 0.64765625 0.50859375 0.0109375 0.0515625
0 0.740625 0.51328125 0.0109375 0.0546875
0 0.61015625 0.50546875 0.009375 0.04375