0 0.76171875 0.58046875 0.0234375 0.1421875
0 0.071875 0.5859375 0.01875 0.090625
0 0.70546875 0.596875 0.0328125 0.1359375
0 0.45703125 0.5015625 0.009375 0.046875
0 0.63046875 0.521875 0.015625 0.0796875
0 0.06328125 0.60078125 0.0140625 0.084375
0 0.003125 0.59375 0.00625 0.090625
0 0.57421875 0.54296875 0.01875 0.08125
0 0.20625 0.5109375 0.009375 0.034375
0 0.5890625 0.53671875 0.015625 0.0890625
0 0.603125 0.53203125 0.0203125 0.084375
0 0.55 0.51875 0.015625 0.065625
0 0.5671875 0.5140625 0.0125 0.0671875
0 0.48359375 0.51953125 0.0140625 0.0625