0 0.07578125 0.6984375 0.0234375 0.1515625
0 0.05703125 0.715625 0.0171875 0.140625
0 0.04375 0.72421875 0.021875 0.1453125
0 0.72109375 0.51171875 0.0109375 0.0515625
0 0.8140625 0.5484375 0.0171875 0.090625
0 0.79140625 0.54765625 0.021875 0.0828125
0 0.71015625 0.5109375 0.0125 0.053125
0 0.7 0.509375 0.015625 0.05625
0 0.77421875 0.70234375 0.0390625 0.1796875
0 0.84453125 0.67421875 0.046875 0.171875
0 0.7234375 0.65078125 0.0359375 0.1734375
0 0.8046875 0.553125 0.01875 0.0859375
0 0.73828125 0.6546875 0.0328125 0.1875
0 0.746875 0.553125 0.01875 0.075
0 0.76875 0.55234375 0.0203125 0.075
0 0.85 0.58125 0.0234375 0.090625
0 0.72109375 0.55703125 0.0234375 0.0875