0 0.57265625 0.51171875 0.0125 0.059375
0 0.59921875 0.509375 0.0109375 0.0546875
0 0.7140625 0.56796875 0.0234375 0.11875
0 0.69140625 0.56796875 0.0234375 0.109375
0 0.67890625 0.57265625 0.0234375 0.1109375
0 0.58828125 0.515625 0.015625 0.06875
0 0.62265625 0.87734375 0.0671875 0.2453125
0 0.59921875 0.85390625 0.0671875 0.2921875
0 0.9875 0.63203125 0.025 0.171875
0 0.4984375 0.76640625 0.065625 0.2734375
0 0.603125 0.575 0.025 0.109375
0 0.63828125 0.5734375 0.0265625 0.1125
0 0.86484375 0.65859375 0.0359375 0.16875
0 0.89296875 0.64296875 0.0328125 0.153125