0 0.96328125 0.7375 0.0625 0.2609375
0 0.90859375 0.56953125 0.0328125 0.103125
0 0.84296875 0.559375 0.025 0.10625
0 0.034375 0.63515625 0.028125 0.1359375
0 0.009375 0.63671875 0.01875 0.121875
0 0.11484375 0.5890625 0.0234375 0.1171875
0 0.06796875 0.62890625 0.028125 0.15
0 0.721875 0.51953125 0.0125 0.05
0 0.66875 0.52890625 0.015625 0.071875
0 0.39609375 0.4875 0.0078125 0.03125
0 0.05546875 0.58203125 0.021875 0.115625
0 0.253125 0.51640625 0.0078125 0.0546875
0 0.54453125 0.4890625 0.009375 0.0390625
0 0.28203125 0.51953125 0.0109375 0.059375
0 0.28828125 0.52421875 0.0125 0.0609375
0 0.2421875 0.5171875 0.0109375 0.0609375
0 0.26484375 0.5140625 0.0109375 0.05625
0 0.57265625 0.50234375 0.0109375 0.0453125
0 0.58203125 0.50546875 0.0125 0.05
0 0.65078125 0.50703125 0.0109375 0.05
0 0.64140625 0.50859375 0.0125 0.0546875
0 0.734375 0.5140625 0.0109375 0.05625
0 0.60390625 0.50546875 0.009375 0.04375
0 0.659375 0.50546875 0.0125 0.046875