0 0.865625 0.6015625 0.0296875 0.15
0 0.89765625 0.53515625 0.0203125 0.09375
0 0.18125 0.56953125 0.025 0.1171875
0 0.20546875 0.57890625 0.025 0.1140625
0 0.2875 0.55390625 0.021875 0.090625
0 0.27109375 0.5546875 0.015625 0.0875
0 0.3171875 0.5359375 0.015625 0.0859375
0 0.30625 0.546875 0.0171875 0.0984375
0 0.73046875 0.503125 0.0125 0.0578125
0 0.821875 0.5015625 0.0109375 0.05
0 0.53515625 0.4703125 0.0078125 0.0296875
0 0.39453125 0.49140625 0.009375 0.0421875
0 0.64140625 0.47734375 0.0078125 0.0390625
0 0.40390625 0.49453125 0.009375 0.0484375
0 0.421875 0.49921875 0.009375 0.0515625
0 0.38515625 0.49375 0.009375 0.0515625
0 0.83203125 0.4984375 0.0109375 0.0546875
0 0.66328125 0.4859375 0.0125 0.04375
0 0.675 0.48828125 0.0078125 0.046875
0 0.721875 0.49140625 0.0125 0.046875
0 0.2546875 0.55078125 0.015625 0.071875
0 0.775 0.49296875 0.0109375 0.0484375