0 0.86796875 0.603125 0.0296875 0.1515625
0 0.8984375 0.53515625 0.0203125 0.09375
0 0.178125 0.5703125 0.025 0.11875
0 0.203125 0.57421875 0.025 0.115625
0 0.284375 0.55390625 0.021875 0.090625
0 0.26875 0.55390625 0.015625 0.0890625
0 0.315625 0.5359375 0.0171875 0.0890625
0 0.3046875 0.546875 0.01875 0.0984375
0 0.83125 0.50390625 0.0125 0.046875
0 0.73046875 0.503125 0.0125 0.05625
0 0.82109375 0.503125 0.0109375 0.05
0 0.53359375 0.46953125 0.0078125 0.03125
0 0.39375 0.48828125 0.0078125 0.0421875
0 0.640625 0.4765625 0.009375 0.0390625
0 0.403125 0.49375 0.0109375 0.05
0 0.4203125 0.49921875 0.009375 0.0515625
0 0.38359375 0.49375 0.0109375 0.0515625
0 0.6625 0.48671875 0.0125 0.04375
0 0.67421875 0.4890625 0.009375 0.046875
0 0.7203125 0.49140625 0.0125 0.046875
0 0.25234375 0.55078125 0.015625 0.0703125