0 0.87265625 0.56953125 0.025 0.1140625
0 0.78359375 0.5609375 0.0234375 0.1125
0 0.21875 0.53046875 0.0125 0.0625
0 0.6359375 0.53203125 0.015625 0.0765625
0 0.17578125 0.5265625 0.009375 0.0546875
0 0.49375 0.4875 0.0109375 0.04375
0 0.68203125 0.5140625 0.0125 0.0625
0 0.215625 0.53671875 0.0125 0.0609375
0 0.16640625 0.53125 0.0125 0.065625
0 0.1890625 0.5234375 0.0125 0.0640625
0 0.525 0.50625 0.009375 0.05625
0 0.534375 0.50703125 0.0109375 0.0546875
0 0.59609375 0.50234375 0.0125 0.05625
0 0.584375 0.5078125 0.0125 0.05625
0 0.690625 0.515625 0.015625 0.065625
0 0.6484375 0.50546875 0.0140625 0.059375
0 0.5453125 0.50625 0.0125 0.046875