0 0.87265625 0.575 0.034375 0.125
0 0.70546875 0.56953125 0.0265625 0.121875
0 0.0953125 0.57109375 0.015625 0.0703125
0 0.6203125 0.55859375 0.0234375 0.0984375
0 0.01953125 0.571875 0.0109375 0.071875
0 0.4328125 0.50390625 0.0078125 0.04375
0 0.0875 0.57890625 0.0125 0.0703125
0 0.02734375 0.5734375 0.0140625 0.078125
0 0.0390625 0.56640625 0.015625 0.08125
0 0.51796875 0.51953125 0.0125 0.059375
0 0.50859375 0.52109375 0.0125 0.0609375
0 0.584375 0.5328125 0.0125 0.0734375
0 0.53984375 0.51796875 0.015625 0.065625
0 0.55546875 0.515625 0.0125 0.065625
0 0.4640625 0.51953125 0.0125 0.0546875