0 0.55859375 0.509375 0.0140625 0.059375
0 0.584375 0.51015625 0.0109375 0.0546875
0 0.70078125 0.5671875 0.0234375 0.1171875
0 0.65390625 0.56953125 0.0125 0.109375
0 0.6640625 0.57265625 0.0234375 0.1125
0 0.57421875 0.5140625 0.015625 0.0671875
0 0.5984375 0.88046875 0.0671875 0.2390625
0 0.5703125 0.85703125 0.0640625 0.2859375
0 0.978125 0.6328125 0.034375 0.1765625
0 0.4671875 0.76875 0.065625 0.275
0 0.58671875 0.5734375 0.0234375 0.109375
0 0.62109375 0.5734375 0.0265625 0.1125
0 0.8515625 0.65859375 0.034375 0.16875
0 0.88203125 0.64375 0.034375 0.15625