0 0.928125 0.6921875 0.0484375 0.2140625
0 0.92734375 0.571875 0.0265625 0.096875
0 0.87109375 0.55859375 0.01875 0.103125
0 0.02421875 0.6078125 0.028125 0.1375
0 0.0546875 0.6125 0.0328125 0.1359375
0 0.13359375 0.60078125 0.025 0.11875
0 0.109375 0.603125 0.021875 0.1109375
0 0.190625 0.56875 0.0203125 0.1
0 0.165625 0.59453125 0.0234375 0.1265625
0 0.76796875 0.51953125 0.0125 0.0515625
0 0.6921875 0.528125 0.015625 0.065625
0 0.7546875 0.5171875 0.0109375 0.053125
0 0.44609375 0.48359375 0.0078125 0.0296875
0 0.13515625 0.55 0.015625 0.0859375
0 0.3078125 0.50390625 0.0078125 0.04375
0 0.5796875 0.48671875 0.009375 0.040625
0 0.790625 0.51328125 0.0171875 0.0625
0 0.3265625 0.5109375 0.009375 0.059375
0 0.33671875 0.51640625 0.0109375 0.059375
0 0.2953125 0.509375 0.009375 0.0578125
0 0.3171875 0.503125 0.0109375 0.0546875
0 0.7484375 0.5109375 0.0125 0.0578125
0 0.60703125 0.5015625 0.0109375 0.04375
0 0.61484375 0.5046875 0.0109375 0.0453125
0 0.68203125 0.51171875 0.0125 0.0515625
0 0.09140625 0.59765625 0.0171875 0.096875
0 0.77265625 0.5140625 0.0125 0.0546875
0 0.69609375 0.5015625 0.0125 0.0484375