0 0.8546875 0.56640625 0.0328125 0.1203125
0 0.71015625 0.56171875 0.0234375 0.1203125
0 0.11484375 0.559375 0.015625 0.0671875
0 0.6171875 0.5515625 0.021875 0.1015625
0 0.58515625 0.5296875 0.0125 0.065625
0 0.2296875 0.503125 0.0078125 0.0359375
0 0.43984375 0.49765625 0.009375 0.0453125
0 0.11015625 0.56796875 0.0125 0.06875
0 0.0515625 0.5640625 0.0140625 0.0734375
0 0.06796875 0.55703125 0.0125 0.0765625
0 0.52578125 0.51328125 0.015625 0.05625
0 0.515625 0.515625 0.0125 0.0609375
0 0.50390625 0.51328125 0.009375 0.05
0 0.553125 0.51171875 0.015625 0.0609375
0 0.56484375 0.5109375 0.015625 0.059375
0 0.4734375 0.5140625 0.0125 0.0515625