0 0.39296875 0.51015625 0.0140625 0.059375
0 0.52421875 0.575 0.0234375 0.121875
0 0.47109375 0.58046875 0.01875 0.1125
0 0.48671875 0.59140625 0.0234375 0.1390625
0 0.2671875 0.93984375 0.071875 0.1203125
0 0.2109375 0.9078125 0.0890625 0.184375
0 0.36640625 0.4984375 0.015625 0.059375
0 0.1203125 0.8234375 0.075 0.3015625
0 0.50546875 0.58203125 0.021875 0.1203125
0 0.784375 0.6484375 0.0390625 0.1890625
0 0.1078125 0.8375 0.05 0.325
0 0.39765625 0.578125 0.0234375 0.109375
0 0.434375 0.5765625 0.03125 0.10625
0 0.69765625 0.70078125 0.0484375 0.19375
0 0.73359375 0.665625 0.0546875 0.171875
0 0.41171875 0.56328125 0.025 0.109375