0 0.96171875 0.56796875 0.040625 0.1390625
0 0.7296875 0.57421875 0.028125 0.134375
0 0.0703125 0.58359375 0.0171875 0.08125
0 0.65390625 0.57578125 0.028125 0.121875
0 0.4390625 0.50390625 0.009375 0.0453125
0 0.603125 0.52109375 0.0125 0.0765625
0 0.0625 0.59609375 0.0140625 0.08125
0 0.00390625 0.5921875 0.0078125 0.0828125
0 0.5203125 0.51640625 0.0125 0.0609375
0 0.5625 0.5421875 0.01875 0.075
0 0.2015625 0.5109375 0.009375 0.034375
0 0.57734375 0.53828125 0.01875 0.084375
0 0.5921875 0.53515625 0.0171875 0.0875
0 0.53359375 0.51953125 0.015625 0.065625
0 0.55390625 0.5171875 0.0125 0.065625
0 0.46796875 0.51953125 0.0125 0.059375