0 0.1 0.67734375 0.0203125 0.14375
0 0.08359375 0.69609375 0.01875 0.1328125
0 0.07265625 0.70546875 0.01875 0.1328125
0 0.715625 0.49609375 0.0125 0.0515625
0 0.80234375 0.53671875 0.0171875 0.09375
0 0.703125 0.496875 0.0140625 0.0515625
0 0.69296875 0.49765625 0.015625 0.05625
0 0.76875 0.665625 0.0296875 0.16875
0 0.84765625 0.64921875 0.046875 0.15625
0 0.72421875 0.62421875 0.025 0.16875
0 0.79296875 0.53203125 0.0171875 0.08125
0 0.9890625 0.56328125 0.021875 0.1265625
0 0.7484375 0.63125 0.0484375 0.1703125
0 0.7453125 0.5390625 0.015625 0.06875
0 0.76640625 0.53671875 0.0234375 0.075
0 0.828125 0.56015625 0.0203125 0.0875
0 0.71640625 0.5328125 0.025 0.0796875
0 0.73359375 0.5359375 0.0125 0.0671875