0 0.01796875 0.74921875 0.025 0.16875
0 0.671875 0.54140625 0.0109375 0.0546875
0 0.72421875 0.534375 0.0125 0.0578125
0 0.8296875 0.5734375 0.0203125 0.090625
0 0.7859375 0.58359375 0.0125 0.0875
0 0.79453125 0.5765625 0.01875 0.090625
0 0.71484375 0.534375 0.0109375 0.0546875
0 0.7796875 0.77578125 0.0453125 0.2203125
0 0.83515625 0.740625 0.0609375 0.2
0 0.70390625 0.69296875 0.03125 0.1890625
0 0.8203125 0.584375 0.0171875 0.09375
0 0.72578125 0.70625 0.03125 0.2078125
0 0.74765625 0.584375 0.01875 0.084375
0 0.7703125 0.58359375 0.0234375 0.084375
0 0.89140625 0.63203125 0.0265625 0.13125
0 0.72890625 0.58515625 0.0265625 0.0984375