0 0.809375 0.57890625 0.0265625 0.121875
0 0.88359375 0.54921875 0.021875 0.0859375
0 0.85546875 0.5359375 0.01875 0.084375
0 0.22109375 0.56796875 0.0203125 0.1046875
0 0.24453125 0.5734375 0.0203125 0.1046875
0 0.31953125 0.54375 0.015625 0.0796875
0 0.3046875 0.54609375 0.0140625 0.078125
0 0.3421875 0.5328125 0.015625 0.08125
0 0.32578125 0.5359375 0.0140625 0.078125
0 0.83046875 0.5 0.0125 0.0453125
0 0.71875 0.5015625 0.0109375 0.0546875
0 0.825 0.50703125 0.0109375 0.05
0 0.55234375 0.4796875 0.0078125 0.025
0 0.29609375 0.53046875 0.0078125 0.08125
0 0.6421875 0.48203125 0.009375 0.0375
0 0.87578125 0.496875 0.0125 0.0515625
0 0.415625 0.49765625 0.009375 0.046875
0 0.434375 0.503125 0.0109375 0.05
0 0.4 0.49609375 0.0109375 0.0453125
0 0.8421875 0.4984375 0.0125 0.0453125
0 0.72734375 0.49375 0.009375 0.0421875
0 0.77890625 0.496875 0.0109375 0.0484375