0 0.1390625 0.6484375 0.0203125 0.128125
0 0.6421875 0.51171875 0.0125 0.053125
0 0.1265625 0.66171875 0.0171875 0.121875
0 0.11796875 0.66953125 0.015625 0.1171875
0 0.028125 0.6640625 0.0265625 0.121875
0 0.696875 0.50078125 0.0109375 0.053125
0 0.68203125 0.503125 0.0125 0.0546875
0 0.6703125 0.49921875 0.0140625 0.053125
0 0.75625 0.6296875 0.034375 0.1390625
0 0.8203125 0.6109375 0.0265625 0.140625
0 0.73203125 0.60703125 0.028125 0.14375
0 0.76328125 0.53515625 0.015625 0.0765625
0 0.93125 0.5546875 0.01875 0.1046875
0 0.01796875 0.66328125 0.028125 0.1296875
0 0.73125 0.53671875 0.0171875 0.075
0 0.75078125 0.53359375 0.015625 0.0609375
0 0.80859375 0.6015625 0.0203125 0.1390625
0 0.80078125 0.5515625 0.015625 0.0734375
0 0.69609375 0.534375 0.021875 0.0703125
0 0.7125 0.53515625 0.0125 0.059375