0 0.14296875 0.6453125 0.0203125 0.125
0 0.63046875 0.5140625 0.0125 0.053125
0 0.13203125 0.65859375 0.01875 0.1140625
0 0.12265625 0.665625 0.015625 0.1125
0 0.03671875 0.66171875 0.025 0.1140625
0 0.68359375 0.5046875 0.0109375 0.0484375
0 0.6703125 0.50859375 0.0125 0.0546875
0 0.65625 0.503125 0.0140625 0.0515625
0 0.74140625 0.6234375 0.028125 0.125
0 0.80234375 0.60390625 0.028125 0.128125
0 0.721875 0.60390625 0.0421875 0.1328125
0 0.90546875 0.55078125 0.0203125 0.0953125
0 0.028125 0.66171875 0.0265625 0.121875
0 0.72109375 0.54453125 0.0171875 0.08125
0 0.7828125 0.5640625 0.015625 0.0953125
0 0.68203125 0.5359375 0.0203125 0.065625
0 0.70859375 0.540625 0.0140625 0.059375
0 0.69921875 0.53828125 0.0125 0.059375