0 0.81484375 0.58203125 0.028125 0.128125
0 0.88828125 0.55078125 0.021875 0.0859375
0 0.86015625 0.5359375 0.01875 0.084375
0 0.21875 0.56953125 0.0203125 0.1046875
0 0.2421875 0.5734375 0.021875 0.10625
0 0.31796875 0.546875 0.015625 0.08125
0 0.303125 0.55 0.015625 0.0796875
0 0.34140625 0.53515625 0.015625 0.084375
0 0.325 0.5375 0.0140625 0.0796875
0 0.83125 0.50546875 0.0125 0.04375
0 0.7203125 0.50390625 0.0109375 0.0546875
0 0.5515625 0.4765625 0.0078125 0.0265625
0 0.29375 0.53046875 0.0078125 0.084375
0 0.64296875 0.48203125 0.009375 0.0375
0 0.87578125 0.49921875 0.015625 0.0515625
0 0.415625 0.49921875 0.009375 0.046875
0 0.434375 0.5046875 0.0109375 0.05
0 0.39921875 0.49765625 0.0109375 0.0453125
0 0.728125 0.49609375 0.0109375 0.0421875