0 0.8921875 0.57890625 0.0390625 0.128125
0 0.71015625 0.5734375 0.0265625 0.125
0 0.0859375 0.5703125 0.015625 0.075
0 0.628125 0.565625 0.0265625 0.1046875
0 0.0046875 0.5765625 0.009375 0.071875
0 0.4328125 0.50234375 0.0078125 0.0453125
0 0.078125 0.5828125 0.0140625 0.0734375
0 0.01484375 0.57890625 0.015625 0.0828125
0 0.025 0.5703125 0.0140625 0.08125
0 0.5171875 0.5203125 0.0125 0.059375
0 0.50703125 0.5234375 0.0125 0.0609375
0 0.56484375 0.53984375 0.015625 0.0671875
0 0.5796875 0.53359375 0.015625 0.08125
0 0.53515625 0.521875 0.0171875 0.0640625
0 0.5515625 0.51796875 0.0125 0.0609375
0 0.4625 0.52109375 0.0125 0.0578125