0 0.79296875 0.559375 0.025 0.115625
0 0.865625 0.54296875 0.021875 0.084375
0 0.9828125 0.67109375 0.034375 0.1671875
0 0.83828125 0.52265625 0.0171875 0.0828125
0 0.22890625 0.56171875 0.0203125 0.1046875
0 0.25390625 0.5640625 0.0203125 0.1046875
0 0.30859375 0.53828125 0.0140625 0.0703125
0 0.34609375 0.52421875 0.015625 0.0765625
0 0.82734375 0.49296875 0.0109375 0.04375
0 0.71328125 0.49140625 0.0109375 0.05
0 0.82109375 0.49375 0.009375 0.0453125
0 0.55546875 0.47109375 0.00625 0.028125
0 0.30390625 0.52109375 0.0109375 0.0734375
0 0.6390625 0.471875 0.009375 0.0375
0 0.415625 0.49140625 0.009375 0.046875
0 0.434375 0.49609375 0.0109375 0.05
0 0.4015625 0.4890625 0.0125 0.0453125
0 0.778125 0.48671875 0.0109375 0.0484375