0 0.1421875 0.63671875 0.01875 0.115625
0 0.61015625 0.5125 0.0125 0.053125
0 0.1328125 0.646875 0.0171875 0.10625
0 0.12421875 0.65625 0.0171875 0.10625
0 0.04375 0.64921875 0.0234375 0.1125
0 0.7203125 0.6046875 0.028125 0.1203125
0 0.76796875 0.58984375 0.0265625 0.11875
0 0.865625 0.553125 0.01875 0.096875
0 0.03359375 0.64921875 0.025 0.1140625
0 0.69921875 0.54140625 0.015625 0.0796875
0 0.75 0.55390625 0.015625 0.0890625
0 0.66171875 0.53203125 0.0171875 0.0578125
0 0.6859375 0.5375 0.0125 0.0671875
0 0.67734375 0.53203125 0.0125 0.0609375