0 0.09296875 0.6890625 0.021875 0.1453125
0 0.07578125 0.70546875 0.01875 0.1359375
0 0.0625 0.7125 0.0203125 0.134375
0 0.71796875 0.5015625 0.0125 0.0515625
0 0.80390625 0.54296875 0.015625 0.09375
0 0.78203125 0.53671875 0.01875 0.0796875
0 0.69609375 0.50390625 0.015625 0.05625
0 0.77109375 0.678125 0.034375 0.171875
0 0.84609375 0.65625 0.046875 0.165625
0 0.7171875 0.63984375 0.0359375 0.1609375
0 0.99296875 0.56953125 0.0140625 0.1265625
0 0.75 0.640625 0.05625 0.178125
0 0.74609375 0.54375 0.01875 0.0703125
0 0.7671875 0.54296875 0.0203125 0.075
0 0.834375 0.56796875 0.0234375 0.0859375
0 0.71796875 0.5421875 0.0234375 0.0828125