0 0.33984375 0.51171875 0.0140625 0.0625
0 0.4703125 0.58046875 0.0265625 0.125
0 0.4140625 0.584375 0.0203125 0.1140625
0 0.4296875 0.59453125 0.021875 0.140625
0 0.065625 0.92734375 0.0890625 0.1453125
0 0.31484375 0.503125 0.0140625 0.0625
0 0.4484375 0.58828125 0.0203125 0.1265625
0 0.725 0.65546875 0.04375 0.190625
0 0.33828125 0.58125 0.025 0.1109375
0 0.371875 0.57578125 0.0234375 0.1203125
0 0.63671875 0.7171875 0.05 0.2046875
0 0.1234375 0.89453125 0.0484375 0.2109375
0 0.67890625 0.67421875 0.0515625 0.1828125
0 0.353125 0.5640625 0.025 0.109375