0 0.890625 0.57734375 0.0265625 0.1125
0 0.8109375 0.56328125 0.025 0.109375
0 0.04296875 0.60078125 0.025 0.128125
0 0.684375 0.5171875 0.0125 0.053125
0 0.6515625 0.53359375 0.015625 0.0734375
0 0.6921875 0.51640625 0.0109375 0.053125
0 0.21015625 0.515625 0.009375 0.0546875
0 0.515625 0.48671875 0.009375 0.04375
0 0.7078125 0.5140625 0.0140625 0.065625
0 0.24609375 0.53046875 0.0125 0.0640625
0 0.1984375 0.52109375 0.0140625 0.0625
0 0.2203125 0.515625 0.0125 0.0609375
0 0.54609375 0.50390625 0.009375 0.0515625
0 0.55546875 0.50625 0.0125 0.05
0 0.6171875 0.50390625 0.0109375 0.0546875
0 0.60703125 0.50859375 0.0125 0.0546875
0 0.7171875 0.515625 0.0125 0.065625
0 0.6625 0.50625 0.0109375 0.0578125
0 0.67109375 0.50625 0.0125 0.059375
0 0.57109375 0.50390625 0.009375 0.0453125
0 0.625 0.50703125 0.0125 0.05