0 0.89921875 0.64609375 0.0421875 0.1796875
0 0.89296875 0.5484375 0.0203125 0.0953125
0 0.10703125 0.59453125 0.028125 0.125
0 0.134375 0.59921875 0.0265625 0.125
0 0.21640625 0.58203125 0.021875 0.1015625
0 0.19765625 0.58359375 0.0171875 0.0984375
0 0.2578125 0.559375 0.0171875 0.096875
0 0.24609375 0.575 0.021875 0.1140625
0 0.80546875 0.509375 0.0140625 0.046875
0 0.71484375 0.51875 0.015625 0.0609375
0 0.78984375 0.509375 0.0125 0.05
0 0.49140625 0.48125 0.0078125 0.0265625
0 0.35390625 0.5015625 0.0078125 0.0390625
0 0.61328125 0.484375 0.0078125 0.040625
0 0.36875 0.50546875 0.009375 0.0546875
0 0.38125 0.51171875 0.009375 0.0546875
0 0.34140625 0.50625 0.009375 0.05625
0 0.79296875 0.50625 0.0125 0.0546875
0 0.63828125 0.49453125 0.0125 0.04375
0 0.6453125 0.49609375 0.0109375 0.0453125
0 0.68828125 0.5015625 0.0125 0.046875
0 0.72734375 0.50546875 0.0109375 0.05
0 0.1796875 0.5765625 0.0171875 0.0859375
0 0.83046875 0.5078125 0.0140625 0.0609375