0 0.7640625 0.55859375 0.021875 0.10625
0 0.834375 0.54296875 0.0203125 0.0765625
0 0.9109375 0.64296875 0.0328125 0.1515625
0 0.9671875 0.6390625 0.040625 0.1515625
0 0.80703125 0.5296875 0.0171875 0.075
0 0.0140625 0.6859375 0.028125 0.184375
0 0.24453125 0.5640625 0.01875 0.0953125
0 0.26953125 0.571875 0.0203125 0.090625
0 0.33203125 0.540625 0.0140625 0.071875
0 0.31953125 0.54140625 0.0125 0.06875
0 0.353125 0.52421875 0.015625 0.059375
0 0.821875 0.50078125 0.009375 0.0484375
0 0.70234375 0.49921875 0.0109375 0.046875
0 0.8140625 0.49609375 0.00625 0.0421875
0 0.56015625 0.4796875 0.0078125 0.0265625
0 0.3140625 0.53125 0.0078125 0.0703125
0 0.63359375 0.48125 0.0078125 0.034375
0 0.684375 0.490625 0.0078125 0.0421875
0 0.415625 0.5 0.009375 0.04375
0 0.43515625 0.50625 0.009375 0.04375
0 0.40390625 0.49921875 0.009375 0.0421875
0 0.83125 0.4984375 0.0125 0.04375