0 0.12734375 0.6421875 0.0203125 0.1328125
0 0.65078125 0.496875 0.0125 0.053125
0 0.115625 0.6609375 0.0171875 0.1265625
0 0.1046875 0.66640625 0.0171875 0.121875
0 0.01328125 0.659375 0.0265625 0.1234375
0 0.7046875 0.48515625 0.0125 0.0515625
0 0.6921875 0.49375 0.0125 0.053125
0 0.68046875 0.490625 0.015625 0.053125
0 0.7578125 0.6265625 0.034375 0.15
0 0.8328125 0.6109375 0.0234375 0.15
0 0.72421875 0.6015625 0.04375 0.1484375
0 0.775 0.525 0.0125 0.0796875
0 0.9546875 0.55078125 0.0203125 0.1140625
0 0.753125 0.6 0.0390625 0.15625
0 0.0078125 0.66171875 0.015625 0.1328125
0 0.7390625 0.528125 0.015625 0.0703125
0 0.7578125 0.52109375 0.015625 0.0625
0 0.70625 0.525 0.0234375 0.06875
0 0.721875 0.525 0.0125 0.059375