0 0.121875 0.64375 0.0203125 0.134375
0 0.10859375 0.6609375 0.0171875 0.1265625
0 0.0984375 0.66640625 0.01875 0.125
0 0.009375 0.6625 0.0171875 0.1296875
0 0.7078125 0.48359375 0.0125 0.053125
0 0.7859375 0.5140625 0.015625 0.0859375
0 0.765625 0.5140625 0.01875 0.075
0 0.6953125 0.49296875 0.0125 0.0515625
0 0.68359375 0.48203125 0.015625 0.0515625
0 0.7609375 0.6265625 0.0390625 0.153125
0 0.83671875 0.6046875 0.0234375 0.1515625
0 0.728125 0.59609375 0.0484375 0.1484375
0 0.778125 0.51953125 0.0125 0.0796875
0 0.96328125 0.540625 0.0203125 0.1203125
0 0.753125 0.59453125 0.0390625 0.15625
0 0.74140625 0.51875 0.015625 0.0609375
0 0.80078125 0.5421875 0.01875 0.0859375
0 0.71015625 0.51953125 0.0234375 0.071875
0 0.725 0.52578125 0.0125 0.059375