0 0.8609375 0.5671875 0.034375 0.121875
0 0.7078125 0.56640625 0.025 0.1203125
0 0.10703125 0.56328125 0.015625 0.0703125
0 0.61953125 0.55234375 0.025 0.09375
0 0.5796875 0.5328125 0.0125 0.065625
0 0.03828125 0.565625 0.0125 0.0703125
0 0.4375 0.49765625 0.009375 0.0453125
0 0.1015625 0.57109375 0.0140625 0.06875
0 0.04296875 0.56796875 0.0140625 0.075
0 0.05703125 0.56015625 0.015625 0.078125
0 0.521875 0.51484375 0.0171875 0.0578125
0 0.5125 0.5171875 0.0125 0.0609375
0 0.5015625 0.51484375 0.0109375 0.0484375
0 0.5484375 0.5140625 0.015625 0.0625
0 0.5609375 0.5109375 0.0140625 0.059375
0 0.46953125 0.5171875 0.0125 0.053125