0 0.14296875 0.6421875 0.0203125 0.121875
0 0.6203125 0.515625 0.0125 0.053125
0 0.1328125 0.65390625 0.0171875 0.1125
0 0.1234375 0.6609375 0.0171875 0.109375
0 0.040625 0.65625 0.0265625 0.1109375
0 0.67265625 0.503125 0.0109375 0.0453125
0 0.66015625 0.50859375 0.0125 0.0546875
0 0.64453125 0.50234375 0.0140625 0.046875
0 0.78515625 0.596875 0.028125 0.1234375
0 0.71953125 0.5984375 0.025 0.1296875
0 0.884375 0.553125 0.01875 0.0984375
0 0.03125 0.6578125 0.0265625 0.121875
0 0.71171875 0.5390625 0.01875 0.0796875
0 0.728125 0.534375 0.015625 0.065625
0 0.765625 0.5609375 0.0140625 0.0984375
0 0.67109375 0.5359375 0.01875 0.059375
0 0.696875 0.53828125 0.0125 0.0625
0 0.6890625 0.53671875 0.0125 0.059375