0 0.8765625 0.571875 0.025 0.1140625
0 0.7890625 0.5609375 0.025 0.1109375
0 0.0078125 0.61171875 0.015625 0.1296875
0 0.6390625 0.5328125 0.0171875 0.075
0 0.18203125 0.5234375 0.0125 0.0546875
0 0.4984375 0.4875 0.0109375 0.04375
0 0.6875 0.5140625 0.0125 0.0625
0 0.22265625 0.5359375 0.0125 0.0625
0 0.17265625 0.52890625 0.0140625 0.065625
0 0.19609375 0.52109375 0.0125 0.0640625
0 0.52890625 0.50546875 0.009375 0.05625
0 0.53828125 0.50859375 0.0125 0.0546875
0 0.58984375 0.5078125 0.0125 0.05625
0 0.69609375 0.515625 0.015625 0.065625
0 0.653125 0.50546875 0.0140625 0.059375
0 0.5515625 0.5046875 0.0109375 0.046875
0 0.603125 0.50703125 0.0125 0.05