0 0.98046875 0.7765625 0.0390625 0.29375
0 0.896875 0.56875 0.03125 0.10625
0 0.82265625 0.5609375 0.021875 0.109375
0 0.0703125 0.6 0.0234375 0.125
0 0.0109375 0.6453125 0.021875 0.15625
0 0.7 0.51796875 0.0125 0.05
0 0.65625 0.53046875 0.0171875 0.0765625
0 0.36953125 0.4859375 0.00625 0.0296875
0 0.01015625 0.57890625 0.0203125 0.0984375
0 0.22734375 0.51796875 0.009375 0.0546875
0 0.525 0.48515625 0.0109375 0.040625
0 0.7234375 0.5125 0.015625 0.065625
0 0.25703125 0.5203125 0.0109375 0.059375
0 0.26171875 0.528125 0.0125 0.0625
0 0.21484375 0.52109375 0.0125 0.0640625
0 0.2375 0.51328125 0.0125 0.05625
0 0.55546875 0.50390625 0.0109375 0.0484375
0 0.5640625 0.50546875 0.0125 0.046875
0 0.6296875 0.50546875 0.0125 0.053125
0 0.61953125 0.50859375 0.0125 0.0546875
0 0.73046875 0.515625 0.0109375 0.0640625
0 0.675 0.5078125 0.0109375 0.059375
0 0.684375 0.50703125 0.0125 0.059375
0 0.71484375 0.5125 0.0109375 0.059375
0 0.58203125 0.50546875 0.009375 0.0453125
0 0.63828125 0.50703125 0.0125 0.05