0 0.134375 0.65 0.0203125 0.1296875
0 0.64609375 0.50859375 0.0125 0.053125
0 0.121875 0.66171875 0.0171875 0.125
0 0.1125 0.66875 0.015625 0.11875
0 0.7 0.49375 0.0109375 0.0515625
0 0.6859375 0.4984375 0.0125 0.053125
0 0.675 0.49609375 0.015625 0.0546875
0 0.7578125 0.62890625 0.028125 0.140625
0 0.825 0.61171875 0.025 0.1453125
0 0.728125 0.60625 0.0203125 0.146875
0 0.76875 0.53046875 0.015625 0.0765625
0 0.94140625 0.55546875 0.021875 0.1109375
0 0.0140625 0.6625 0.028125 0.134375
0 0.7359375 0.5359375 0.0171875 0.078125
0 0.7546875 0.5328125 0.015625 0.065625
0 0.7015625 0.5328125 0.0234375 0.0703125
0 0.71640625 0.53125 0.0125 0.059375