0 0.7625 0.55546875 0.0203125 0.1046875
0 0.8328125 0.540625 0.0203125 0.075
0 0.90625 0.63671875 0.0328125 0.15
0 0.96171875 0.63203125 0.040625 0.15
0 0.80625 0.52578125 0.0171875 0.075
0 0.0171875 0.68125 0.034375 0.184375
0 0.2453125 0.5625 0.01875 0.09375
0 0.2703125 0.57109375 0.0203125 0.090625
0 0.33203125 0.53828125 0.0140625 0.0703125
0 0.31953125 0.53984375 0.0125 0.06875
0 0.35390625 0.521875 0.015625 0.059375
0 0.82265625 0.4984375 0.0125 0.04375
0 0.7015625 0.496875 0.0109375 0.046875
0 0.8140625 0.4953125 0.0078125 0.0390625
0 0.56015625 0.478125 0.0078125 0.0296875
0 0.3140625 0.528125 0.0078125 0.0703125
0 0.6328125 0.48046875 0.0078125 0.034375
0 0.68359375 0.4890625 0.0078125 0.0421875
0 0.41640625 0.49765625 0.009375 0.0421875
0 0.40390625 0.49765625 0.009375 0.0421875
0 0.83046875 0.49609375 0.0125 0.0453125