0 0.14296875 0.63671875 0.01875 0.1171875
0 0.6125 0.5140625 0.0125 0.053125
0 0.1328125 0.64921875 0.0171875 0.109375
0 0.12421875 0.65703125 0.0171875 0.10625
0 0.04296875 0.65078125 0.025 0.1125
0 0.72265625 0.60625 0.028125 0.1203125
0 0.77109375 0.59140625 0.0265625 0.1203125
0 0.86796875 0.553125 0.01875 0.1015625
0 0.03359375 0.65078125 0.0265625 0.115625
0 0.70234375 0.540625 0.015625 0.0796875
0 0.75546875 0.559375 0.01875 0.09375
0 0.6640625 0.53359375 0.0171875 0.05625
0 0.68828125 0.5375 0.0140625 0.0671875
0 0.67890625 0.5328125 0.0125 0.059375