0 0.80234375 0.56953125 0.0265625 0.1203125
0 0.87578125 0.54609375 0.021875 0.0859375
0 0.84765625 0.5296875 0.01875 0.0828125
0 0.22421875 0.565625 0.0203125 0.1046875
0 0.25 0.56875 0.021875 0.1046875
0 0.321875 0.53984375 0.015625 0.078125
0 0.30625 0.540625 0.0140625 0.0796875
0 0.34375 0.52890625 0.0171875 0.0765625
0 0.8328125 0.4953125 0.0109375 0.04375
0 0.715625 0.5 0.0109375 0.0515625
0 0.82265625 0.50078125 0.009375 0.05
0 0.55390625 0.475 0.0078125 0.0265625
0 0.29921875 0.52578125 0.009375 0.0734375
0 0.640625 0.47734375 0.0078125 0.0390625
0 0.87421875 0.49453125 0.0125 0.05
0 0.415625 0.49453125 0.009375 0.046875
0 0.434375 0.5 0.0109375 0.05
0 0.40078125 0.49296875 0.0125 0.0453125
0 0.83984375 0.49765625 0.0125 0.0453125
0 0.72578125 0.490625 0.0078125 0.0421875
0 0.7796875 0.490625 0.0109375 0.0484375