0 0.771875 0.56171875 0.0234375 0.1140625
0 0.20703125 0.534375 0.0125 0.065625
0 0.63046875 0.53203125 0.01875 0.0796875
0 0.1609375 0.534375 0.009375 0.0578125
0 0.48671875 0.4890625 0.0109375 0.0453125
0 0.671875 0.5140625 0.0109375 0.0609375
0 0.19921875 0.534375 0.0109375 0.0625
0 0.203125 0.54140625 0.0125 0.059375
0 0.153125 0.5359375 0.0125 0.0671875
0 0.17578125 0.528125 0.0125 0.0640625
0 0.51796875 0.50625 0.0109375 0.05625
0 0.5265625 0.50703125 0.0109375 0.0546875
0 0.5890625 0.50546875 0.015625 0.05625
0 0.57421875 0.50859375 0.0125 0.0578125
0 0.6796875 0.5140625 0.015625 0.065625
0 0.62109375 0.50625 0.009375 0.05625
0 0.53671875 0.50625 0.0125 0.0453125