0 0.8515625 0.56953125 0.0265625 0.1171875
0 0.7328125 0.559375 0.0265625 0.10625
0 0.16484375 0.5375 0.0140625 0.0640625
0 0.62109375 0.53828125 0.0203125 0.0890625
0 0.1140625 0.5359375 0.009375 0.0625
0 0.4625 0.4890625 0.0109375 0.04375
0 0.1578125 0.5375 0.009375 0.065625
0 0.16171875 0.546875 0.0125 0.0640625
0 0.10703125 0.5421875 0.0125 0.0671875
0 0.12734375 0.53203125 0.0140625 0.0671875
0 0.4953125 0.50703125 0.0109375 0.0546875
0 0.55390625 0.50703125 0.0125 0.0578125
0 0.54453125 0.509375 0.0125 0.059375
0 0.64296875 0.51875 0.015625 0.06875
0 0.58984375 0.50546875 0.0140625 0.059375
0 0.60078125 0.50234375 0.015625 0.059375
0 0.50546875 0.50625 0.0109375 0.05625