0 0.75 0.54296875 0.0203125 0.0953125
0 0.81484375 0.53515625 0.0203125 0.0765625
0 0.87421875 0.6109375 0.0296875 0.134375
0 0.9234375 0.6125 0.03125 0.1328125
0 0.790625 0.51796875 0.0171875 0.075
0 0.01328125 0.634375 0.0265625 0.165625
0 0.065625 0.63984375 0.03125 0.15625
0 0.2546875 0.55078125 0.01875 0.0890625
0 0.278125 0.55546875 0.0203125 0.0859375
0 0.33828125 0.52578125 0.0140625 0.0671875
0 0.3265625 0.52421875 0.0125 0.065625
0 0.35703125 0.51328125 0.015625 0.0640625
0 0.696875 0.490625 0.0109375 0.0453125
0 0.81171875 0.4859375 0.0078125 0.0375
0 0.56171875 0.46953125 0.0078125 0.028125
0 0.3203125 0.51640625 0.0078125 0.065625
0 0.6296875 0.47265625 0.0078125 0.034375
0 0.67890625 0.47890625 0.0078125 0.0421875
0 0.41640625 0.48828125 0.009375 0.0421875
0 0.43515625 0.49609375 0.009375 0.0421875
0 0.40546875 0.4921875 0.009375 0.04375
0 0.77109375 0.484375 0.009375 0.0390625