0 0.85625 0.6015625 0.028125 0.140625
0 0.92578125 0.55078125 0.021875 0.090625
0 0.89453125 0.5359375 0.0203125 0.090625
0 0.19296875 0.56796875 0.0234375 0.1140625
0 0.21953125 0.56953125 0.025 0.109375
0 0.29609375 0.5484375 0.0171875 0.090625
0 0.28203125 0.54921875 0.015625 0.08125
0 0.3265625 0.5390625 0.015625 0.084375
0 0.3140625 0.54296875 0.0203125 0.0921875
0 0.73125 0.503125 0.0109375 0.05625
0 0.82578125 0.5015625 0.0125 0.05
0 0.540625 0.471875 0.0078125 0.0265625
0 0.4015625 0.4859375 0.009375 0.0453125
0 0.6453125 0.4765625 0.0078125 0.0390625
0 0.87265625 0.50078125 0.015625 0.0546875
0 0.4109375 0.49375 0.009375 0.0515625
0 0.42734375 0.49765625 0.009375 0.05
0 0.390625 0.49140625 0.0109375 0.05
0 0.66796875 0.48671875 0.0125 0.04375
0 0.67734375 0.484375 0.0109375 0.0453125
0 0.725 0.48828125 0.0125 0.046875
0 0.2671875 0.54375 0.015625 0.0703125
0 0.77890625 0.49296875 0.0125 0.046875