0 0.0609375 0.70546875 0.0234375 0.1546875
0 0.66953125 0.52890625 0.0109375 0.05
0 0.03984375 0.72578125 0.01875 0.146875
0 0.0265625 0.7359375 0.0234375 0.1515625
0 0.721875 0.51796875 0.0109375 0.053125
0 0.81875 0.55703125 0.01875 0.09375
0 0.78515625 0.55703125 0.0171875 0.08125
0 0.7125 0.5140625 0.0109375 0.05
0 0.7015625 0.515625 0.0171875 0.05625
0 0.77421875 0.72109375 0.034375 0.190625
0 0.8453125 0.696875 0.0453125 0.18125
0 0.71328125 0.6609375 0.0265625 0.1796875
0 0.809375 0.56328125 0.0171875 0.09375
0 0.734375 0.66953125 0.05 0.190625
0 0.74765625 0.565625 0.01875 0.078125
0 0.76796875 0.56171875 0.0203125 0.075
0 0.85859375 0.60546875 0.0265625 0.1234375
0 0.7234375 0.56640625 0.0234375 0.090625