0 0.05 0.71328125 0.0234375 0.1609375
0 0.67109375 0.534375 0.0109375 0.05
0 0.02890625 0.73515625 0.0171875 0.15
0 0.0140625 0.74453125 0.025 0.153125
0 0.72265625 0.52265625 0.0109375 0.0546875
0 0.82109375 0.56328125 0.01875 0.09375
0 0.7875 0.56484375 0.0171875 0.0828125
0 0.71328125 0.51953125 0.0125 0.05
0 0.70234375 0.5203125 0.015625 0.0546875
0 0.775 0.7359375 0.040625 0.1953125
0 0.8453125 0.7109375 0.04375 0.190625
0 0.81171875 0.56875 0.0171875 0.09375
0 0.73515625 0.6796875 0.0546875 0.1953125
0 0.7484375 0.5734375 0.0203125 0.08125
0 0.7671875 0.56953125 0.0203125 0.0828125
0 0.86875 0.615625 0.0234375 0.1265625
0 0.72578125 0.57265625 0.025 0.09375