0 0.746875 0.54140625 0.0203125 0.09375
0 0.8109375 0.534375 0.021875 0.075
0 0.865625 0.609375 0.0296875 0.13125
0 0.91484375 0.61015625 0.03125 0.1328125
0 0.78515625 0.51796875 0.015625 0.075
0 0.021875 0.6296875 0.0328125 0.1640625
0 0.078125 0.63515625 0.0328125 0.1515625
0 0.2578125 0.5515625 0.01875 0.0859375
0 0.27890625 0.55546875 0.01875 0.0859375
0 0.33984375 0.52421875 0.0140625 0.06875
0 0.328125 0.52265625 0.0125 0.0625
0 0.35703125 0.51328125 0.0140625 0.0640625
0 0.81015625 0.4859375 0.00625 0.034375
0 0.5625 0.46953125 0.0078125 0.028125
0 0.321875 0.5171875 0.0078125 0.065625
0 0.62890625 0.4734375 0.0078125 0.034375
0 0.67734375 0.4796875 0.009375 0.04375
0 0.4171875 0.48671875 0.0109375 0.0421875
0 0.4359375 0.4953125 0.009375 0.040625
0 0.40625 0.49140625 0.009375 0.04375
0 0.7703125 0.48515625 0.0109375 0.040625