0 0.7796875 0.55703125 0.0234375 0.1109375
0 0.85625 0.540625 0.0171875 0.08125
0 0.95234375 0.65078125 0.0390625 0.1578125
0 0.8234375 0.52109375 0.0171875 0.078125
0 0.23515625 0.565625 0.01875 0.1015625
0 0.259375 0.56640625 0.0203125 0.1046875
0 0.3265625 0.54375 0.0140625 0.0734375
0 0.3125 0.54375 0.0125 0.0703125
0 0.35 0.525 0.0140625 0.065625
0 0.7078125 0.49296875 0.0125 0.0453125
0 0.81640625 0.49453125 0.0078125 0.05
0 0.55703125 0.47890625 0.0078125 0.0265625
0 0.3078125 0.528125 0.0109375 0.0703125
0 0.63671875 0.47734375 0.0078125 0.034375
0 0.415625 0.496875 0.009375 0.0453125
0 0.434375 0.5015625 0.009375 0.046875
0 0.4015625 0.4984375 0.0109375 0.046875
0 0.83515625 0.49375 0.0125 0.0453125
0 0.77578125 0.48671875 0.0125 0.046875