0 0.97109375 0.75859375 0.0578125 0.2734375
0 0.90390625 0.57109375 0.0328125 0.1046875
0 0.834375 0.56015625 0.0234375 0.10625
0 0.0125 0.64375 0.025 0.14375
0 0.09609375 0.5953125 0.021875 0.1203125
0 0.0421875 0.63828125 0.03125 0.153125
0 0.7125 0.5203125 0.0125 0.05
0 0.66328125 0.53046875 0.015625 0.075
0 0.3859375 0.4890625 0.0078125 0.03125
0 0.03671875 0.58671875 0.0234375 0.1140625
0 0.2421875 0.51875 0.009375 0.0546875
0 0.5359375 0.4890625 0.0078125 0.0390625
0 0.73671875 0.51171875 0.0109375 0.065625
0 0.271875 0.51953125 0.009375 0.059375
0 0.278125 0.52578125 0.0109375 0.0625
0 0.23046875 0.52109375 0.0125 0.0625
0 0.2546875 0.51328125 0.0125 0.05625
0 0.565625 0.50390625 0.0109375 0.046875
0 0.575 0.50703125 0.0125 0.0484375
0 0.6421875 0.50625 0.0109375 0.0515625
0 0.6328125 0.50859375 0.0125 0.0546875
0 0.7421875 0.515625 0.0109375 0.0640625
0 0.7265625 0.51328125 0.0109375 0.0578125
0 0.59453125 0.50625 0.0109375 0.04375
0 0.65234375 0.50625 0.0125 0.0484375