0 0.1046875 0.66953125 0.021875 0.1421875
0 0.0890625 0.68671875 0.0171875 0.13125
0 0.078125 0.69453125 0.01875 0.1296875
0 0.71484375 0.4921875 0.0140625 0.0515625
0 0.7984375 0.53046875 0.0171875 0.090625
0 0.77578125 0.5234375 0.01875 0.0765625
0 0.70234375 0.49375 0.0125 0.0515625
0 0.69140625 0.49296875 0.015625 0.05625
0 0.76875 0.6546875 0.0359375 0.165625
0 0.8421875 0.6359375 0.04375 0.15625
0 0.725 0.61640625 0.0234375 0.1640625
0 0.98671875 0.55625 0.0234375 0.121875
0 0.75234375 0.61953125 0.0359375 0.1703125
0 0.74453125 0.53125 0.0171875 0.06875
0 0.76484375 0.5296875 0.0203125 0.0703125
0 0.821875 0.55546875 0.01875 0.0859375
0 0.71484375 0.52734375 0.025 0.0765625
0 0.73203125 0.5328125 0.0125 0.065625