0 0.7609375 0.5515625 0.0203125 0.1046875
0 0.8296875 0.53984375 0.0203125 0.075
0 0.90234375 0.63125 0.0328125 0.1484375
0 0.9578125 0.628125 0.040625 0.1484375
0 0.80390625 0.52421875 0.015625 0.0765625
0 0.021875 0.6734375 0.034375 0.184375
0 0.246875 0.5609375 0.01875 0.09375
0 0.27109375 0.56875 0.0203125 0.090625
0 0.33359375 0.5359375 0.0140625 0.0703125
0 0.3203125 0.53828125 0.0125 0.0671875
0 0.3546875 0.52109375 0.015625 0.0609375
0 0.821875 0.49609375 0.0109375 0.040625
0 0.70078125 0.4953125 0.0109375 0.046875
0 0.81328125 0.4921875 0.0078125 0.040625
0 0.56015625 0.47421875 0.009375 0.0296875
0 0.315625 0.5265625 0.0078125 0.0703125
0 0.6328125 0.478125 0.0078125 0.034375
0 0.68359375 0.4875 0.0078125 0.0421875
0 0.41640625 0.4953125 0.009375 0.04375
0 0.40390625 0.496875 0.009375 0.0421875
0 0.83203125 0.49296875 0.0125 0.040625