0 0.86796875 0.57421875 0.0359375 0.1234375
0 0.70625 0.56875 0.0265625 0.1203125
0 0.0984375 0.56875 0.015625 0.071875
0 0.6203125 0.5578125 0.0234375 0.0953125
0 0.02421875 0.57109375 0.0109375 0.0703125
0 0.43359375 0.5015625 0.0078125 0.04375
0 0.09140625 0.5765625 0.0125 0.0703125
0 0.03125 0.571875 0.0140625 0.078125
0 0.04375 0.56484375 0.015625 0.0796875
0 0.51875 0.51796875 0.0140625 0.059375
0 0.509375 0.51953125 0.0125 0.0609375
0 0.575 0.5359375 0.0125 0.065625
0 0.5859375 0.52890625 0.0125 0.075
0 0.49765625 0.5171875 0.0125 0.05
0 0.54296875 0.51796875 0.015625 0.065625
0 0.55625 0.51171875 0.0125 0.0609375
0 0.46484375 0.5203125 0.0125 0.0546875