0 0.92265625 0.684375 0.046875 0.20625
0 0.875 0.5578125 0.01875 0.103125
0 0.03828125 0.60390625 0.028125 0.1375
0 0.07109375 0.61015625 0.0375 0.1359375
0 0.14921875 0.596875 0.025 0.1140625
0 0.125 0.60078125 0.01875 0.10625
0 0.20234375 0.56640625 0.0203125 0.1
0 0.18125 0.59140625 0.0234375 0.1234375
0 0.77578125 0.51953125 0.0125 0.05
0 0.69609375 0.5265625 0.0125 0.065625
0 0.76015625 0.515625 0.0109375 0.053125
0 0.45390625 0.48203125 0.0078125 0.03125
0 0.14765625 0.546875 0.0140625 0.0859375
0 0.315625 0.503125 0.0078125 0.04375
0 0.58515625 0.48828125 0.009375 0.040625
0 0.33359375 0.5109375 0.009375 0.059375
0 0.34453125 0.515625 0.0109375 0.0578125
0 0.303125 0.50859375 0.009375 0.0578125
0 0.325 0.503125 0.0109375 0.0546875
0 0.75546875 0.51171875 0.0125 0.05625
0 0.6125 0.50078125 0.0109375 0.04375
0 0.6203125 0.50390625 0.0125 0.0453125
0 0.65234375 0.50703125 0.0125 0.05
0 0.68828125 0.51328125 0.0125 0.05
0 0.10625 0.59375 0.0171875 0.0953125
0 0.7984375 0.51171875 0.0125 0.0578125
0 0.77890625 0.51328125 0.0125 0.053125
0 0.703125 0.5015625 0.0125 0.0484375