0 0.73359375 0.53046875 0.01875 0.09375
0 0.7921875 0.51953125 0.01875 0.075
0 0.82578125 0.58515625 0.028125 0.1140625
0 0.87734375 0.58828125 0.03125 0.1140625
0 0.77109375 0.50859375 0.0171875 0.075
0 0.0375 0.73359375 0.0234375 0.0984375
0 0.08515625 0.61171875 0.025 0.14375
0 0.13203125 0.62109375 0.0234375 0.1453125
0 0.26953125 0.5484375 0.01875 0.0859375
0 0.2875 0.55546875 0.015625 0.0890625
0 0.34453125 0.52109375 0.0140625 0.065625
0 0.3359375 0.52265625 0.0125 0.0609375
0 0.359375 0.51171875 0.0109375 0.0546875
0 0.56484375 0.46953125 0.00625 0.025
0 0.328125 0.515625 0.0078125 0.065625
0 0.625 0.46875 0.0078125 0.0328125
0 0.671875 0.47578125 0.0109375 0.04375
0 0.41796875 0.4875 0.009375 0.0421875
0 0.4375 0.49296875 0.009375 0.0390625
0 0.4078125 0.4890625 0.009375 0.04375
0 0.76640625 0.48046875 0.0125 0.040625