0 0.140625 0.6234375 0.0203125 0.1109375
0 0.59609375 0.503125 0.0125 0.0515625
0 0.13046875 0.6359375 0.0171875 0.103125
0 0.12421875 0.6453125 0.0171875 0.1046875
0 0.70703125 0.59296875 0.0265625 0.1171875
0 0.74765625 0.5734375 0.025 0.1140625
0 0.840625 0.53828125 0.0171875 0.096875
0 0.72578125 0.56171875 0.0265625 0.1046875
0 0.03671875 0.64140625 0.0265625 0.1125
0 0.6859375 0.53046875 0.015625 0.08125
0 0.6484375 0.521875 0.021875 0.059375
0 0.6375 0.51796875 0.0125 0.046875
0 0.671875 0.5265625 0.0140625 0.06875
0 0.66171875 0.5265625 0.0125 0.0640625