0 0.878125 0.61328125 0.0328125 0.1609375
0 0.93671875 0.55859375 0.0234375 0.09375
0 0.9015625 0.53671875 0.0203125 0.09375
0 0.159375 0.57109375 0.025 0.1203125
0 0.184375 0.578125 0.025 0.1203125
0 0.26796875 0.55390625 0.021875 0.0953125
0 0.2515625 0.55703125 0.0171875 0.09375
0 0.30234375 0.5359375 0.0171875 0.0890625
0 0.290625 0.54921875 0.0171875 0.1015625
0 0.8265625 0.50234375 0.0125 0.0453125
0 0.728125 0.50546875 0.0125 0.0578125
0 0.8140625 0.503125 0.0109375 0.05
0 0.5234375 0.46875 0.00625 0.0296875
0 0.384375 0.4859375 0.0078125 0.0390625
0 0.63515625 0.475 0.009375 0.0375
0 0.396875 0.4921875 0.0109375 0.0515625
0 0.4109375 0.49921875 0.0109375 0.0515625
0 0.37265625 0.49140625 0.009375 0.0546875
0 0.821875 0.4984375 0.0125 0.0546875
0 0.6578125 0.48828125 0.0125 0.04375
0 0.66953125 0.49140625 0.0109375 0.0453125
0 0.71171875 0.49296875 0.0125 0.0453125
0 0.74140625 0.4984375 0.0125 0.0453125
0 0.23515625 0.55078125 0.015625 0.0765625
0 0.83359375 0.50078125 0.0140625 0.046875