0 0.81171875 0.58046875 0.0265625 0.125
0 0.8890625 0.5515625 0.0171875 0.0859375
0 0.8578125 0.5359375 0.01875 0.084375
0 0.2203125 0.56875 0.0203125 0.1046875
0 0.24296875 0.5734375 0.021875 0.10625
0 0.31875 0.5453125 0.015625 0.0796875
0 0.30390625 0.54765625 0.015625 0.078125
0 0.34140625 0.53359375 0.015625 0.0828125
0 0.32578125 0.53671875 0.0140625 0.0796875
0 0.83203125 0.50078125 0.0125 0.04375
0 0.71953125 0.503125 0.0109375 0.0546875
0 0.55234375 0.4765625 0.0078125 0.0265625
0 0.2953125 0.53046875 0.0078125 0.08125
0 0.64296875 0.47890625 0.009375 0.0375
0 0.87578125 0.4984375 0.0140625 0.0515625
0 0.415625 0.4984375 0.009375 0.046875
0 0.434375 0.50390625 0.0109375 0.05
0 0.39921875 0.496875 0.0109375 0.0453125
0 0.728125 0.49453125 0.0109375 0.0421875