0 0.784375 0.55390625 0.0234375 0.1140625
0 0.859375 0.53984375 0.01875 0.08125
0 0.96328125 0.65546875 0.040625 0.159375
0 0.828125 0.5171875 0.0171875 0.0796875
0 0.23359375 0.56328125 0.01875 0.1046875
0 0.2578125 0.565625 0.0203125 0.1046875
0 0.32578125 0.5390625 0.0140625 0.0734375
0 0.31171875 0.5390625 0.0125 0.0703125
0 0.3484375 0.52265625 0.015625 0.0703125
0 0.709375 0.4921875 0.0109375 0.046875
0 0.81640625 0.490625 0.0078125 0.0546875
0 0.55625 0.47265625 0.0078125 0.025
0 0.30625 0.5234375 0.0109375 0.0703125
0 0.63671875 0.471875 0.009375 0.034375
0 0.415625 0.49296875 0.009375 0.046875
0 0.434375 0.496875 0.009375 0.0484375
0 0.4015625 0.49296875 0.0109375 0.0453125
0 0.8359375 0.4890625 0.0125 0.0453125
0 0.77578125 0.484375 0.0109375 0.046875