0 0.43359375 0.50546875 0.0140625 0.059375
0 0.56796875 0.56953125 0.025 0.1203125
0 0.51640625 0.5734375 0.0171875 0.109375
0 0.53125 0.578125 0.0203125 0.125
0 0.36015625 0.9203125 0.0703125 0.159375
0 0.30859375 0.89296875 0.08125 0.2140625
0 0.40390625 0.50078125 0.0125 0.0609375
0 0.546875 0.5734375 0.021875 0.1203125
0 0.8328125 0.63828125 0.0390625 0.1890625
0 0.215625 0.82421875 0.0640625 0.3140625
0 0.44375 0.571875 0.021875 0.1109375
0 0.48125 0.571875 0.03125 0.10625
0 0.7359375 0.6875 0.0453125 0.1921875
0 0.7640625 0.65390625 0.04375 0.171875
0 0.45390625 0.559375 0.025 0.109375