0 0.03984375 0.72265625 0.025 0.1640625
0 0.6703125 0.53671875 0.0109375 0.05
0 0.01640625 0.74609375 0.01875 0.153125
0 0.00703125 0.75390625 0.0140625 0.1546875
0 0.7234375 0.5265625 0.0109375 0.0546875
0 0.82421875 0.56875 0.0203125 0.090625
0 0.79921875 0.56953125 0.0171875 0.0859375
0 0.790625 0.571875 0.0171875 0.0859375
0 0.7140625 0.5265625 0.0125 0.0515625
0 0.7046875 0.5234375 0.015625 0.05625
0 0.77734375 0.753125 0.0421875 0.2
0 0.84296875 0.72109375 0.0390625 0.1953125
0 0.7125 0.68203125 0.034375 0.184375
0 0.81484375 0.57578125 0.0171875 0.09375
0 0.73203125 0.690625 0.040625 0.196875
0 0.7484375 0.58125 0.0203125 0.0828125
0 0.76796875 0.5765625 0.01875 0.084375
0 0.875 0.62578125 0.0265625 0.1265625
0 0.7265625 0.5765625 0.025 0.0953125