0 0.8515625 0.56875 0.0265625 0.115625
0 0.734375 0.559375 0.0265625 0.10625
0 0.1671875 0.534375 0.0140625 0.0625
0 0.62109375 0.53828125 0.0203125 0.0890625
0 0.1171875 0.5328125 0.009375 0.0625
0 0.46328125 0.4875 0.0109375 0.04375
0 0.16015625 0.5375 0.0109375 0.065625
0 0.16328125 0.546875 0.0125 0.0625
0 0.109375 0.54140625 0.0125 0.0671875
0 0.1296875 0.5328125 0.0140625 0.065625
0 0.49609375 0.50703125 0.0109375 0.0546875
0 0.55546875 0.50703125 0.0125 0.0578125
0 0.54609375 0.509375 0.0109375 0.059375
0 0.64375 0.51640625 0.015625 0.06875
0 0.59140625 0.5046875 0.0125 0.0578125
0 0.603125 0.50234375 0.015625 0.059375
0 0.50625 0.50859375 0.0109375 0.05625