0 0.14296875 0.64375 0.0203125 0.121875
0 0.625 0.515625 0.0125 0.053125
0 0.1328125 0.65546875 0.0171875 0.1140625
0 0.1234375 0.6625 0.0171875 0.1109375
0 0.03828125 0.6578125 0.025 0.1125
0 0.6765625 0.5046875 0.0125 0.046875
0 0.6640625 0.50859375 0.0125 0.0546875
0 0.64921875 0.503125 0.0125 0.0484375
0 0.73515625 0.615625 0.028125 0.125
0 0.79140625 0.59921875 0.028125 0.125
0 0.7171875 0.59921875 0.034375 0.1296875
0 0.89375 0.5515625 0.0171875 0.096875
0 0.0296875 0.6578125 0.025 0.121875
0 0.7140625 0.54140625 0.01875 0.084375
0 0.7328125 0.53359375 0.0171875 0.0625
0 0.77265625 0.5609375 0.015625 0.0953125
0 0.675 0.534375 0.01875 0.0578125
0 0.70234375 0.53828125 0.0140625 0.059375
0 0.69296875 0.53671875 0.0125 0.059375