0 0.85859375 0.565625 0.03125 0.125
0 0.7078125 0.565625 0.0234375 0.1203125
0 0.109375 0.56328125 0.015625 0.06875
0 0.61796875 0.55078125 0.0234375 0.0953125
0 0.58125 0.53203125 0.0125 0.065625
0 0.040625 0.56484375 0.0125 0.06875
0 0.4375 0.49765625 0.009375 0.0453125
0 0.10390625 0.5703125 0.0125 0.06875
0 0.0453125 0.5671875 0.0140625 0.075
0 0.059375 0.559375 0.0140625 0.078125
0 0.5234375 0.5140625 0.0171875 0.05625
0 0.51328125 0.51640625 0.0125 0.0609375
0 0.50234375 0.5140625 0.0109375 0.0484375
0 0.55 0.51328125 0.015625 0.0625
0 0.5625 0.5109375 0.0140625 0.059375
0 0.4703125 0.51640625 0.0125 0.0515625