0 0.1234375 0.6421875 0.0203125 0.134375
0 0.65234375 0.49609375 0.0125 0.053125
0 0.1109375 0.65859375 0.0171875 0.1265625
0 0.1015625 0.665625 0.01875 0.1234375
0 0.01015625 0.6578125 0.0203125 0.121875
0 0.70703125 0.48359375 0.0140625 0.053125
0 0.7640625 0.5140625 0.01875 0.0734375
0 0.69375 0.49296875 0.0125 0.053125
0 0.68203125 0.484375 0.015625 0.053125
0 0.759375 0.625 0.0390625 0.15
0 0.8375 0.6109375 0.0234375 0.1515625
0 0.72734375 0.5984375 0.05 0.1484375
0 0.778125 0.51953125 0.0125 0.0796875
0 0.96171875 0.54375 0.0203125 0.1140625
0 0.75234375 0.59765625 0.0390625 0.1546875
0 0.00546875 0.6609375 0.0109375 0.13125
0 0.740625 0.521875 0.015625 0.0640625
0 0.8 0.54453125 0.01875 0.0875
0 0.70859375 0.5203125 0.0234375 0.0703125
0 0.72421875 0.52421875 0.0125 0.0609375