0 0.8578125 0.59296875 0.028125 0.140625
0 0.9265625 0.5515625 0.0234375 0.090625
0 0.8953125 0.5359375 0.0203125 0.0921875
0 0.190625 0.5765625 0.0234375 0.11875
0 0.21484375 0.5796875 0.025 0.1171875
0 0.2953125 0.55390625 0.0171875 0.090625
0 0.2796875 0.55546875 0.015625 0.08125
0 0.325 0.53828125 0.015625 0.084375
0 0.3125 0.55078125 0.01875 0.09375
0 0.73125 0.49921875 0.0125 0.0546875
0 0.82421875 0.496875 0.0109375 0.05
0 0.53984375 0.471875 0.0078125 0.028125
0 0.4 0.48984375 0.0078125 0.0453125
0 0.64453125 0.47421875 0.009375 0.0390625
0 0.8703125 0.4921875 0.015625 0.0546875
0 0.409375 0.49375 0.009375 0.0515625
0 0.4265625 0.4984375 0.009375 0.05
0 0.390625 0.4984375 0.0109375 0.0515625
0 0.8359375 0.49453125 0.009375 0.0546875
0 0.66640625 0.48515625 0.0125 0.04375
0 0.678125 0.48671875 0.0109375 0.0453125
0 0.725 0.4890625 0.0125 0.046875
0 0.26484375 0.55 0.015625 0.0703125
0 0.778125 0.4875 0.0125 0.046875