0 0.78828125 0.55625 0.0234375 0.1140625
0 0.8625 0.54140625 0.0203125 0.0828125
0 0.9734375 0.66171875 0.0421875 0.1640625
0 0.8328125 0.51953125 0.0171875 0.08125
0 0.23125 0.5609375 0.01875 0.1046875
0 0.25546875 0.56328125 0.0203125 0.1046875
0 0.31015625 0.5375 0.0140625 0.0703125
0 0.346875 0.52265625 0.015625 0.075
0 0.7109375 0.49140625 0.0109375 0.05
0 0.81875 0.48984375 0.009375 0.0453125
0 0.5546875 0.46953125 0.00625 0.0265625
0 0.3046875 0.51953125 0.0109375 0.0703125
0 0.6375 0.4703125 0.0078125 0.0375
0 0.415625 0.490625 0.009375 0.046875
0 0.43515625 0.49453125 0.009375 0.05
0 0.4015625 0.48984375 0.0109375 0.0453125
0 0.83671875 0.49140625 0.0125 0.0453125
0 0.7765625 0.48359375 0.0109375 0.046875