0 0.909375 0.57265625 0.0359375 0.134375
0 0.71484375 0.5734375 0.0265625 0.1265625
0 0.08046875 0.578125 0.015625 0.075
0 0.63515625 0.56953125 0.0265625 0.1125
0 0.4328125 0.50234375 0.009375 0.046875
0 0.07265625 0.590625 0.0125 0.075
0 0.0078125 0.58203125 0.015625 0.0859375
0 0.01328125 0.58359375 0.0171875 0.0796875
0 0.5171875 0.51953125 0.0125 0.059375
0 0.50703125 0.5234375 0.0125 0.0609375
0 0.56171875 0.540625 0.015625 0.06875
0 0.57734375 0.534375 0.015625 0.0796875
0 0.590625 0.53359375 0.015625 0.08125
0 0.53359375 0.5203125 0.0171875 0.065625
0 0.5515625 0.51796875 0.0125 0.0625
0 0.46171875 0.52109375 0.0109375 0.05625