0 0.0296875 0.7359375 0.025 0.1671875
0 0.6703125 0.5390625 0.0109375 0.05
0 0.00703125 0.75703125 0.0140625 0.15625
0 0.7234375 0.53125 0.0109375 0.05625
0 0.828125 0.5734375 0.0203125 0.090625
0 0.8015625 0.5734375 0.01875 0.0859375
0 0.7921875 0.5765625 0.015625 0.0890625
0 0.7140625 0.53125 0.0109375 0.0546875
0 0.70703125 0.52734375 0.015625 0.05625
0 0.7796875 0.76953125 0.04375 0.2078125
0 0.8390625 0.7328125 0.0453125 0.2
0 0.71015625 0.690625 0.0359375 0.1875
0 0.81796875 0.58203125 0.0171875 0.09375
0 0.72734375 0.69921875 0.03125 0.203125
0 0.7484375 0.5828125 0.01875 0.084375
0 0.76875 0.58203125 0.0234375 0.084375
0 0.8828125 0.63203125 0.0265625 0.1296875
0 0.72734375 0.58046875 0.025 0.096875