0 0.7375 0.54609375 0.0171875 0.0890625
0 0.7984375 0.53046875 0.01875 0.0734375
0 0.8421875 0.6 0.0296875 0.121875
0 0.890625 0.603125 0.0359375 0.125
0 0.77734375 0.51875 0.015625 0.078125
0 0.01015625 0.7484375 0.0203125 0.1
0 0.06328125 0.61640625 0.025 0.15
0 0.1125 0.63359375 0.0296875 0.14375
0 0.26328125 0.55625 0.0171875 0.0859375
0 0.284375 0.55546875 0.015625 0.0890625
0 0.3421875 0.525 0.0140625 0.065625
0 0.3328125 0.528125 0.0125 0.0609375
0 0.3578125 0.51875 0.0140625 0.065625
0 0.5640625 0.475 0.0078125 0.0265625
0 0.325 0.521875 0.0078125 0.0671875
0 0.62578125 0.47734375 0.0078125 0.034375
0 0.67421875 0.48203125 0.0109375 0.04375
0 0.4171875 0.4921875 0.009375 0.0421875
0 0.4359375 0.5 0.009375 0.040625
0 0.4078125 0.49453125 0.009375 0.04375
0 0.7671875 0.4890625 0.015625 0.0421875