0 0.89609375 0.57734375 0.0375 0.1296875
0 0.7109375 0.57265625 0.0265625 0.125
0 0.084375 0.57109375 0.0140625 0.075
0 0.62890625 0.56796875 0.0265625 0.109375
0 0.003125 0.5796875 0.00625 0.071875
0 0.4328125 0.50390625 0.0078125 0.0484375
0 0.07734375 0.584375 0.0140625 0.075
0 0.01328125 0.58046875 0.015625 0.0828125
0 0.02265625 0.57109375 0.0140625 0.0828125
0 0.5171875 0.51953125 0.0125 0.059375
0 0.50703125 0.5234375 0.0125 0.0609375
0 0.5640625 0.53984375 0.0140625 0.0671875
0 0.57890625 0.53359375 0.0140625 0.0796875
0 0.53515625 0.52265625 0.0171875 0.0640625
0 0.5515625 0.51796875 0.0125 0.059375
0 0.4625 0.52421875 0.0125 0.0578125