0 0.75703125 0.559375 0.021875 0.109375
0 0.18984375 0.53828125 0.0140625 0.0671875
0 0.6265625 0.53671875 0.01875 0.0859375
0 0.14296875 0.53671875 0.009375 0.0578125
0 0.4765625 0.490625 0.0109375 0.04375
0 0.1875 0.54375 0.0125 0.059375
0 0.1359375 0.53671875 0.0125 0.0671875
0 0.1578125 0.5328125 0.0125 0.0625
0 0.5078125 0.50703125 0.0109375 0.0546875
0 0.5171875 0.50703125 0.0109375 0.0546875
0 0.57265625 0.50625 0.0171875 0.0546875
0 0.56171875 0.509375 0.0125 0.0578125
0 0.6625 0.515625 0.015625 0.06875
0 0.60859375 0.50390625 0.009375 0.0609375
0 0.525 0.50625 0.0125 0.046875