0 0.85078125 0.57109375 0.0296875 0.1203125
0 0.71875 0.5609375 0.0265625 0.1140625
0 0.1375 0.5484375 0.0140625 0.0671875
0 0.61796875 0.546875 0.0203125 0.096875
0 0.24921875 0.49921875 0.0078125 0.034375
0 0.44921875 0.4921875 0.009375 0.0421875
0 0.13359375 0.55625 0.0125 0.065625
0 0.07734375 0.55390625 0.0125 0.0671875
0 0.09609375 0.54375 0.0140625 0.071875
0 0.48515625 0.51328125 0.0140625 0.05625
0 0.53828125 0.5109375 0.0125 0.05625
0 0.528125 0.51171875 0.0109375 0.059375
0 0.56875 0.509375 0.015625 0.065625
0 0.58125 0.50625 0.015625 0.0578125
0 0.49609375 0.5109375 0.0125 0.059375