0 0.31484375 0.509375 0.0140625 0.0609375
0 0.4484375 0.58125 0.0265625 0.125
0 0.390625 0.58671875 0.0203125 0.1171875
0 0.40859375 0.596875 0.028125 0.14375
0 0.29375 0.50625 0.0140625 0.0640625
0 0.42578125 0.59140625 0.021875 0.1265625
0 0.7 0.659375 0.04375 0.1953125
0 0.31328125 0.58359375 0.025 0.1125
0 0.3484375 0.5765625 0.0234375 0.125
0 0.6125 0.7234375 0.0515625 0.209375
0 0.06328125 0.9015625 0.046875 0.196875
0 0.65703125 0.678125 0.046875 0.1828125
0 0.3296875 0.5640625 0.025 0.109375