0 0.6359375 0.51328125 0.0109375 0.0546875
0 0.7515625 0.56875 0.0234375 0.1109375
0 0.7078125 0.57265625 0.0125 0.1046875
0 0.7171875 0.571875 0.0234375 0.103125
0 0.62578125 0.51640625 0.015625 0.065625
0 0.67734375 0.8671875 0.0640625 0.265625
0 0.6625 0.83515625 0.059375 0.2859375
0 0.5359375 0.73828125 0.04375 0.240625
0 0.74140625 0.56953125 0.01875 0.09375
0 0.55625 0.75234375 0.0546875 0.2625
0 0.6453125 0.5765625 0.0234375 0.109375
0 0.678125 0.5765625 0.0265625 0.1125
0 0.89453125 0.65390625 0.0359375 0.16875
0 0.9203125 0.64140625 0.0453125 0.1515625
0 0.88359375 0.62265625 0.03125 0.153125