0 0.965625 0.74296875 0.0609375 0.2640625
0 0.90703125 0.56953125 0.0328125 0.103125
0 0.840625 0.559375 0.025 0.10625
0 0.028125 0.6375 0.0296875 0.1375
0 0.11015625 0.590625 0.0234375 0.11875
0 0.06171875 0.63203125 0.028125 0.15
0 0.71953125 0.5203125 0.0125 0.05
0 0.6671875 0.5296875 0.015625 0.071875
0 0.39375 0.48671875 0.0078125 0.03125
0 0.05 0.5828125 0.021875 0.115625
0 0.25234375 0.51640625 0.009375 0.0546875
0 0.01484375 0.61875 0.025 0.1484375
0 0.5421875 0.4890625 0.0078125 0.040625
0 0.2796875 0.51953125 0.009375 0.059375
0 0.2859375 0.52421875 0.0109375 0.0609375
0 0.2390625 0.51796875 0.0109375 0.0609375
0 0.2625 0.5140625 0.0109375 0.05625
0 0.57109375 0.503125 0.0109375 0.046875
0 0.57890625 0.50625 0.0125 0.05
0 0.6484375 0.50703125 0.0109375 0.0515625
0 0.6390625 0.50859375 0.0125 0.0546875
0 0.7484375 0.5140625 0.0109375 0.0625
0 0.70546875 0.5078125 0.0125 0.059375
0 0.7328125 0.51328125 0.0109375 0.05625
0 0.6015625 0.50625 0.009375 0.04375
0 0.6578125 0.50625 0.0125 0.046875