0 0.85234375 0.57109375 0.0265625 0.1171875
0 0.7265625 0.56171875 0.0265625 0.1125
0 0.61953125 0.54375 0.0203125 0.090625
0 0.1015625 0.5390625 0.0109375 0.0609375
0 0.45625 0.48984375 0.0109375 0.046875
0 0.15078125 0.54921875 0.0125 0.0640625
0 0.09375 0.54609375 0.0125 0.0671875
0 0.1140625 0.534375 0.015625 0.0703125
0 0.48984375 0.50859375 0.0125 0.0546875
0 0.54765625 0.509375 0.0125 0.0578125
0 0.53828125 0.5109375 0.0109375 0.059375
0 0.58046875 0.50703125 0.015625 0.0609375
0 0.59140625 0.503125 0.015625 0.059375
0 0.5 0.50625 0.0140625 0.059375