0 0.0953125 0.68515625 0.021875 0.1453125
0 0.078125 0.70390625 0.01875 0.1359375
0 0.06640625 0.7109375 0.01875 0.134375
0 0.7171875 0.49921875 0.0125 0.0515625
0 0.803125 0.54375 0.0171875 0.09375
0 0.78125 0.534375 0.01875 0.078125
0 0.7046875 0.50078125 0.0140625 0.0515625
0 0.6953125 0.503125 0.015625 0.05625
0 0.7703125 0.675 0.03125 0.171875
0 0.84609375 0.65390625 0.046875 0.1609375
0 0.71875 0.63359375 0.0328125 0.1609375
0 0.9921875 0.56953125 0.015625 0.1265625
0 0.75078125 0.63828125 0.05625 0.1734375
0 0.7453125 0.54140625 0.0171875 0.0703125
0 0.765625 0.5421875 0.0234375 0.075
0 0.83203125 0.565625 0.021875 0.0859375
0 0.7171875 0.5390625 0.0234375 0.08125
0 0.73515625 0.540625 0.0125 0.0671875