0 0.1375 0.64921875 0.01875 0.125
0 0.64296875 0.5109375 0.0125 0.053125
0 0.125 0.66171875 0.0171875 0.1234375
0 0.11640625 0.66953125 0.015625 0.1171875
0 0.0265625 0.66328125 0.0265625 0.121875
0 0.69765625 0.4984375 0.0109375 0.0515625
0 0.68359375 0.5015625 0.0125 0.0546875
0 0.671875 0.4984375 0.015625 0.053125
0 0.7578125 0.63046875 0.0296875 0.1375
0 0.821875 0.61171875 0.0265625 0.1421875
0 0.73125 0.60625 0.0234375 0.140625
0 0.76484375 0.534375 0.015625 0.0765625
0 0.934375 0.55703125 0.0234375 0.109375
0 0.015625 0.6625 0.028125 0.1296875
0 0.7328125 0.53828125 0.0171875 0.075
0 0.753125 0.53125 0.015625 0.0609375
0 0.8109375 0.60078125 0.0234375 0.1390625
0 0.696875 0.53515625 0.0203125 0.071875
0 0.7140625 0.534375 0.0125 0.059375