0 0.840625 0.57734375 0.028125 0.1359375
0 0.9109375 0.54921875 0.025 0.0890625
0 0.88203125 0.53359375 0.0203125 0.0875
0 0.20078125 0.56796875 0.0234375 0.109375
0 0.22890625 0.57109375 0.0234375 0.1140625
0 0.3046875 0.54609375 0.0171875 0.084375
0 0.290625 0.54921875 0.015625 0.078125
0 0.33359375 0.5328125 0.015625 0.0828125
0 0.31875 0.5390625 0.015625 0.0859375
0 0.728125 0.49609375 0.0125 0.0546875
0 0.825 0.50078125 0.0109375 0.0515625
0 0.54609375 0.47109375 0.0078125 0.0296875
0 0.64453125 0.4734375 0.009375 0.0359375
0 0.87421875 0.48984375 0.009375 0.0484375
0 0.4125 0.49375 0.009375 0.046875
0 0.43046875 0.4984375 0.009375 0.05
0 0.3953125 0.49140625 0.0109375 0.0453125
0 0.665625 0.48046875 0.0109375 0.046875
0 0.6765625 0.4859375 0.009375 0.04375
0 0.278125 0.54296875 0.015625 0.06875
0 0.7796875 0.48828125 0.0109375 0.0484375