0 0.871875 0.6078125 0.0296875 0.1546875
0 0.89921875 0.5359375 0.0203125 0.09375
0 0.171875 0.571875 0.0265625 0.121875
0 0.1984375 0.57421875 0.0265625 0.11875
0 0.27890625 0.55390625 0.021875 0.09375
0 0.2640625 0.55546875 0.015625 0.090625
0 0.3109375 0.5359375 0.0171875 0.0890625
0 0.3 0.54765625 0.01875 0.1
0 0.83046875 0.50546875 0.0109375 0.0453125
0 0.7296875 0.5046875 0.0125 0.0546875
0 0.81953125 0.50546875 0.0109375 0.05
0 0.53125 0.471875 0.009375 0.034375
0 0.390625 0.48828125 0.0078125 0.0390625
0 0.6390625 0.4765625 0.0078125 0.0390625
0 0.40078125 0.49375 0.0109375 0.05
0 0.4171875 0.49921875 0.009375 0.0515625
0 0.3796875 0.49296875 0.0109375 0.053125
0 0.66171875 0.4875 0.0125 0.04375
0 0.6734375 0.48984375 0.009375 0.046875
0 0.71796875 0.49296875 0.0125 0.046875
0 0.24765625 0.55234375 0.015625 0.0703125