0 0.07265625 0.69921875 0.0234375 0.153125
0 0.05390625 0.71796875 0.01875 0.14375
0 0.040625 0.72578125 0.021875 0.1453125
0 0.72109375 0.5125 0.0109375 0.0515625
0 0.8140625 0.54921875 0.0171875 0.090625
0 0.79140625 0.5484375 0.0171875 0.08125
0 0.7109375 0.51171875 0.0125 0.053125
0 0.70078125 0.5109375 0.015625 0.05625
0 0.775 0.70625 0.040625 0.18125
0 0.84375 0.67890625 0.046875 0.178125
0 0.72109375 0.65234375 0.0328125 0.175
0 0.80546875 0.5546875 0.01875 0.0875
0 0.73671875 0.65703125 0.0359375 0.1890625
0 0.74765625 0.55546875 0.01875 0.075
0 0.76796875 0.553125 0.01875 0.075
0 0.721875 0.559375 0.0234375 0.0890625