0 0.64609375 0.51484375 0.0109375 0.0546875
0 0.76171875 0.56953125 0.0234375 0.1125
0 0.7171875 0.57109375 0.0140625 0.103125
0 0.72734375 0.57109375 0.0234375 0.1015625
0 0.63671875 0.51796875 0.0140625 0.065625
0 0.69140625 0.86484375 0.0609375 0.2703125
0 0.553125 0.7328125 0.04375 0.2390625
0 0.7515625 0.56953125 0.01875 0.09375
0 0.57578125 0.746875 0.046875 0.25625
0 0.65703125 0.57734375 0.0234375 0.109375
0 0.68984375 0.5765625 0.0265625 0.1140625
0 0.89921875 0.6484375 0.034375 0.165625
0 0.928125 0.64375 0.046875 0.1484375