0 0.85234375 0.57109375 0.0265625 0.11875
0 0.72109375 0.56171875 0.0265625 0.1140625
0 0.14140625 0.546875 0.0140625 0.06875
0 0.61796875 0.54609375 0.0203125 0.0953125
0 0.25390625 0.49921875 0.0078125 0.0359375
0 0.45 0.49375 0.0109375 0.0453125
0 0.13828125 0.5546875 0.0125 0.065625
0 0.08203125 0.55234375 0.0125 0.0671875
0 0.10078125 0.54140625 0.0140625 0.071875
0 0.4859375 0.5109375 0.0125 0.0546875
0 0.540625 0.509375 0.0125 0.05625
0 0.53125 0.51171875 0.0109375 0.059375
0 0.571875 0.50859375 0.015625 0.0640625
0 0.584375 0.50546875 0.015625 0.059375
0 0.49609375 0.50859375 0.0140625 0.0609375