0 0.97265625 0.76484375 0.0546875 0.278125
0 0.90234375 0.57109375 0.0328125 0.1046875
0 0.8328125 0.56015625 0.0234375 0.10625
0 0.009375 0.64375 0.01875 0.14375
0 0.09140625 0.59609375 0.0234375 0.121875
0 0.0359375 0.63984375 0.03125 0.153125
0 0.71015625 0.51953125 0.0125 0.05
0 0.66171875 0.53203125 0.0171875 0.0734375
0 0.38359375 0.48828125 0.0078125 0.03125
0 0.0328125 0.5828125 0.0234375 0.109375
0 0.23828125 0.51796875 0.009375 0.0546875
0 0.53359375 0.48828125 0.009375 0.0390625
0 0.73359375 0.51171875 0.0125 0.065625
0 0.26953125 0.51953125 0.0109375 0.059375
0 0.275 0.52578125 0.0109375 0.0609375
0 0.22734375 0.521875 0.0125 0.0640625
0 0.2515625 0.51328125 0.0109375 0.05625
0 0.56328125 0.50390625 0.0109375 0.046875
0 0.5734375 0.50703125 0.0125 0.05
0 0.640625 0.50625 0.0109375 0.0515625
0 0.63046875 0.50859375 0.0125 0.0546875
0 0.73984375 0.515625 0.0109375 0.0640625
0 0.725 0.51328125 0.0109375 0.0578125
0 0.5921875 0.50625 0.0109375 0.04375
0 0.65 0.50625 0.0125 0.0484375