0 0.021875 0.74453125 0.025 0.16875
0 0.72421875 0.53359375 0.0125 0.0578125
0 0.82890625 0.5734375 0.0203125 0.090625
0 0.803125 0.57265625 0.01875 0.0828125
0 0.7859375 0.58203125 0.0125 0.0875
0 0.79375 0.5765625 0.01875 0.0890625
0 0.71484375 0.534375 0.0109375 0.0546875
0 0.7078125 0.52890625 0.015625 0.05625
0 0.78046875 0.77421875 0.04375 0.215625
0 0.83359375 0.73828125 0.0578125 0.2015625
0 0.70703125 0.69296875 0.0328125 0.1890625
0 0.8203125 0.58671875 0.0171875 0.09375
0 0.725 0.70390625 0.028125 0.20625
0 0.7484375 0.584375 0.01875 0.0859375
0 0.77109375 0.5859375 0.0234375 0.0828125
0 0.88828125 0.6328125 0.0265625 0.13125
0 0.728125 0.58359375 0.0265625 0.096875