0 0.88359375 0.578125 0.0390625 0.1296875
0 0.7078125 0.571875 0.0265625 0.121875
0 0.0890625 0.56796875 0.0140625 0.0734375
0 0.62421875 0.56328125 0.025 0.109375
0 0.00859375 0.57578125 0.0109375 0.071875
0 0.4328125 0.50390625 0.0078125 0.04375
0 0.08203125 0.58359375 0.0140625 0.071875
0 0.0203125 0.5765625 0.015625 0.08125
0 0.03046875 0.56875 0.015625 0.08125
0 0.5171875 0.52109375 0.0125 0.059375
0 0.50703125 0.5234375 0.0125 0.0609375
0 0.56796875 0.5390625 0.015625 0.06875
0 0.58203125 0.5375 0.015625 0.0796875
0 0.5359375 0.51953125 0.0140625 0.065625
0 0.553125 0.51875 0.0125 0.0625
0 0.4625 0.52109375 0.0125 0.05625