0 0.90625 0.57421875 0.0359375 0.134375
0 0.71328125 0.57265625 0.0265625 0.1265625
0 0.08125 0.5734375 0.015625 0.075
0 0.63359375 0.56875 0.0265625 0.1109375
0 0.4328125 0.50234375 0.009375 0.046875
0 0.07421875 0.58828125 0.0140625 0.075
0 0.00859375 0.58046875 0.015625 0.0859375
0 0.01640625 0.57421875 0.015625 0.08125
0 0.5171875 0.51953125 0.0125 0.059375
0 0.50703125 0.5234375 0.0125 0.0609375
0 0.5625 0.540625 0.015625 0.06875
0 0.57734375 0.53359375 0.015625 0.0796875
0 0.590625 0.53359375 0.015625 0.08125
0 0.534375 0.51953125 0.015625 0.0640625
0 0.5515625 0.51796875 0.0125 0.0625
0 0.46171875 0.52109375 0.0125 0.05625