0 0.9515625 0.57265625 0.0390625 0.1375
0 0.7265625 0.575 0.028125 0.1296875
0 0.07109375 0.584375 0.0171875 0.0828125
0 0.6515625 0.57578125 0.0296875 0.1234375
0 0.4375 0.503125 0.009375 0.046875
0 0.06328125 0.5953125 0.0140625 0.0796875
0 0.00390625 0.5921875 0.0078125 0.084375
0 0.51953125 0.51953125 0.0125 0.0609375
0 0.51015625 0.52265625 0.0109375 0.065625
0 0.5625 0.5421875 0.0203125 0.0734375
0 0.2015625 0.5125 0.0078125 0.034375
0 0.5765625 0.5390625 0.01875 0.08125
0 0.59375 0.53515625 0.0203125 0.0875
0 0.5328125 0.5203125 0.015625 0.065625
0 0.553125 0.51796875 0.0125 0.065625
0 0.46640625 0.5203125 0.0125 0.059375