0 0.63046875 0.51171875 0.0109375 0.0546875
0 0.74609375 0.56796875 0.025 0.1140625
0 0.7015625 0.57265625 0.0125 0.10625
0 0.71171875 0.57265625 0.0234375 0.1046875
0 0.61953125 0.51640625 0.015625 0.0671875
0 0.671875 0.86875 0.0640625 0.2625
0 0.65234375 0.83984375 0.059375 0.2890625
0 0.52734375 0.740625 0.0421875 0.24375
0 0.54921875 0.75390625 0.0578125 0.265625
0 0.63828125 0.5765625 0.025 0.109375
0 0.671875 0.575 0.0265625 0.109375
0 0.8890625 0.65703125 0.0359375 0.1734375
0 0.915625 0.64140625 0.04375 0.1515625
0 0.8796875 0.6234375 0.03125 0.153125