0 0.765625 0.56171875 0.021875 0.10625
0 0.83671875 0.54453125 0.0203125 0.0765625
0 0.915625 0.65 0.034375 0.15
0 0.9734375 0.64609375 0.0421875 0.153125
0 0.809375 0.53359375 0.0171875 0.075
0 0.01171875 0.684375 0.0234375 0.184375
0 0.24296875 0.56640625 0.01875 0.0953125
0 0.26796875 0.57421875 0.0203125 0.090625
0 0.33125 0.5421875 0.0140625 0.0703125
0 0.31875 0.54375 0.0125 0.06875
0 0.35234375 0.52578125 0.015625 0.059375
0 0.8234375 0.50625 0.0125 0.0453125
0 0.70390625 0.503125 0.0109375 0.0453125
0 0.559375 0.484375 0.00625 0.025
0 0.3140625 0.53125 0.0078125 0.0703125
0 0.634375 0.484375 0.0078125 0.034375
0 0.68515625 0.4921875 0.0078125 0.0421875
0 0.41640625 0.50078125 0.009375 0.0421875
0 0.4359375 0.50625 0.009375 0.04375
0 0.40390625 0.49921875 0.009375 0.040625
0 0.8328125 0.50078125 0.0109375 0.0453125