0 0.7859375 0.5546875 0.0234375 0.1140625
0 0.8609375 0.540625 0.0203125 0.08125
0 0.96875 0.6578125 0.0421875 0.159375
0 0.83046875 0.51875 0.0171875 0.0796875
0 0.23203125 0.56171875 0.01875 0.1046875
0 0.2578125 0.559375 0.0203125 0.1046875
0 0.325 0.53671875 0.0140625 0.075
0 0.3109375 0.5375 0.0140625 0.0703125
0 0.34765625 0.52265625 0.015625 0.0734375
0 0.71015625 0.4921875 0.0109375 0.05
0 0.8203125 0.49296875 0.0109375 0.0515625
0 0.55625 0.4703125 0.0078125 0.025
0 0.30625 0.51796875 0.0109375 0.0703125
0 0.63828125 0.47265625 0.009375 0.034375
0 0.415625 0.490625 0.009375 0.046875
0 0.43515625 0.4953125 0.009375 0.0484375
0 0.4015625 0.49140625 0.0109375 0.0453125
0 0.8359375 0.490625 0.0125 0.0453125
0 0.77734375 0.4875 0.0109375 0.046875