0 0.77578125 0.56171875 0.0234375 0.109375
0 0.85234375 0.54296875 0.0171875 0.08125
0 0.94140625 0.646875 0.0359375 0.15625
0 0.9890625 0.653125 0.021875 0.15625
0 0.81875 0.52578125 0.015625 0.075
0 0.23671875 0.5765625 0.01875 0.1
0 0.26328125 0.578125 0.01875 0.1
0 0.328125 0.54921875 0.0140625 0.071875
0 0.3140625 0.5484375 0.0125 0.0703125
0 0.35 0.5359375 0.015625 0.0671875
0 0.82421875 0.50078125 0.0109375 0.04375
0 0.70546875 0.50078125 0.0125 0.0453125
0 0.55703125 0.4859375 0.0078125 0.0265625
0 0.30859375 0.5390625 0.009375 0.071875
0 0.63515625 0.4859375 0.0078125 0.034375
0 0.41484375 0.5078125 0.009375 0.04375
0 0.43515625 0.51328125 0.009375 0.046875
0 0.40234375 0.50703125 0.0109375 0.046875
0 0.834375 0.49921875 0.0109375 0.0453125
0 0.77421875 0.49140625 0.0125 0.046875