0 0.85078125 0.58359375 0.028125 0.1390625
0 0.92265625 0.54921875 0.01875 0.090625
0 0.890625 0.534375 0.0203125 0.090625
0 0.19453125 0.5765625 0.021875 0.1140625
0 0.22265625 0.57578125 0.025 0.109375
0 0.2984375 0.54921875 0.015625 0.0859375
0 0.28359375 0.55390625 0.015625 0.08125
0 0.3296875 0.540625 0.015625 0.084375
0 0.31484375 0.546875 0.015625 0.0921875
0 0.73125 0.49609375 0.0125 0.0546875
0 0.8265625 0.49921875 0.0109375 0.05
0 0.54296875 0.471875 0.009375 0.0265625
0 0.64453125 0.4734375 0.009375 0.0390625
0 0.8734375 0.4921875 0.0171875 0.053125
0 0.409375 0.49453125 0.009375 0.046875
0 0.428125 0.49921875 0.009375 0.05
0 0.3921875 0.49375 0.0109375 0.05
0 0.66640625 0.4828125 0.0125 0.04375
0 0.678125 0.48203125 0.0109375 0.0453125
0 0.725 0.48671875 0.0125 0.0484375
0 0.271875 0.5453125 0.015625 0.0703125
0 0.77890625 0.4859375 0.0109375 0.0484375