0 0.8796875 0.61484375 0.0328125 0.1609375
0 0.9359375 0.55859375 0.0234375 0.09375
0 0.9015625 0.53671875 0.0203125 0.09375
0 0.15625 0.57109375 0.025 0.1203125
0 0.18203125 0.578125 0.025 0.1203125
0 0.26484375 0.55625 0.021875 0.096875
0 0.24765625 0.5578125 0.0171875 0.09375
0 0.29921875 0.53671875 0.0171875 0.090625
0 0.2875 0.55 0.01875 0.1015625
0 0.82578125 0.50234375 0.0125 0.0453125
0 0.728125 0.50625 0.0125 0.0578125
0 0.8125 0.503125 0.0109375 0.05
0 0.52109375 0.46875 0.00625 0.0296875
0 0.3828125 0.48671875 0.0078125 0.0390625
0 0.634375 0.47578125 0.009375 0.0375
0 0.39609375 0.4921875 0.009375 0.0515625
0 0.409375 0.49921875 0.0109375 0.0515625
0 0.37109375 0.49140625 0.0109375 0.0546875
0 0.65703125 0.48828125 0.0125 0.04375
0 0.66796875 0.49140625 0.0109375 0.0453125
0 0.71015625 0.49296875 0.0125 0.0453125
0 0.73984375 0.4984375 0.0125 0.046875
0 0.23125 0.5515625 0.015625 0.075
0 0.83203125 0.5 0.0140625 0.0484375