0 0.81953125 0.58125 0.028125 0.1296875
0 0.89296875 0.55 0.0234375 0.0859375
0 0.86484375 0.534375 0.01875 0.084375
0 0.2171875 0.571875 0.0203125 0.1046875
0 0.23984375 0.5734375 0.0234375 0.109375
0 0.31484375 0.54765625 0.015625 0.08125
0 0.3 0.553125 0.015625 0.0796875
0 0.340625 0.5359375 0.015625 0.078125
0 0.3234375 0.5390625 0.0140625 0.0796875
0 0.721875 0.503125 0.0109375 0.0546875
0 0.5515625 0.47734375 0.0078125 0.0265625
0 0.64296875 0.48046875 0.009375 0.0375
0 0.87578125 0.50078125 0.0171875 0.0515625
0 0.41484375 0.49921875 0.009375 0.046875
0 0.43359375 0.503125 0.0109375 0.05
0 0.3984375 0.49609375 0.0109375 0.0453125
0 0.728125 0.49375 0.0109375 0.0421875
0 0.2921875 0.54375 0.015625 0.0671875
0 0.77890625 0.49609375 0.0109375 0.0484375