0 0.14140625 0.64609375 0.0203125 0.1265625
0 0.6390625 0.51328125 0.0125 0.053125
0 0.12890625 0.6609375 0.0171875 0.1203125
0 0.1203125 0.66796875 0.015625 0.115625
0 0.03125 0.6625 0.0265625 0.1203125
0 0.69375 0.50546875 0.0109375 0.0546875
0 0.6796875 0.50546875 0.0125 0.0546875
0 0.66640625 0.5015625 0.0125 0.053125
0 0.74765625 0.6265625 0.0328125 0.134375
0 0.8171875 0.609375 0.028125 0.1359375
0 0.7296875 0.60703125 0.0359375 0.1375
0 0.759375 0.53671875 0.0140625 0.075
0 0.92421875 0.55078125 0.0203125 0.0953125
0 0.76015625 0.6046875 0.0359375 0.1484375
0 0.02109375 0.66171875 0.028125 0.1296875
0 0.7296875 0.53984375 0.01875 0.078125
0 0.7484375 0.534375 0.015625 0.065625
0 0.803125 0.60078125 0.01875 0.134375
0 0.7953125 0.5546875 0.0140625 0.078125
0 0.69296875 0.534375 0.021875 0.0703125
0 0.71015625 0.5390625 0.0125 0.059375