0 0.8921875 0.63203125 0.0390625 0.171875
0 0.89765625 0.540625 0.0203125 0.09375
0 0.1234375 0.58671875 0.0265625 0.1234375
0 0.153125 0.58671875 0.0234375 0.121875
0 0.23359375 0.56875 0.0203125 0.103125
0 0.21640625 0.56953125 0.01875 0.096875
0 0.27421875 0.55 0.0203125 0.09375
0 0.26171875 0.5625 0.0203125 0.109375
0 0.81328125 0.5046875 0.0140625 0.046875
0 0.7203125 0.51171875 0.0125 0.0609375
0 0.7984375 0.50546875 0.0125 0.05
0 0.503125 0.47421875 0.0046875 0.03125
0 0.36484375 0.4921875 0.0078125 0.0390625
0 0.62109375 0.47734375 0.009375 0.040625
0 0.378125 0.50078125 0.0109375 0.053125
0 0.3921875 0.50546875 0.009375 0.053125
0 0.35390625 0.49921875 0.009375 0.0578125
0 0.64609375 0.490625 0.0125 0.04375
0 0.653125 0.490625 0.0109375 0.04375
0 0.69609375 0.49765625 0.0109375 0.046875
0 0.7359375 0.49765625 0.0109375 0.05
0 0.19921875 0.56796875 0.015625 0.0828125
0 0.840625 0.50078125 0.0125 0.0546875