0 0.1328125 0.6484375 0.0203125 0.1296875
0 0.646875 0.50703125 0.0125 0.053125
0 0.1203125 0.6625 0.0171875 0.125
0 0.1109375 0.66796875 0.0171875 0.1203125
0 0.7015625 0.4921875 0.0109375 0.0515625
0 0.6875 0.496875 0.0125 0.0546875
0 0.6765625 0.4953125 0.015625 0.0546875
0 0.7578125 0.628125 0.028125 0.14375
0 0.82734375 0.61171875 0.025 0.1453125
0 0.7296875 0.60703125 0.0265625 0.146875
0 0.7703125 0.52890625 0.015625 0.0765625
0 0.94609375 0.55625 0.021875 0.1140625
0 0.01328125 0.66328125 0.0265625 0.1328125
0 0.7359375 0.53828125 0.015625 0.078125
0 0.75546875 0.534375 0.015625 0.0703125
0 0.703125 0.5328125 0.0234375 0.0703125
0 0.71796875 0.5296875 0.0125 0.059375