0 0.8546875 0.56796875 0.034375 0.1203125
0 0.7109375 0.56171875 0.025 0.1171875
0 0.11796875 0.55703125 0.015625 0.0671875
0 0.615625 0.55234375 0.0203125 0.1015625
0 0.5875 0.528125 0.0125 0.0640625
0 0.2328125 0.50390625 0.0078125 0.0359375
0 0.440625 0.496875 0.009375 0.0453125
0 0.11484375 0.565625 0.0125 0.0671875
0 0.05625 0.56328125 0.0125 0.071875
0 0.07265625 0.5546875 0.0140625 0.0765625
0 0.47890625 0.51640625 0.0140625 0.059375
0 0.528125 0.51328125 0.0140625 0.05625
0 0.5171875 0.5140625 0.0125 0.059375
0 0.50546875 0.5125 0.009375 0.0515625
0 0.55625 0.5109375 0.015625 0.0609375
0 0.5671875 0.509375 0.015625 0.059375