0 0.84921875 0.56953125 0.034375 0.1203125
0 0.71640625 0.5609375 0.0265625 0.1140625
0 0.13359375 0.5515625 0.0140625 0.0671875
0 0.61796875 0.5484375 0.0203125 0.096875
0 0.2453125 0.49921875 0.009375 0.034375
0 0.07578125 0.54921875 0.0109375 0.065625
0 0.446875 0.49375 0.0109375 0.0453125
0 0.12890625 0.55859375 0.0125 0.0671875
0 0.07265625 0.55625 0.0125 0.06875
0 0.090625 0.54609375 0.0140625 0.071875
0 0.4828125 0.5140625 0.0140625 0.0578125
0 0.53515625 0.5109375 0.0125 0.0546875
0 0.525 0.5125 0.0109375 0.0609375
0 0.565625 0.509375 0.015625 0.0640625
0 0.578125 0.50703125 0.015625 0.059375
0 0.4953125 0.51171875 0.0125 0.059375