0 0.98515625 0.784375 0.0296875 0.29375
0 0.89375 0.5734375 0.0296875 0.1109375
0 0.8171875 0.56171875 0.021875 0.109375
0 0.05625 0.6 0.0234375 0.1265625
0 0.6921875 0.5171875 0.0125 0.0515625
0 0.65390625 0.53125 0.0171875 0.075
0 0.69765625 0.5140625 0.0109375 0.053125
0 0.00390625 0.58203125 0.0078125 0.0984375
0 0.21796875 0.51640625 0.009375 0.0546875
0 0.5203125 0.4859375 0.009375 0.04375
0 0.715625 0.51328125 0.015625 0.065625
0 0.25 0.52109375 0.0109375 0.059375
0 0.25390625 0.52890625 0.0125 0.0640625
0 0.20703125 0.5203125 0.0125 0.0625
0 0.22890625 0.5140625 0.0125 0.059375
0 0.55078125 0.50390625 0.009375 0.05
0 0.56015625 0.50546875 0.0125 0.0484375
0 0.6234375 0.5046875 0.0109375 0.0546875
0 0.61328125 0.50859375 0.0125 0.0546875
0 0.725 0.515625 0.0109375 0.065625
0 0.66875 0.50625 0.0109375 0.0578125
0 0.678125 0.50703125 0.0125 0.059375
0 0.709375 0.51328125 0.0109375 0.059375
0 0.5765625 0.50390625 0.009375 0.0453125
0 0.63125 0.50703125 0.0125 0.05