0 0.90390625 0.65234375 0.0421875 0.184375
0 0.890625 0.553125 0.0203125 0.0953125
0 0.09765625 0.59921875 0.0296875 0.1296875
0 0.12265625 0.60546875 0.0296875 0.128125
0 0.20625 0.58671875 0.021875 0.1046875
0 0.1859375 0.58828125 0.0171875 0.1015625
0 0.2484375 0.5640625 0.0171875 0.096875
0 0.2359375 0.58125 0.021875 0.1140625
0 0.7984375 0.51328125 0.0109375 0.0515625
0 0.7109375 0.52109375 0.0140625 0.0625
0 0.784375 0.51171875 0.0125 0.05
0 0.48515625 0.484375 0.00625 0.0265625
0 0.346875 0.50234375 0.0078125 0.04375
0 0.6078125 0.48515625 0.0078125 0.040625
0 0.3625 0.5078125 0.0109375 0.0546875
0 0.375 0.515625 0.0109375 0.05625
0 0.334375 0.5109375 0.009375 0.053125
0 0.634375 0.4984375 0.0125 0.04375
0 0.640625 0.5 0.0109375 0.0453125
0 0.68046875 0.50390625 0.0125 0.046875
0 0.72109375 0.50546875 0.0125 0.05
0 0.16640625 0.58046875 0.015625 0.0890625
0 0.825 0.50859375 0.0140625 0.0578125
0 0.80390625 0.51015625 0.0109375 0.05