0 0.8625 0.56796875 0.034375 0.1203125
0 0.7078125 0.56796875 0.0265625 0.11875
0 0.10546875 0.5640625 0.015625 0.0703125
0 0.61953125 0.55625 0.0234375 0.09375
0 0.57890625 0.53359375 0.0125 0.065625
0 0.0359375 0.56640625 0.0140625 0.0703125
0 0.4375 0.49765625 0.009375 0.0453125
0 0.1 0.57265625 0.0125 0.0703125
0 0.040625 0.56875 0.0125 0.075
0 0.05390625 0.56171875 0.015625 0.078125
0 0.52109375 0.51484375 0.015625 0.0578125
0 0.51171875 0.5171875 0.0125 0.0609375
0 0.5 0.51484375 0.0109375 0.0484375
0 0.54765625 0.51484375 0.015625 0.0625
0 0.56015625 0.5109375 0.0140625 0.059375
0 0.46875 0.51796875 0.0125 0.0515625